   0.0000000E+00   3.9523545E+06   2.1883435E+06   6.1406981E+06   1.5437536E-02   2.5735319E-03   1.0740287E-02
   1.4492754E-02   4.2077118E+06   2.0269456E+06   6.2346574E+06   7.1415034E-03   2.7082507E-03   4.1084976E-03
   2.8985507E-02   4.0682883E+06   2.0474045E+06   6.1156928E+06   1.4292913E-03   1.1434604E-03   6.0110216E-04
   4.3478261E-02   3.5641408E+06   1.7551707E+06   5.3193115E+06   1.9320253E-03   1.7605182E-03   1.6941071E-03
   5.7971014E-02   2.5711900E+06   1.2479923E+06   3.8191823E+06   2.2721292E-03   1.3913876E-03   1.8268224E-03
   7.2463768E-02   1.4965300E+06   7.4894694E+05   2.2454769E+06   3.3326969E-03   2.8540604E-03   1.2895828E-03
   8.6956522E-02   8.4058256E+05   4.1182989E+05   1.2524124E+06   2.4711648E-03   2.0852581E-03   2.3050110E-03
   1.0144928E-01   4.4706464E+05   2.2309933E+05   6.7016397E+05   6.5030708E-03   1.4915483E-03   4.6187402E-03
   1.1594203E-01   1.3838166E+05   7.2363853E+04   2.1074552E+05   2.6930094E-02   2.4788802E-03   1.8210527E-02
   1.3043478E-01   4.5464201E+03   2.2732101E+03   6.8196302E+03   1.0685563E-01   2.3185223E-02   7.3034969E-02
   1.4492754E-01   2.0458890E+03   8.3351035E+02   2.8793994E+03   1.8015108E-01   4.9278913E-02   1.3936861E-01
   1.5942029E-01   1.5843585E+03   8.9550699E+02   2.4798655E+03   1.2532372E-01   6.8779313E-02   9.5786387E-02
   1.7391304E-01   1.0734603E+03   6.3144724E+02   1.7049075E+03   1.1452783E-01   1.1987793E-01   1.1626531E-01
   1.8840580E-01   3.4972462E+02   5.8287437E+01   4.0801206E+02   3.1956672E-01   1.1602758E-07   2.7391434E-01
   2.0289855E-01   2.1649620E+02   5.4124049E+01   2.7062024E+02   3.8102171E-01   4.7425129E-01   3.8790529E-01
   2.1739130E-01   2.0206312E+02   3.5361045E+02   5.5567357E+02   2.3499890E-01   2.4986674E-02   9.4032379E-02
   2.3188406E-01   1.4207563E+02   4.7358543E+01   1.8943417E+02   3.7115468E-01   2.1801299E-05   2.7837121E-01
   2.4637681E-01   1.3371824E+02   8.9145492E+01   2.2286373E+02   2.5713477E-01   1.8282431E-05   1.5428816E-01
   2.6086957E-01   2.1048241E+02   4.2096482E+01   2.5257889E+02   2.1761553E-01   5.7508638E-06   1.8134714E-01
   2.7536232E-01   1.9940439E+02   0.0000000E+00   1.9940439E+02   2.0856753E-01   0.0000000E+00   2.0856753E-01
   2.8985507E-01   7.5773668E+01   0.0000000E+00   7.5773668E+01   1.6702084E-01   0.0000000E+00   1.6702084E-01
   3.0434783E-01   3.6082699E+01   0.0000000E+00   3.6082699E+01   2.5661498E-01   0.0000000E+00   2.5661498E-01
   3.1884058E-01   3.4442577E+01   0.0000000E+00   3.4442577E+01   4.3421859E-01   0.0000000E+00   4.3421859E-01
   3.3333333E-01   6.5890146E+01   6.5890146E+01   1.3178029E+02   4.0759541E-01   3.6100879E-06   2.0379944E-01
   3.4782609E-01   0.0000000E+00   0.0000000E+00   0.0000000E+00   0.0000000E+00   0.0000000E+00   0.0000000E+00
   3.6231884E-01   0.0000000E+00   3.0309467E+01   3.0309467E+01   0.0000000E+00   2.7218887E-01   2.7218887E-01
   3.7681159E-01   0.0000000E+00   5.8287437E+01   5.8287437E+01   0.0000000E+00   1.1605380E-01   1.1605380E-01
   3.9130435E-01   2.8064322E+01   0.0000000E+00   2.8064322E+01   2.0884764E-01   0.0000000E+00   2.0884764E-01
   4.0579710E-01   0.0000000E+00   0.0000000E+00   0.0000000E+00   0.0000000E+00   0.0000000E+00   0.0000000E+00
   4.2028986E-01   0.0000000E+00   0.0000000E+00   0.0000000E+00   0.0000000E+00   0.0000000E+00   0.0000000E+00
   4.3478261E-01   2.5257889E+01   0.0000000E+00   2.5257889E+01   8.0926188E-02   0.0000000E+00   8.0926188E-02
   4.4927536E-01   0.0000000E+00   0.0000000E+00   0.0000000E+00   0.0000000E+00   0.0000000E+00   0.0000000E+00
   4.6376812E-01   4.7358543E+01   2.3679271E+01   7.1037814E+01   8.9190951E-02   3.1223436E-06   5.9461583E-02
   4.7826087E-01   0.0000000E+00   2.2961718E+01   2.2961718E+01   0.0000000E+00   2.6616502E-05   2.6616502E-05
   4.9275362E-01   2.2286373E+01   2.2286373E+01   4.4572746E+01   4.8599723E-01   9.5946349E-06   2.4300341E-01
   5.0724638E-01   0.0000000E+00   0.0000000E+00   0.0000000E+00   0.0000000E+00   0.0000000E+00   0.0000000E+00
   5.2173913E-01   2.1048241E+01   0.0000000E+00   2.1048241E+01   2.0511867E-06   0.0000000E+00   2.0511867E-06
   5.3623188E-01   0.0000000E+00   0.0000000E+00   0.0000000E+00   0.0000000E+00   0.0000000E+00   0.0000000E+00
   5.5072464E-01   0.0000000E+00   0.0000000E+00   0.0000000E+00   0.0000000E+00   0.0000000E+00   0.0000000E+00
   5.6521739E-01   0.0000000E+00   0.0000000E+00   0.0000000E+00   0.0000000E+00   0.0000000E+00   0.0000000E+00
   5.7971014E-01   0.0000000E+00   0.0000000E+00   0.0000000E+00   0.0000000E+00   0.0000000E+00   0.0000000E+00
   5.9420290E-01   0.0000000E+00   0.0000000E+00   0.0000000E+00   0.0000000E+00   0.0000000E+00   0.0000000E+00
   6.0869565E-01   0.0000000E+00   0.0000000E+00   0.0000000E+00   0.0000000E+00   0.0000000E+00   0.0000000E+00
   6.2318841E-01   0.0000000E+00   0.0000000E+00   0.0000000E+00   0.0000000E+00   0.0000000E+00   0.0000000E+00
   6.3768116E-01   0.0000000E+00   0.0000000E+00   0.0000000E+00   0.0000000E+00   0.0000000E+00   0.0000000E+00
   6.5217391E-01   0.0000000E+00   1.6838593E+01   1.6838593E+01   0.0000000E+00   4.0557277E-06   4.0557277E-06
   6.6666667E-01   0.0000000E+00   0.0000000E+00   0.0000000E+00   0.0000000E+00   0.0000000E+00   0.0000000E+00
   6.8115942E-01   0.0000000E+00   0.0000000E+00   0.0000000E+00   0.0000000E+00   0.0000000E+00   0.0000000E+00
   6.9565217E-01   0.0000000E+00   0.0000000E+00   0.0000000E+00   0.0000000E+00   0.0000000E+00   0.0000000E+00
   7.1014493E-01   0.0000000E+00   0.0000000E+00   0.0000000E+00   0.0000000E+00   0.0000000E+00   0.0000000E+00
   7.2463768E-01   0.0000000E+00   0.0000000E+00   0.0000000E+00   0.0000000E+00   0.0000000E+00   0.0000000E+00
   7.3913043E-01   0.0000000E+00   0.0000000E+00   0.0000000E+00   0.0000000E+00   0.0000000E+00   0.0000000E+00
   7.5362319E-01   0.0000000E+00   0.0000000E+00   0.0000000E+00   0.0000000E+00   0.0000000E+00   0.0000000E+00
   7.6811594E-01   0.0000000E+00   0.0000000E+00   0.0000000E+00   0.0000000E+00   0.0000000E+00   0.0000000E+00
   7.8260870E-01   0.0000000E+00   0.0000000E+00   0.0000000E+00   0.0000000E+00   0.0000000E+00   0.0000000E+00
   7.9710145E-01   0.0000000E+00   0.0000000E+00   0.0000000E+00   0.0000000E+00   0.0000000E+00   0.0000000E+00
   8.1159420E-01   0.0000000E+00   0.0000000E+00   0.0000000E+00   0.0000000E+00   0.0000000E+00   0.0000000E+00
   8.2608696E-01   0.0000000E+00   0.0000000E+00   0.0000000E+00   0.0000000E+00   0.0000000E+00   0.0000000E+00
   8.4057971E-01   0.0000000E+00   0.0000000E+00   0.0000000E+00   0.0000000E+00   0.0000000E+00   0.0000000E+00
   8.5507246E-01   0.0000000E+00   0.0000000E+00   0.0000000E+00   0.0000000E+00   0.0000000E+00   0.0000000E+00
   8.6956522E-01   0.0000000E+00   0.0000000E+00   0.0000000E+00   0.0000000E+00   0.0000000E+00   0.0000000E+00
   8.8405797E-01   0.0000000E+00   0.0000000E+00   0.0000000E+00   0.0000000E+00   0.0000000E+00   0.0000000E+00
   8.9855072E-01   0.0000000E+00   0.0000000E+00   0.0000000E+00   0.0000000E+00   0.0000000E+00   0.0000000E+00
   9.1304348E-01   0.0000000E+00   0.0000000E+00   0.0000000E+00   0.0000000E+00   0.0000000E+00   0.0000000E+00
   9.2753623E-01   0.0000000E+00   0.0000000E+00   0.0000000E+00   0.0000000E+00   0.0000000E+00   0.0000000E+00
   9.4202899E-01   0.0000000E+00   0.0000000E+00   0.0000000E+00   0.0000000E+00   0.0000000E+00   0.0000000E+00
   9.5652174E-01   0.0000000E+00   0.0000000E+00   0.0000000E+00   0.0000000E+00   0.0000000E+00   0.0000000E+00
   9.7101449E-01   0.0000000E+00   0.0000000E+00   0.0000000E+00   0.0000000E+00   0.0000000E+00   0.0000000E+00
   9.8550725E-01   0.0000000E+00   0.0000000E+00   0.0000000E+00   0.0000000E+00   0.0000000E+00   0.0000000E+00
   1.0000000E+00   0.0000000E+00   0.0000000E+00   0.0000000E+00   0.0000000E+00   0.0000000E+00   0.0000000E+00
