   0.0000000E+00   7.4258195E+06   4.2857587E+06   1.1711578E+07   2.8797163E-03   5.3404777E-04   2.0212247E-03
   1.4492754E-02   8.1623396E+06   4.1902839E+06   1.2352623E+07   9.7416418E-04   1.2491903E-03   8.8528661E-04
   2.8985507E-02   6.7968981E+06   3.4961971E+06   1.0292716E+07   8.0244243E-04   5.0599387E-04   6.7094870E-04
   4.3478261E-02   4.0574274E+06   2.0660954E+06   6.1235227E+06   1.9614891E-03   6.2202733E-04   1.5095322E-03
   5.7971014E-02   2.4359340E+06   1.2199561E+06   3.6558901E+06   4.4439020E-04   7.1093819E-04   1.3495286E-04
   7.2463768E-02   6.5271438E+05   2.9945754E+05   9.5217192E+05   3.4671882E-03   5.2768564E-03   3.9870350E-03
   8.6956522E-02   2.3047824E+05   9.9768663E+04   3.3024690E+05   6.0740340E-03   3.8452922E-03   5.0430536E-03
   1.0144928E-01   1.1236153E+05   4.6763178E+04   1.5912470E+05   1.1237517E-02   4.1389744E-03   8.5282477E-03
   1.1594203E-01   2.8225691E+04   1.1744919E+04   3.9970610E+04   9.0412335E-03   4.8917748E-03   6.9328047E-03
   1.3043478E-01   1.3470874E+03   2.5257889E+02   1.5996663E+03   4.4024505E-02   1.4740203E-06   3.7073473E-02
   1.4492754E-01   1.1366050E+03   4.5464201E+02   1.5912470E+03   1.4993212E-01   2.0206699E-06   1.0709492E-01
   1.5942029E-01   1.3088179E+03   2.0665546E+02   1.5154734E+03   1.5501190E-01   2.3373317E-01   1.5940702E-01
   1.7391304E-01   1.1366050E+03   2.5257889E+02   1.3891839E+03   1.5746141E-01   3.7786280E-06   1.2883151E-01
   1.8840580E-01   9.9088643E+02   1.1657487E+02   1.1074613E+03   1.2500106E-01   3.8411318E-05   1.1183903E-01
   2.0289855E-01   7.0361264E+02   1.6237215E+02   8.6598478E+02   2.2737401E-01   1.3200177E-06   1.8474161E-01
   2.1739130E-01   8.5876824E+02   1.0103156E+02   9.5979980E+02   1.7811951E-01   1.2020540E-06   1.5936998E-01
   2.3188406E-01   6.6301960E+02   1.4207563E+02   8.0509523E+02   1.8008174E-01   1.1912755E-01   1.6927358E-01
   2.4637681E-01   3.1200922E+02   4.4572746E+01   3.5658197E+02   2.0676377E-01   3.9075614E-05   1.8092292E-01
   2.6086957E-01   2.5257889E+02   1.6838593E+02   4.2096482E+02   2.2890613E-01   5.4969910E-06   1.3734586E-01
   2.7536232E-01   2.3928527E+02   7.9761756E+01   3.1904702E+02   1.0819907E-01   7.1634763E-06   8.1147514E-02
   2.8985507E-01   3.7886834E+02   7.5773668E+01   4.5464201E+02   1.7808814E-01   9.7017321E-06   1.4840828E-01
   3.0434783E-01   2.5257889E+02   3.6082699E+01   2.8866159E+02   1.3444650E-01   2.1111466E-06   1.1764094E-01
   3.1884058E-01   2.7554061E+02   0.0000000E+00   2.7554061E+02   1.9054981E-01   0.0000000E+00   1.9054981E-01
   3.3333333E-01   1.6472537E+02   0.0000000E+00   1.6472537E+02   9.8253886E-02   0.0000000E+00   9.8253886E-02
   3.4782609E-01   1.5786181E+02   6.3144724E+01   2.2100653E+02   1.8382804E-01   2.1652745E-06   1.3130636E-01
   3.6231884E-01   1.5154734E+02   0.0000000E+00   1.5154734E+02   1.3636863E-01   0.0000000E+00   1.3636863E-01
   3.7681159E-01   1.1657487E+02   0.0000000E+00   1.1657487E+02   1.0712481E-01   0.0000000E+00   1.0712481E-01
   3.9130435E-01   8.4192965E+01   2.8064322E+01   1.1225729E+02   2.6422667E-01   1.4894458E-05   1.9816654E-01
   4.0579710E-01   2.7062024E+01   5.4124049E+01   8.1186073E+01   2.9273297E-01   9.0953147E-06   9.7583582E-02
   4.2028986E-01   7.8386554E+01   0.0000000E+00   7.8386554E+01   2.5256134E-01   0.0000000E+00   2.5256134E-01
   4.3478261E-01   1.7680523E+02   0.0000000E+00   1.7680523E+02   1.1812535E-05   0.0000000E+00   1.1812535E-05
   4.4927536E-01   9.7772475E+01   0.0000000E+00   9.7772475E+01   1.2948463E-01   0.0000000E+00   1.2948463E-01
   4.6376812E-01   9.4717086E+01   0.0000000E+00   9.4717086E+01   1.0650689E-01   0.0000000E+00   1.0650689E-01
   4.7826087E-01   2.2961718E+01   0.0000000E+00   2.2961718E+01   4.2530603E-01   0.0000000E+00   4.2530603E-01
   4.9275362E-01   4.4572746E+01   0.0000000E+00   4.4572746E+01   1.9704880E-06   0.0000000E+00   1.9704880E-06
   5.0724638E-01   4.3299239E+01   2.1649620E+01   6.4948859E+01   1.0416705E-06   8.2589177E-06   3.4390915E-06
   5.2173913E-01   0.0000000E+00   0.0000000E+00   0.0000000E+00   0.0000000E+00   0.0000000E+00   0.0000000E+00
   5.3623188E-01   0.0000000E+00   0.0000000E+00   0.0000000E+00   0.0000000E+00   0.0000000E+00   0.0000000E+00
   5.5072464E-01   0.0000000E+00   0.0000000E+00   0.0000000E+00   0.0000000E+00   0.0000000E+00   0.0000000E+00
   5.6521739E-01   1.9429146E+01   0.0000000E+00   1.9429146E+01   8.3195584E-04   0.0000000E+00   8.3195584E-04
   5.7971014E-01   1.8943417E+01   0.0000000E+00   1.8943417E+01   2.8983857E-01   0.0000000E+00   2.8983857E-01
   5.9420290E-01   0.0000000E+00   0.0000000E+00   0.0000000E+00   0.0000000E+00   0.0000000E+00   0.0000000E+00
   6.0869565E-01   0.0000000E+00   0.0000000E+00   0.0000000E+00   0.0000000E+00   0.0000000E+00   0.0000000E+00
   6.2318841E-01   0.0000000E+00   0.0000000E+00   0.0000000E+00   0.0000000E+00   0.0000000E+00   0.0000000E+00
   6.3768116E-01   0.0000000E+00   0.0000000E+00   0.0000000E+00   0.0000000E+00   0.0000000E+00   0.0000000E+00
   6.5217391E-01   0.0000000E+00   0.0000000E+00   0.0000000E+00   0.0000000E+00   0.0000000E+00   0.0000000E+00
   6.6666667E-01   0.0000000E+00   0.0000000E+00   0.0000000E+00   0.0000000E+00   0.0000000E+00   0.0000000E+00
   6.8115942E-01   0.0000000E+00   0.0000000E+00   0.0000000E+00   0.0000000E+00   0.0000000E+00   0.0000000E+00
   6.9565217E-01   0.0000000E+00   0.0000000E+00   0.0000000E+00   0.0000000E+00   0.0000000E+00   0.0000000E+00
   7.1014493E-01   0.0000000E+00   0.0000000E+00   0.0000000E+00   0.0000000E+00   0.0000000E+00   0.0000000E+00
   7.2463768E-01   0.0000000E+00   0.0000000E+00   0.0000000E+00   0.0000000E+00   0.0000000E+00   0.0000000E+00
   7.3913043E-01   0.0000000E+00   0.0000000E+00   0.0000000E+00   0.0000000E+00   0.0000000E+00   0.0000000E+00
   7.5362319E-01   0.0000000E+00   0.0000000E+00   0.0000000E+00   0.0000000E+00   0.0000000E+00   0.0000000E+00
   7.6811594E-01   0.0000000E+00   0.0000000E+00   0.0000000E+00   0.0000000E+00   0.0000000E+00   0.0000000E+00
   7.8260870E-01   0.0000000E+00   0.0000000E+00   0.0000000E+00   0.0000000E+00   0.0000000E+00   0.0000000E+00
   7.9710145E-01   1.3777031E+01   0.0000000E+00   1.3777031E+01   4.1968607E-01   0.0000000E+00   4.1968607E-01
   8.1159420E-01   0.0000000E+00   0.0000000E+00   0.0000000E+00   0.0000000E+00   0.0000000E+00   0.0000000E+00
   8.2608696E-01   0.0000000E+00   0.0000000E+00   0.0000000E+00   0.0000000E+00   0.0000000E+00   0.0000000E+00
   8.4057971E-01   0.0000000E+00   0.0000000E+00   0.0000000E+00   0.0000000E+00   0.0000000E+00   0.0000000E+00
   8.5507246E-01   0.0000000E+00   0.0000000E+00   0.0000000E+00   0.0000000E+00   0.0000000E+00   0.0000000E+00
   8.6956522E-01   0.0000000E+00   0.0000000E+00   0.0000000E+00   0.0000000E+00   0.0000000E+00   0.0000000E+00
   8.8405797E-01   0.0000000E+00   0.0000000E+00   0.0000000E+00   0.0000000E+00   0.0000000E+00   0.0000000E+00
   8.9855072E-01   0.0000000E+00   0.0000000E+00   0.0000000E+00   0.0000000E+00   0.0000000E+00   0.0000000E+00
   9.1304348E-01   0.0000000E+00   0.0000000E+00   0.0000000E+00   0.0000000E+00   0.0000000E+00   0.0000000E+00
   9.2753623E-01   0.0000000E+00   0.0000000E+00   0.0000000E+00   0.0000000E+00   0.0000000E+00   0.0000000E+00
   9.4202899E-01   0.0000000E+00   0.0000000E+00   0.0000000E+00   0.0000000E+00   0.0000000E+00   0.0000000E+00
   9.5652174E-01   0.0000000E+00   0.0000000E+00   0.0000000E+00   0.0000000E+00   0.0000000E+00   0.0000000E+00
   9.7101449E-01   0.0000000E+00   0.0000000E+00   0.0000000E+00   0.0000000E+00   0.0000000E+00   0.0000000E+00
   9.8550725E-01   0.0000000E+00   0.0000000E+00   0.0000000E+00   0.0000000E+00   0.0000000E+00   0.0000000E+00
   1.0000000E+00   0.0000000E+00   0.0000000E+00   0.0000000E+00   0.0000000E+00   0.0000000E+00   0.0000000E+00
