   0.0000000E+00   6.7590112E+06   5.4314566E+06   1.2190468E+07   8.5769228E-03   1.0430029E-03   4.5197848E-03
   1.4492754E-02   7.1340909E+06   5.2473265E+06   1.2381417E+07   5.6863816E-04   2.2007272E-04   3.5024110E-04
   2.8985507E-02   7.3526979E+06   5.4242581E+06   1.2776577E+07   2.1824771E-03   1.2756113E-04   1.2462580E-03
   4.3478261E-02   7.7645278E+06   5.4658073E+06   1.3231093E+07   1.2610409E-03   2.3101736E-05   7.3848158E-04
   5.7971014E-02   7.8802721E+06   5.3882656E+06   1.3269106E+07   1.2633061E-03   7.9230908E-05   7.6450012E-04
   7.2463768E-02   7.6584447E+06   5.2105005E+06   1.2868642E+07   1.4025208E-03   5.6612517E-05   8.1501281E-04
   8.6956522E-02   7.2612644E+06   4.7267614E+06   1.1988026E+07   1.1304934E-03   2.2203766E-05   6.9512902E-04
   1.0144928E-01   6.6034587E+06   4.1331289E+06   1.0736371E+07   7.2673803E-04   7.5965368E-05   4.8718580E-04
   1.1594203E-01   6.0512852E+06   3.6002911E+06   9.6518604E+06   2.7699373E-03   5.0758197E-05   1.7513485E-03
   1.3043478E-01   5.6079250E+06   3.0482063E+06   8.6560471E+06   7.5723583E-04   1.1974181E-04   4.5044761E-04
   1.4492754E-01   5.0197782E+06   2.4776474E+06   7.4968194E+06   2.7737993E-03   2.5110531E-04   1.7893858E-03
   1.5942029E-01   3.5182403E+06   1.5873895E+06   5.1056987E+06   6.1627215E-04   3.6535474E-04   5.2283219E-04
   1.7391304E-01   1.8455308E+06   6.4016121E+05   2.4856920E+06   1.3809983E-02   9.6245823E-04   1.0487437E-02
   1.8840580E-01   1.0942301E+06   2.3367434E+05   1.3279627E+06   1.4107090E-02   1.8546790E-03   1.1931324E-02
   2.0289855E-01   8.5055943E+05   1.0673262E+05   9.5729205E+05   5.9612016E-03   3.8209732E-03   5.7206497E-03
   2.1739130E-01   7.5788823E+05   6.5417934E+04   8.2330617E+05   1.6758650E-03   3.9993996E-03   1.8572160E-03
   2.3188406E-01   6.8693566E+05   4.7358543E+04   7.3429421E+05   4.6642100E-04   5.3749929E-03   5.9606473E-04
   2.4637681E-01   6.1621822E+05   3.6103924E+04   6.5236671E+05   7.7089060E-04   5.3371649E-03   7.6365053E-04
   2.6086957E-01   5.1345080E+05   2.9972696E+04   5.4342349E+05   5.0762618E-04   5.4268519E-03   5.1507001E-04
   2.7536232E-01   3.9597724E+05   2.3968408E+04   4.1994565E+05   6.8466735E-04   2.4633270E-03   7.2561360E-04
   2.8985507E-01   2.5459953E+05   1.6973302E+04   2.7157283E+05   1.4687828E-03   3.4248798E-03   1.5516393E-03
   3.0434783E-01   1.3267609E+05   1.0139238E+04   1.4281532E+05   1.5334652E-03   1.8767066E-03   1.5099921E-03
   3.1884058E-01   4.0332257E+04   1.9287843E+03   4.2261041E+04   4.6906347E-03   5.5291370E-05   4.4751804E-03
   3.3333333E-01   1.4199327E+04   9.8835220E+01   1.4298162E+04   4.1059846E-03   5.7741154E-07   4.0776026E-03
   3.4782609E-01   1.5375740E+04   3.1572362E+01   1.5407313E+04   3.1976225E-03   1.4835757E-05   3.1910404E-03
   3.6231884E-01   1.4487925E+04   2.7278521E+02   1.4760711E+04   1.9357854E-03   2.6094646E-05   1.9004931E-03
   3.7681159E-01   1.5679321E+04   2.3314975E+02   1.5912470E+04   4.9284649E-03   9.3284380E-06   4.8563083E-03
   3.9130435E-01   1.4649576E+04   5.6128643E+01   1.4705705E+04   5.0851061E-03   1.7340761E-06   5.0656907E-03
   4.0579710E-01   1.4342873E+04   8.1186073E+01   1.4424059E+04   4.1919020E-03   6.4201825E-06   4.1683005E-03
   4.2028986E-01   1.3534745E+04   5.2257702E+01   1.3587003E+04   6.4794397E-03   1.8942773E-05   6.4545750E-03
   4.3478261E-01   1.0178929E+04   5.0515779E+01   1.0229445E+04   2.2577036E-03   4.0312347E-06   2.2465433E-03
   4.4927536E-01   1.1048290E+04   7.3329357E+01   1.1121619E+04   2.3570872E-03   1.4236255E-05   2.3414523E-03
   4.6376812E-01   9.2822744E+03   7.1037814E+01   9.3533122E+03   1.0295166E-03   3.9124619E-06   1.0217272E-03
   4.7826087E-01   8.1054863E+03   2.2961718E+01   8.1284481E+03   2.0898948E-03   7.2946254E-06   2.0839915E-03
   4.9275362E-01   6.8196302E+03   0.0000000E+00   6.8196302E+03   2.6114401E-03   0.0000000E+00   2.6114401E-03
   5.0724638E-01   5.2175583E+03   0.0000000E+00   5.2175583E+03   3.2360690E-03   0.0000000E+00   3.2360690E-03
   5.2173913E-01   4.4201307E+03   0.0000000E+00   4.4201307E+03   1.8392312E-03   0.0000000E+00   1.8392312E-03
   5.3623188E-01   3.2766992E+03   0.0000000E+00   3.2766992E+03   1.3220874E-05   0.0000000E+00   1.3220874E-05
   5.5072464E-01   2.8116019E+03   0.0000000E+00   2.8116019E+03   1.6257950E-05   0.0000000E+00   1.6257950E-05
   5.6521739E-01   1.7874814E+03   0.0000000E+00   1.7874814E+03   1.4880102E-04   0.0000000E+00   1.4880102E-04
   5.7971014E-01   1.6670207E+03   0.0000000E+00   1.6670207E+03   3.3516426E-06   0.0000000E+00   3.3516426E-06
   5.9420290E-01   9.4255051E+02   0.0000000E+00   9.4255051E+02   3.6555614E-06   0.0000000E+00   3.6555614E-06
   6.0869565E-01   8.4794343E+02   0.0000000E+00   8.4794343E+02   2.0917820E-05   0.0000000E+00   2.0917820E-05
   6.2318841E-01   5.6389707E+02   0.0000000E+00   5.6389707E+02   5.1040649E-06   0.0000000E+00   5.1040649E-06
   6.3768116E-01   3.9608963E+02   0.0000000E+00   3.9608963E+02   1.7200366E-05   0.0000000E+00   1.7200366E-05
   6.5217391E-01   2.0206312E+02   0.0000000E+00   2.0206312E+02   2.3317604E-05   0.0000000E+00   2.3317604E-05
   6.6666667E-01   9.8835220E+01   0.0000000E+00   9.8835220E+01   6.5159759E-06   0.0000000E+00   6.5159759E-06
   6.8115942E-01   8.0610286E+01   0.0000000E+00   8.0610286E+01   3.2775375E-06   0.0000000E+00   3.2775375E-06
   6.9565217E-01   6.3144724E+01   0.0000000E+00   6.3144724E+01   5.7102334E-06   0.0000000E+00   5.7102334E-06
   7.1014493E-01   1.5464014E+01   0.0000000E+00   1.5464014E+01   2.2164201E-06   0.0000000E+00   2.2164201E-06
   7.2463768E-01   1.5154734E+01   0.0000000E+00   1.5154734E+01   1.4292452E-06   0.0000000E+00   1.4292452E-06
   7.3913043E-01   1.4857582E+01   0.0000000E+00   1.4857582E+01   7.5214033E-06   0.0000000E+00   7.5214033E-06
   7.5362319E-01   1.4571859E+01   0.0000000E+00   1.4571859E+01   5.7410329E-05   0.0000000E+00   5.7410329E-05
   7.6811594E-01   0.0000000E+00   0.0000000E+00   0.0000000E+00   0.0000000E+00   0.0000000E+00   0.0000000E+00
   7.8260870E-01   0.0000000E+00   0.0000000E+00   0.0000000E+00   0.0000000E+00   0.0000000E+00   0.0000000E+00
   7.9710145E-01   1.3777031E+01   0.0000000E+00   1.3777031E+01   2.7403003E-06   0.0000000E+00   2.7403003E-06
   8.1159420E-01   0.0000000E+00   0.0000000E+00   0.0000000E+00   0.0000000E+00   0.0000000E+00   0.0000000E+00
   8.2608696E-01   0.0000000E+00   0.0000000E+00   0.0000000E+00   0.0000000E+00   0.0000000E+00   0.0000000E+00
   8.4057971E-01   0.0000000E+00   0.0000000E+00   0.0000000E+00   0.0000000E+00   0.0000000E+00   0.0000000E+00
   8.5507246E-01   0.0000000E+00   0.0000000E+00   0.0000000E+00   0.0000000E+00   0.0000000E+00   0.0000000E+00
   8.6956522E-01   0.0000000E+00   0.0000000E+00   0.0000000E+00   0.0000000E+00   0.0000000E+00   0.0000000E+00
   8.8405797E-01   1.2421913E+01   0.0000000E+00   1.2421913E+01   1.7511602E-04   0.0000000E+00   1.7511602E-04
   8.9855072E-01   0.0000000E+00   0.0000000E+00   0.0000000E+00   0.0000000E+00   0.0000000E+00   0.0000000E+00
   9.1304348E-01   0.0000000E+00   0.0000000E+00   0.0000000E+00   0.0000000E+00   0.0000000E+00   0.0000000E+00
   9.2753623E-01   0.0000000E+00   0.0000000E+00   0.0000000E+00   0.0000000E+00   0.0000000E+00   0.0000000E+00
   9.4202899E-01   0.0000000E+00   0.0000000E+00   0.0000000E+00   0.0000000E+00   0.0000000E+00   0.0000000E+00
   9.5652174E-01   0.0000000E+00   0.0000000E+00   0.0000000E+00   0.0000000E+00   0.0000000E+00   0.0000000E+00
   9.7101449E-01   0.0000000E+00   0.0000000E+00   0.0000000E+00   0.0000000E+00   0.0000000E+00   0.0000000E+00
   9.8550725E-01   0.0000000E+00   0.0000000E+00   0.0000000E+00   0.0000000E+00   0.0000000E+00   0.0000000E+00
   1.0000000E+00   0.0000000E+00   0.0000000E+00   0.0000000E+00   0.0000000E+00   0.0000000E+00   0.0000000E+00
