   0.0000000E+00   1.1830942E+06   5.6073470E+05   1.7438289E+06   4.7667617E-03   1.2492024E-04   3.2596862E-03
   5.0000000E-02   3.7566933E+05   1.8099100E+05   5.5666033E+05   6.1527313E-03   7.0658844E-04   3.9295123E-03
   1.0000000E-01   1.8159579E+05   8.8458317E+04   2.7005411E+05   4.4686668E-03   5.0970769E-04   2.8483856E-03
   1.5000000E-01   1.1414593E+05   5.6213526E+04   1.7035945E+05   5.9220997E-03   8.8648547E-04   4.0890516E-03
   2.0000000E-01   8.0373246E+04   3.9677327E+04   1.2005057E+05   4.8973711E-03   4.2343474E-04   3.4159134E-03
   2.5000000E-01   6.0848118E+04   3.0748735E+04   9.1596853E+04   5.5350671E-03   1.0232802E-03   3.8497353E-03
   3.0000000E-01   4.7863197E+04   2.4287044E+04   7.2150241E+04   4.8434934E-03   1.3493427E-03   3.5014401E-03
   3.5000000E-01   3.6869379E+04   1.9216823E+04   5.6086202E+04   6.9328781E-03   1.2034650E-03   4.9428490E-03
   4.0000000E-01   3.0764650E+04   1.5143593E+04   4.5908243E+04   4.2817697E-03   1.3215990E-03   3.2943319E-03
   4.5000000E-01   2.5146481E+04   1.2470674E+04   3.7624229E+04   7.2198237E-03   1.1926644E-03   5.2576450E-03
   5.0000000E-01   2.0849298E+04   1.0848001E+04   3.1697298E+04   1.2306618E-02   1.2814060E-03   8.5265448E-03
   5.5000000E-01   1.7744329E+04   9.1615373E+03   2.6905867E+04   8.3621779E-03   1.0523999E-03   5.8403142E-03
   6.0000000E-01   1.4774884E+04   7.5174185E+03   2.2292302E+04   1.1341069E-02   3.8120096E-04   7.6447104E-03
   6.5000000E-01   1.2296556E+04   6.3808889E+03   1.8677445E+04   1.1615498E-02   1.9687292E-03   8.2186988E-03
   7.0000000E-01   1.0954407E+04   5.2157348E+03   1.6170142E+04   1.6276868E-03   1.9323138E-03   1.6711601E-03
   7.5000000E-01   8.3100101E+03   4.4987797E+03   1.2808790E+04   3.6060561E-03   1.7559763E-03   2.9495732E-03
   8.0000000E-01   7.0067964E+03   3.5809862E+03   1.0587783E+04   9.0217345E-03   4.5420089E-04   6.0842372E-03
   8.5000000E-01   5.6097436E+03   2.7674236E+03   8.3771672E+03   8.2409671E-03   2.6018601E-03   6.3603934E-03
   9.0000000E-01   4.1981537E+03   2.1503601E+03   6.3485138E+03   4.8575217E-03   2.5305035E-03   3.6790110E-03
   9.5000000E-01   2.6972575E+03   1.5211862E+03   4.2184436E+03   1.1595027E-02   1.2222100E-03   7.4791668E-03
   1.0000000E+00   1.3581222E+03   7.9223794E+02   2.1503601E+03   2.4280126E-02   2.1849282E-03   1.5939438E-02
