   0.0000000E+00   5.1184230E+05   2.3122030E+05   7.4306260E+05   5.6327490E-02   5.4062744E-06   3.8801588E-02
   5.0000000E-02   2.0620114E+05   9.7275501E+04   3.0341298E+05   1.7157628E-02   1.5997840E-05   1.1634843E-02
   1.0000000E-01   1.1424142E+05   5.3985357E+04   1.6816311E+05   3.9894072E-03   5.2070635E-05   2.6283079E-03
   1.5000000E-01   8.0787049E+04   4.0807327E+04   1.2155194E+05   8.7365626E-03   1.0519127E-04   5.8113725E-03
   2.0000000E-01   6.1274653E+04   2.9539157E+04   9.0813811E+04   7.9015455E-03   1.9575075E-05   5.3370601E-03
   2.5000000E-01   4.9834596E+04   2.5095551E+04   7.4904682E+04   8.9345308E-03   1.8741503E-04   5.9747920E-03
   3.0000000E-01   4.1306013E+04   2.1093335E+04   6.2399348E+04   9.4261367E-03   7.1283066E-06   6.2421340E-03
   3.5000000E-01   3.6978514E+04   1.8016340E+04   5.4985759E+04   6.6530120E-03   6.7832688E-05   4.4672878E-03
   4.0000000E-01   3.1632045E+04   1.5477818E+04   4.7101905E+04   3.9400415E-03   1.6649282E-05   2.6040948E-03
   4.5000000E-01   2.7770769E+04   1.4479563E+04   4.2243259E+04   1.1516998E-02   4.1166112E-06   7.5793683E-03
   5.0000000E-01   2.4993692E+04   1.2789691E+04   3.7777017E+04   5.4248431E-03   1.4355175E-05   3.6067154E-03
   5.5000000E-01   2.1430937E+04   1.1082971E+04   3.2513908E+04   6.9058544E-03   1.1213617E-06   4.5519091E-03
   6.0000000E-01   1.9103898E+04   1.0207137E+04   2.9305730E+04   3.3816549E-03   7.3881705E-05   2.1859043E-03
   6.5000000E-01   1.7389514E+04   8.6286465E+03   2.6018160E+04   7.5794457E-03   1.8413585E-04   5.0048261E-03
   7.0000000E-01   1.4860524E+04   7.7622139E+03   2.2618191E+04   4.4617245E-03   4.1579986E-05   2.9158420E-03
   7.5000000E-01   1.3445410E+04   6.8500288E+03   2.0295438E+04   5.8491832E-03   3.9772826E-06   3.8749391E-03
   8.0000000E-01   1.1733698E+04   5.9643315E+03   1.7698030E+04   9.4743263E-03   2.0985432E-04   6.2143838E-03
   8.5000000E-01   9.7777307E+03   5.0330410E+03   1.4799537E+04   6.2519520E-03   1.9191721E-06   4.1507617E-03
   9.0000000E-01   7.4307675E+03   4.1521756E+03   1.1582943E+04   1.0419173E-02   2.9474212E-05   6.6761891E-03
   9.5000000E-01   5.8803563E+03   2.9921129E+03   8.8724692E+03   8.8834640E-03   1.7723185E-04   5.9173939E-03
   1.0000000E+00   3.3072790E+03   1.8611304E+03   5.1684094E+03   2.8561357E-02   5.0278913E-04   1.8293257E-02
