   0.0000000E+00   2.2242476E+07   1.3388878E+07   3.5613529E+07   3.0847104E-02   5.7249760E-04   1.9461673E-02
   5.0000000E-02   8.0640627E+05   2.5515720E+05   1.0613725E+06   1.9542139E-01   1.1408340E-02   1.5119596E-01
   1.0000000E-01   1.2767410E+05   3.5937186E+04   1.6361128E+05   2.2912174E-01   2.6468356E-02   1.8460860E-01
   1.5000000E-01   4.0000942E+04   1.1331832E+04   5.1332774E+04   2.4239296E-01   3.9664298E-02   1.9763989E-01
   2.0000000E-01   1.8907607E+04   5.0292962E+03   2.3936903E+04   2.4143317E-01   5.1680871E-02   2.0156500E-01
   2.5000000E-01   9.9312684E+03   2.5846763E+03   1.2515945E+04   2.3303341E-01   6.7192033E-02   1.9878270E-01
   3.0000000E-01   5.8462916E+03   1.8355870E+03   7.6818786E+03   2.3222698E-01   7.4308145E-02   1.9449223E-01
   3.5000000E-01   3.9925154E+03   1.2277667E+03   5.2202821E+03   2.2338235E-01   9.1185492E-02   1.9228979E-01
   4.0000000E-01   2.6101411E+03   5.9683104E+02   3.2069721E+03   2.2007752E-01   1.0963273E-01   1.9951105E-01
   4.5000000E-01   2.0371833E+03   4.3148673E+02   2.4686700E+03   2.2168379E-01   1.1189881E-01   2.0249458E-01
   5.0000000E-01   1.2796057E+03   3.8197186E+02   1.6615776E+03   2.0770705E-01   1.2954659E-01   1.8972635E-01
   5.5000000E-01   9.7807947E+02   2.7779772E+02   1.2558772E+03   2.1767262E-01   1.3923274E-01   2.0031153E-01
   6.0000000E-01   6.2600944E+02   2.1220659E+02   8.3821603E+02   1.9858617E-01   1.4889992E-01   1.8598754E-01
   6.5000000E-01   5.4357534E+02   1.5670641E+02   7.0028175E+02   1.9653935E-01   1.7172017E-01   1.9095253E-01
   7.0000000E-01   4.8655940E+02   1.0458753E+02   5.9114693E+02   1.9275423E-01   1.8326313E-01   1.9106564E-01
   7.5000000E-01   3.0557749E+02   6.7906109E+01   3.7348360E+02   1.9014774E-01   1.9557925E-01   1.9113126E-01
   8.0000000E-01   2.6658453E+02   5.1725357E+01   3.1830989E+02   1.9116906E-01   1.9902442E-01   1.9224996E-01
   8.5000000E-01   2.2094451E+02   6.7406799E+01   2.8835131E+02   1.7988642E-01   2.3729223E-01   1.9329536E-01
   9.0000000E-01   1.3439751E+02   4.2441318E+01   1.7683883E+02   1.8833888E-01   2.5885947E-01   2.0525015E-01
   9.5000000E-01   6.0311347E+01   2.3454413E+01   8.3765760E+01   1.9468956E-01   2.7457430E-01   2.1704758E-01
   1.0000000E+00   3.7725616E+01   0.0000000E+00   3.7725616E+01   1.9864858E-01   0.0000000E+00   1.9864858E-01
