   0.0000000E+00   1.4036193E+06   6.6004738E+05   2.0636667E+06   5.7481814E-03   2.6831669E-04   3.9249870E-03
   5.0000000E-02   4.4219609E+05   2.1403157E+05   6.5622766E+05   6.9964749E-03   3.5957883E-04   4.7661475E-03
   1.0000000E-01   2.0425945E+05   1.0217747E+05   3.0643693E+05   4.9959133E-03   2.8118361E-04   3.2943998E-03
   1.5000000E-01   1.2842743E+05   6.1730897E+04   1.9015833E+05   2.2448125E-03   9.3515474E-05   1.4946600E-03
   2.0000000E-01   8.9285923E+04   4.4149581E+04   1.3343550E+05   2.2299556E-03   8.9431671E-04   1.7827455E-03
   2.5000000E-01   6.4807893E+04   3.0850594E+04   9.5658487E+04   3.0927175E-03   3.2612687E-04   2.0868401E-03
   3.0000000E-01   4.8181506E+04   2.5072209E+04   7.3253715E+04   6.4286411E-03   4.0457028E-04   4.3582973E-03
   3.5000000E-01   3.7997106E+04   1.9580605E+04   5.7577711E+04   2.7410706E-03   4.2450933E-04   1.8426684E-03
   4.0000000E-01   2.9268594E+04   1.4403522E+04   4.3672116E+04   1.4363271E-03   1.0040863E-03   9.9287272E-04
   4.5000000E-01   2.3866168E+04   1.2152364E+04   3.6018532E+04   9.5342060E-03   2.7468501E-04   6.3562854E-03
   5.0000000E-01   1.8939438E+04   1.0141353E+04   2.9080791E+04   5.2321292E-03   3.2911827E-04   3.5222939E-03
   5.5000000E-01   1.5834470E+04   7.8130608E+03   2.3647531E+04   4.7639600E-03   1.9194302E-03   3.8049250E-03
   6.0000000E-01   1.2811973E+04   6.8171367E+03   1.9629110E+04   2.8557386E-03   8.0902393E-04   2.1353479E-03
   6.5000000E-01   1.0357314E+04   5.3378119E+03   1.5695126E+04   8.0088574E-03   1.6834791E-03   5.1171122E-03
   7.0000000E-01   8.5670832E+03   4.4517911E+03   1.3018874E+04   8.6248617E-03   1.8962451E-03   6.2375144E-03
   7.5000000E-01   7.0155499E+03   3.7900097E+03   1.0805560E+04   1.2747291E-02   5.2314583E-04   8.4356091E-03
   8.0000000E-01   5.4709512E+03   2.9682397E+03   8.4391909E+03   1.2488375E-02   2.9987538E-03   9.1369923E-03
   8.5000000E-01   4.3627179E+03   2.1120797E+03   6.4747976E+03   8.0753027E-03   8.5529373E-04   5.7129188E-03
   9.0000000E-01   3.1512679E+03   1.6516746E+03   4.8029425E+03   2.4189879E-03   1.9955331E-03   2.0527036E-03
   9.5000000E-01   2.0472352E+03   1.0688511E+03   3.1160863E+03   6.6728726E-03   3.3176950E-03   3.8828566E-03
   1.0000000E+00   8.8026438E+02   5.0929582E+02   1.3895602E+03   2.9635548E-02   1.4354700E-05   1.8778890E-02
