   0.0000000E+00   5.8874597E+05   2.7807552E+05   8.6682148E+05   1.9267864E-02   4.7750933E-05   1.3075736E-02
   5.0000000E-02   2.1460453E+05   1.0618818E+05   3.2072904E+05   4.1106014E-03   4.4874737E-04   2.5600413E-03
   1.0000000E-01   1.1863409E+05   5.9587611E+04   1.7822171E+05   5.8682404E-03   4.5459620E-04   4.0574077E-03
   1.5000000E-01   8.0341415E+04   3.9597750E+04   1.1991794E+05   2.2810144E-03   1.0162510E-03   1.4814479E-03
   2.0000000E-01   6.2579724E+04   3.0016622E+04   9.2580430E+04   1.7014160E-03   3.6668636E-04   1.1044877E-03
   2.5000000E-01   5.1502540E+04   2.5910425E+04   7.7412964E+04   3.9870278E-03   7.0009765E-04   2.4183883E-03
   3.0000000E-01   4.1783478E+04   2.1507138E+04   6.3290616E+04   5.5867029E-03   1.0869689E-03   4.0228340E-03
   3.5000000E-01   3.6969420E+04   1.8434690E+04   5.5404109E+04   5.7823378E-03   1.2675610E-03   4.2649341E-03
   4.0000000E-01   3.1488805E+04   1.6122396E+04   4.7611201E+04   3.7399354E-03   1.0183642E-03   2.1288947E-03
   4.5000000E-01   2.7459533E+04   1.3821723E+04   4.1281255E+04   5.4442853E-04   7.3580832E-04   2.1272479E-04
   5.0000000E-01   2.5191044E+04   1.2191269E+04   3.7375947E+04   5.3876074E-03   4.6210575E-04   3.4484514E-03
   5.5000000E-01   2.1778184E+04   1.0747299E+04   3.2525483E+04   1.8944865E-03   1.1820977E-03   9.0737496E-04
   6.0000000E-01   1.9560143E+04   9.6076534E+03   2.9167796E+04   5.9541391E-03   3.2061355E-04   3.9690473E-03
   6.5000000E-01   1.7051616E+04   8.1830126E+03   2.5234628E+04   5.9575668E-03   9.9528150E-04   3.9260233E-03
   7.0000000E-01   1.5033321E+04   7.7667612E+03   2.2795535E+04   7.1618922E-03   7.5157010E-04   4.8974948E-03
   7.5000000E-01   1.3186518E+04   6.7524137E+03   1.9938931E+04   2.0243803E-03   1.9683661E-03   1.6344964E-03
   8.0000000E-01   1.1248276E+04   5.7415146E+03   1.6989790E+04   5.0654881E-03   8.2195274E-04   3.6308472E-03
   8.5000000E-01   9.3545658E+03   4.7484345E+03   1.4103000E+04   1.5703479E-03   7.8767165E-04   1.1669789E-03
   9.0000000E-01   7.5580914E+03   4.0708298E+03   1.1628921E+04   6.4601789E-03   1.4127850E-03   4.2635425E-03
   9.5000000E-01   5.1030101E+03   2.5732841E+03   7.6762942E+03   9.4344651E-03   4.9444884E-04   6.1446106E-03
   1.0000000E+00   2.7288196E+03   1.6599271E+03   4.3887467E+03   2.3809073E-02   9.5656830E-04   1.4499733E-02
