   0.0000000E+00   1.3721957E+07   1.0832722E+07   2.4446199E+07   5.6700646E-03   1.4329629E-07   3.1770330E-03
   5.0000000E-02   1.8130931E+05   5.5131272E+04   2.3637692E+05   1.6946236E-01   4.4522888E-04   1.3006619E-01
   1.0000000E-01   8.9572402E+04   2.8902538E+04   1.1844311E+05   1.6796462E-01   3.8055722E-04   1.2699584E-01
   1.5000000E-01   6.0669864E+04   1.7613147E+04   7.8283011E+04   1.7676952E-01   2.7139720E-04   1.3717653E-01
   2.0000000E-01   4.4213243E+04   1.3719156E+04   5.7916484E+04   1.7301824E-01   4.2066186E-04   1.3205684E-01
   2.5000000E-01   3.4339271E+04   1.0402367E+04   4.4703440E+04   1.6824421E-01   9.1280089E-04   1.2916862E-01
   3.0000000E-01   2.7608077E+04   8.3078880E+03   3.5905355E+04   1.7420528E-01   1.1355390E-03   1.3420994E-01
   3.5000000E-01   2.3009257E+04   6.8209261E+03   2.9821089E+04   1.7545756E-01   5.2099809E-04   1.3515483E-01
   4.0000000E-01   1.9472607E+04   6.0876766E+03   2.5544368E+04   1.8501238E-01   3.9990497E-04   1.4094198E-01
   4.5000000E-01   1.6721879E+04   5.0788111E+03   2.1786543E+04   1.9663094E-01   6.6289980E-04   1.5088019E-01
   5.0000000E-01   1.3553635E+04   4.3162821E+03   1.7863551E+04   1.9719699E-01   4.8739250E-04   1.4943457E-01
   5.5000000E-01   1.2072626E+04   3.4319593E+03   1.5504585E+04   2.0146851E-01   9.1213664E-04   1.5684183E-01
   6.0000000E-01   1.0435259E+04   2.9921129E+03   1.3422067E+04   2.2133422E-01   1.5546067E-03   1.7232088E-01
   6.5000000E-01   9.0448978E+03   2.9137597E+03   1.1953760E+04   2.2126767E-01   6.8179794E-04   1.6730912E-01
   7.0000000E-01   7.6485318E+03   2.3282095E+03   9.9721940E+03   2.2376372E-01   8.5007501E-04   1.7181604E-01
   7.5000000E-01   6.5486954E+03   1.9862537E+03   8.5349491E+03   2.4141559E-01   1.7108701E-03   1.8561111E-01
   8.0000000E-01   5.3476061E+03   1.6830635E+03   7.0306696E+03   2.5539876E-01   5.1279318E-06   1.9444280E-01
   8.5000000E-01   4.3290145E+03   1.4529910E+03   5.7782606E+03   2.8013064E-01   9.5973314E-04   2.0988434E-01
   9.0000000E-01   3.3351803E+03   1.1353053E+03   4.4704855E+03   2.8494502E-01   1.1356155E-03   2.1286980E-01
   9.5000000E-01   2.2248186E+03   7.4383994E+02   2.9686585E+03   3.0828956E-01   4.3183132E-05   2.3103237E-01
   1.0000000E+00   9.5571561E+02   3.2695534E+02   1.2826709E+03   3.4702623E-01   2.0281013E-05   2.5856593E-01
