   0.0000000E+00   4.6142201E+05   2.0728340E+05   6.6870541E+05   8.8134853E-02   6.2054909E-04   6.0699715E-02
   5.0000000E-02   1.8442875E+05   9.1673247E+04   2.7610200E+05   3.3913285E-02   4.6784920E-04   2.2779305E-02
   1.0000000E-01   1.0606085E+05   5.2266483E+04   1.5832734E+05   1.8639040E-02   8.7210114E-04   1.2559305E-02
   1.5000000E-01   7.6203387E+04   3.6435872E+04   1.1261804E+05   3.6208028E-03   1.0974226E-03   2.1743359E-03
   2.0000000E-01   5.9969583E+04   2.9475495E+04   8.9429163E+04   6.1146633E-03   7.7295322E-04   3.8726077E-03
   2.5000000E-01   4.9503553E+04   2.5057354E+04   7.4497246E+04   9.3900659E-03   1.7904805E-03   6.5262184E-03
   3.0000000E-01   4.1051365E+04   2.0944791E+04   6.2006766E+04   2.5880289E-03   4.2040901E-04   1.6179358E-03
   3.5000000E-01   3.6605637E+04   1.7670746E+04   5.4267288E+04   3.0831228E-03   8.0620008E-04   2.3320337E-03
   4.0000000E-01   3.1409228E+04   1.5310706E+04   4.6719934E+04   6.6514591E-03   1.3525531E-03   4.4453341E-03
   4.5000000E-01   2.7820284E+04   1.4295651E+04   4.2115935E+04   9.6932446E-04   6.1144615E-04   5.0448845E-04
   5.0000000E-01   2.5286537E+04   1.2681466E+04   3.7955271E+04   7.7157622E-03   1.0032031E-03   5.3771846E-03
   5.5000000E-01   2.2507403E+04   1.1158208E+04   3.3659824E+04   8.1989239E-03   6.1625729E-04   5.4245243E-03
   6.0000000E-01   1.9645025E+04   9.7986393E+03   2.9443664E+04   9.2881638E-03   1.4615773E-03   5.8995982E-03
   6.5000000E-01   1.8094693E+04   9.0008242E+03   2.7095517E+04   8.9931925E-03   1.8703020E-03   6.1341132E-03
   7.0000000E-01   1.5820001E+04   8.0168618E+03   2.3836863E+04   1.1797284E-02   4.6699299E-04   7.9225404E-03
   7.5000000E-01   1.3674593E+04   7.1513621E+03   2.0825955E+04   1.1750094E-02   2.0658809E-03   7.9326407E-03
   8.0000000E-01   1.1841128E+04   6.3104935E+03   1.8151621E+04   1.6270402E-02   1.7921119E-03   9.9929104E-03
   8.5000000E-01   1.0058592E+04   5.5985092E+03   1.5653357E+04   8.7597823E-03   1.3832077E-03   6.1133258E-03
   9.0000000E-01   7.8940852E+03   4.2299847E+03   1.2124070E+04   1.6750182E-02   2.8672740E-03   1.1589792E-02
   9.5000000E-01   6.1014979E+03   3.2735659E+03   9.3750638E+03   2.0159539E-02   3.6425110E-03   1.3851950E-02
   1.0000000E+00   3.6971104E+03   2.0308957E+03   5.7280061E+03   2.6262393E-02   2.1706446E-03   1.7211168E-02
