   0.0000000E+00   5.0725863E+05   7.8838993E+05   1.2956486E+06   1.2098553E-01   3.5298230E-06   4.7368932E-02
   5.0000000E-02   1.9270481E+05   1.0822536E+05   3.0093017E+05   1.0882101E-01   2.2908580E-06   6.9684670E-02
   1.0000000E-01   1.0660198E+05   5.8346202E+04   1.6482086E+05   8.7907695E-02   2.9702410E-05   5.6810749E-02
   1.5000000E-01   7.8707425E+04   4.0552679E+04   1.1923888E+05   7.8456434E-02   2.3662896E-06   5.1822048E-02
   2.0000000E-01   5.9794512E+04   3.0589580E+04   9.0256768E+04   6.2383394E-02   4.6964197E-06   4.1354847E-02
   2.5000000E-01   4.9949187E+04   2.5350199E+04   7.5261189E+04   5.5234289E-02   3.7692797E-06   3.6670681E-02
   3.0000000E-01   4.1666764E+04   2.0382443E+04   6.2027986E+04   4.3336407E-02   6.1246729E-06   2.9089092E-02
   3.5000000E-01   3.6778434E+04   1.7916299E+04   5.4685638E+04   4.7127066E-02   1.0867593E-05   3.1677696E-02
   4.0000000E-01   3.1902608E+04   1.5549438E+04   4.7436131E+04   5.4082973E-02   5.0756593E-06   3.6327446E-02
   4.5000000E-01   2.8032491E+04   1.3758061E+04   4.1769331E+04   3.8846459E-02   3.9366785E-06   2.6033123E-02
   5.0000000E-01   2.4713580E+04   1.2159438E+04   3.6853919E+04   4.8700845E-02   3.6036408E-05   3.2615079E-02
   5.5000000E-01   2.2171730E+04   1.0417414E+04   3.2577570E+04   4.9327165E-02   7.0542883E-06   3.3630600E-02
   6.0000000E-01   1.9400988E+04   9.2522074E+03   2.8626669E+04   4.4422329E-02   2.1452346E-05   3.0115007E-02
   6.5000000E-01   1.7379720E+04   8.0067179E+03   2.5386438E+04   4.7744514E-02   4.7859867E-06   3.2685090E-02
   7.0000000E-01   1.5374368E+04   7.1437833E+03   2.2518151E+04   5.8980770E-02   4.5126842E-05   4.0283804E-02
   7.5000000E-01   1.3500583E+04   6.4680569E+03   1.9964396E+04   7.3403887E-02   3.1119524E-06   4.9654214E-02
   8.0000000E-01   1.1761550E+04   5.2600709E+03   1.7005706E+04   6.7982684E-02   2.4394409E-06   4.6968764E-02
   8.5000000E-01   1.0230854E+04   4.6510692E+03   1.4870689E+04   7.8377652E-02   4.9512357E-06   5.3947811E-02
   9.0000000E-01   8.1593434E+03   3.5686075E+03   1.1720877E+04   8.4599624E-02   4.8448274E-06   5.8862086E-02
   9.5000000E-01   5.9473689E+03   2.6738030E+03   8.6178213E+03   1.0048488E-01   9.5980020E-05   6.9195239E-02
   1.0000000E+00   3.2444030E+03   1.3141090E+03   4.5585120E+03   1.3258575E-01   1.9417456E-05   9.4359707E-02
