   0.0000000E+00   4.3595722E+05   4.7466370E+05   9.1062092E+05   1.2053867E-01   6.3036496E-04   5.8006047E-02
   5.0000000E-02   1.6698537E+05   1.1058085E+05   2.7743890E+05   9.6547027E-02   5.1663440E-04   5.8286927E-02
   1.0000000E-01   9.7943952E+04   5.8473526E+04   1.5635382E+05   6.9185488E-02   5.5844693E-04   4.3317585E-02
   1.5000000E-01   7.4314748E+04   4.2526201E+04   1.1681973E+05   5.7913907E-02   8.3296109E-04   3.6930841E-02
   2.0000000E-01   5.7486765E+04   3.1003383E+04   8.8442402E+04   4.3977094E-02   1.0278871E-03   2.8850943E-02
   2.5000000E-01   4.8841469E+04   2.5006425E+04   7.3809696E+04   3.3012219E-02   7.9893002E-04   2.1995326E-02
   3.0000000E-01   4.2165450E+04   2.1910330E+04   6.4065170E+04   4.0760761E-02   2.2221279E-03   2.7440602E-02
   3.5000000E-01   3.5796220E+04   1.8189136E+04   5.3976262E+04   2.9264741E-02   1.2398529E-03   1.9776919E-02
   4.0000000E-01   3.1480848E+04   1.5827959E+04   4.7284934E+04   3.0899471E-02   1.0457106E-03   2.0933858E-02
   4.5000000E-01   2.7982976E+04   1.4656402E+04   4.2632304E+04   2.7588510E-02   1.3975116E-03   1.8156578E-02
   5.0000000E-01   2.4605354E+04   1.2274029E+04   3.6841186E+04   2.8953487E-02   2.7017206E-03   2.0108835E-02
   5.5000000E-01   2.2582640E+04   1.0753087E+04   3.3318364E+04   2.6145778E-02   8.1040269E-04   1.7969890E-02
   6.0000000E-01   2.0037607E+04   9.6129586E+03   2.9634650E+04   3.3790555E-02   1.6378487E-03   2.3069911E-02
   6.5000000E-01   1.8001648E+04   8.6482348E+03   2.6635192E+04   3.8985455E-02   3.2963646E-03   2.7137509E-02
   7.0000000E-01   1.6170142E+04   7.4575459E+03   2.3623141E+04   3.2334570E-02   2.6858814E-03   2.2893755E-02
   7.5000000E-01   1.3924996E+04   6.2940475E+03   2.0214800E+04   3.7149523E-02   2.5867414E-03   2.6357502E-02
   8.0000000E-01   1.2350424E+04   5.3635216E+03   1.7713945E+04   4.0103637E-02   2.6812547E-03   2.8593905E-02
   8.5000000E-01   1.0328220E+04   4.4937866E+03   1.4818261E+04   5.1893322E-02   4.5812220E-03   3.7429912E-02
   9.0000000E-01   8.9586549E+03   3.5615339E+03   1.2520189E+04   5.1678064E-02   4.2922695E-03   3.8123610E-02
   9.5000000E-01   6.4332103E+03   2.7441663E+03   9.1773766E+03   6.8308138E-02   5.1513867E-03   4.9265361E-02
   1.0000000E+00   3.7222608E+03   1.5970511E+03   5.3193119E+03   9.0132381E-02   3.0103716E-03   6.3973284E-02
