   0.0000000E+00   2.7959831E+07   1.5455600E+07   4.3133791E+07   1.0767017E-03   2.3069741E-08   6.9509224E-04
   5.0000000E-02   5.5704230E+04   1.4387607E+04   7.0091837E+04   1.7795238E-01   2.9963382E-06   1.4142507E-01
   1.0000000E-01   2.6992678E+04   6.9391555E+03   3.3931834E+04   1.8255379E-01   3.1160086E-06   1.4522166E-01
   1.5000000E-01   1.7613147E+04   4.3926764E+03   2.1984603E+04   1.8340553E-01   4.7347396E-06   1.4693781E-01
   2.0000000E-01   1.2302677E+04   3.2467608E+03   1.5549438E+04   2.0754268E-01   1.8228550E-06   1.6420688E-01
   2.5000000E-01   1.0453297E+04   2.6356059E+03   1.3088903E+04   2.0594456E-01   4.0453160E-06   1.6447599E-01
   3.0000000E-01   8.4352120E+03   2.2387795E+03   1.0673992E+04   2.1822869E-01   4.0894372E-06   1.7245793E-01
   3.5000000E-01   6.3843869E+03   1.8916702E+03   8.2760570E+03   2.1856528E-01   4.2686900E-06   1.6860653E-01
   4.0000000E-01   5.4590145E+03   1.3050705E+03   6.7561273E+03   2.2586401E-01   8.3149452E-06   1.8249866E-01
   4.5000000E-01   4.7958690E+03   1.3651957E+03   6.1610647E+03   2.3626669E-01   8.7668470E-06   1.8391562E-01
   5.0000000E-01   3.8897468E+03   9.5492966E+02   4.8446765E+03   2.5142183E-01   3.0482197E-06   2.0186371E-01
   5.5000000E-01   3.4088095E+03   7.6973118E+02   4.1785407E+03   2.6218504E-01   1.5699977E-06   2.1370406E-01
   6.0000000E-01   2.8276528E+03   7.6924889E+02   3.5969017E+03   2.7496664E-01   3.8581806E-07   2.1616102E-01
   6.5000000E-01   2.3897727E+03   6.7579637E+02   3.0655691E+03   3.0231030E-01   4.6321013E-06   2.3566709E-01
   7.0000000E-01   2.1144871E+03   5.9569422E+02   2.7101813E+03   2.9483979E-01   1.5703300E-05   2.3003095E-01
   7.5000000E-01   1.6934086E+03   4.6261037E+02   2.1560190E+03   3.1418581E-01   8.6835253E-06   2.4677379E-01
   8.0000000E-01   1.3170072E+03   4.1778173E+02   1.7347889E+03   3.3472733E-01   1.2831204E-05   2.5411948E-01
   8.5000000E-01   1.1983431E+03   3.3328917E+02   1.5316323E+03   3.5224974E-01   2.2989815E-05   2.7560382E-01
   9.0000000E-01   9.3370900E+02   2.7233179E+02   1.2060408E+03   3.6695880E-01   8.3823500E-07   2.8409696E-01
   9.5000000E-01   5.5955527E+02   1.3737585E+02   6.9693112E+02   3.8679442E-01   8.9815704E-06   3.1054955E-01
   1.0000000E+00   1.7605288E+02   6.2876027E+01   2.3892890E+02   4.0697365E-01   1.0542409E-06   2.9987522E-01
