   0.0000000E+00   1.0926432E+07   9.6267095E+06   2.0504759E+07   1.4726329E-02   4.8347126E-07   7.8337056E-03
   5.0000000E-02   3.9183947E+05   1.3687325E+05   5.2839441E+05   1.6884966E-01   3.5758362E-06   1.2508771E-01
   1.0000000E-01   1.6784480E+05   5.9110146E+04   2.2685946E+05   1.6462793E-01   6.2786706E-05   1.2176083E-01
   1.5000000E-01   1.0676114E+05   3.6160003E+04   1.4285748E+05   1.5935157E-01   5.4454270E-06   1.1918173E-01
   2.0000000E-01   6.9073245E+04   2.2663664E+04   9.1689163E+04   1.6511871E-01   7.7163939E-06   1.2429823E-01
   2.5000000E-01   4.7937469E+04   1.6475720E+04   6.4285865E+04   1.5843460E-01   1.4385009E-05   1.1780216E-01
   3.0000000E-01   3.5915965E+04   1.1713804E+04   4.7629769E+04   1.6031295E-01   8.2101986E-06   1.2088847E-01
   3.5000000E-01   2.6237829E+04   8.4670430E+03   3.4704872E+04   1.5297787E-01   1.8248611E-05   1.1565099E-01
   4.0000000E-01   2.0021692E+04   6.3741555E+03   2.6395847E+04   1.5571868E-01   4.5700582E-05   1.1811004E-01
   4.5000000E-01   1.5208139E+04   4.7675747E+03   1.9968640E+04   1.5575668E-01   2.8826371E-05   1.1859453E-01
   5.0000000E-01   1.1860226E+04   3.8961130E+03   1.5749973E+04   1.5588574E-01   1.8771323E-06   1.1742326E-01
   5.5000000E-01   8.9821262E+03   2.7143152E+03   1.1696441E+04   1.6116557E-01   3.5720293E-06   1.2376573E-01
   6.0000000E-01   7.0823950E+03   2.0477936E+03   9.1301886E+03   1.5359400E-01   3.3276576E-06   1.1914531E-01
   6.5000000E-01   5.5826657E+03   1.4201518E+03   6.9979204E+03   1.6245777E-01   8.4606805E-06   1.2977138E-01
   7.0000000E-01   4.0743665E+03   1.0185916E+03   5.0929582E+03   1.6240052E-01   1.2524106E-04   1.2989719E-01
   7.5000000E-01   3.2382726E+03   8.7004702E+02   4.1083196E+03   1.8138852E-01   5.6463819E-06   1.4297546E-01
   8.0000000E-01   2.6101411E+03   7.2813386E+02   3.3382749E+03   1.6924571E-01   3.3000181E-05   1.3232494E-01
   8.5000000E-01   1.9997350E+03   4.7933724E+02   2.4790723E+03   1.7600576E-01   4.1200746E-06   1.4197461E-01
   9.0000000E-01   1.3616590E+03   3.3245699E+02   1.6941159E+03   1.9788557E-01   4.7657322E-06   1.5905300E-01
   9.5000000E-01   7.6059310E+02   1.9768719E+02   9.5828029E+02   2.0401387E-01   3.2541732E-06   1.6192657E-01
   1.0000000E+00   4.2126938E+02   1.0688925E+02   5.2815863E+02   2.0822735E-01   1.3269117E-05   1.6608862E-01
