   0.0000000E+00   3.9567192E+06   5.5599824E+06   9.4993856E+06   2.3549384E-02   5.0621282E-07   9.7872878E-03
   5.0000000E-02   2.3058368E+05   9.7402825E+04   3.2792284E+05   1.4968156E-01   3.5554620E-06   1.0516712E-01
   1.0000000E-01   1.1968452E+05   4.7523666E+04   1.6704903E+05   1.3740025E-01   1.0099465E-06   9.8513785E-02
   1.5000000E-01   8.0553622E+04   3.2446388E+04   1.1295757E+05   1.3324900E-01   1.8370162E-06   9.5025350E-02
   2.0000000E-01   6.1688456E+04   2.4605354E+04   8.6261979E+04   1.2883328E-01   1.7106637E-06   9.2047350E-02
   2.5000000E-01   4.8599553E+04   1.8831213E+04   6.7405301E+04   1.2795563E-01   1.6490424E-06   9.2213395E-02
   3.0000000E-01   3.9979722E+04   1.5300095E+04   5.5247986E+04   1.2009675E-01   4.8221833E-06   8.6906371E-02
   3.5000000E-01   3.3204268E+04   1.2950665E+04   4.6127650E+04   1.2205551E-01   1.5284666E-05   8.7718980E-02
   4.0000000E-01   2.9133312E+04   1.0933945E+04   4.0075215E+04   1.2384651E-01   4.5900241E-06   9.0041565E-02
   4.5000000E-01   2.4573523E+04   9.1814718E+03   3.3740848E+04   1.2305494E-01   3.9814994E-06   8.9496617E-02
   5.0000000E-01   2.1460453E+04   8.1805641E+03   2.9615552E+04   1.2788814E-01   4.4902512E-05   9.2616865E-02
   5.5000000E-01   1.8375162E+04   7.0896293E+03   2.5464791E+04   1.2762020E-01   1.0187574E-05   9.2086925E-02
   6.0000000E-01   1.6392959E+04   6.0531930E+03   2.2430237E+04   1.3628707E-01   8.2980524E-06   9.9602070E-02
   6.5000000E-01   1.3878311E+04   5.4602388E+03   1.9333653E+04   1.4767442E-01   1.4135321E-06   1.0596970E-01
   7.0000000E-01   1.2186721E+04   4.5200004E+03   1.6702174E+04   1.4846367E-01   1.0955552E-05   1.0840699E-01
   7.5000000E-01   1.1166311E+04   4.0361694E+03   1.5189748E+04   1.4661818E-01   1.9662720E-06   1.0773808E-01
   8.0000000E-01   8.7455641E+03   3.3342961E+03   1.2071902E+04   1.7244098E-01   4.4413324E-06   1.2477619E-01
   8.5000000E-01   7.4596858E+03   2.7449547E+03   1.0197151E+04   1.8326930E-01   9.8264058E-06   1.3406891E-01
   9.0000000E-01   5.9700788E+03   2.1256027E+03   8.0921447E+03   2.0473682E-01   6.6722732E-06   1.5117024E-01
   9.5000000E-01   3.9302894E+03   1.6049520E+03   5.5352414E+03   2.1431817E-01   3.0531346E-05   1.5216743E-01
   1.0000000E+00   2.2195237E+03   7.7966273E+02   2.9991865E+03   2.0460716E-01   1.5043832E-06   1.5141759E-01
