   0.0000000E+00   8.6834937E+05   4.1558539E+05   1.2839348E+06   5.6300332E-03   8.2822417E-04   3.8032608E-03
   5.0000000E-02   2.9157186E+05   1.4171156E+05   4.3328342E+05   1.1900818E-02   1.3858632E-03   7.5800852E-03
   1.0000000E-01   1.4540396E+05   7.0091837E+04   2.1549579E+05   6.6105536E-03   9.3780376E-04   4.2399331E-03
   1.5000000E-01   9.7912121E+04   4.7131084E+04   1.4504320E+05   1.5327161E-02   1.0108144E-03   1.0029652E-02
   2.0000000E-01   7.2224513E+04   3.4011411E+04   1.0623592E+05   1.5069815E-02   6.3698524E-04   1.0399713E-02
   2.5000000E-01   5.5500512E+04   2.7400115E+04   8.2900627E+04   1.5315033E-02   6.3752966E-04   1.0459811E-02
   3.0000000E-01   4.4616436E+04   2.2419626E+04   6.7036062E+04   2.4153976E-02   6.6041004E-04   1.5872058E-02
   3.5000000E-01   3.6878474E+04   1.8389217E+04   5.5267691E+04   1.7288922E-02   1.1309756E-03   1.1878271E-02
   4.0000000E-01   3.1289862E+04   1.5422114E+04   4.6711976E+04   2.1412322E-02   1.3269394E-03   1.3921945E-02
   4.5000000E-01   2.6936090E+04   1.3567075E+04   4.0503165E+04   2.4726563E-02   5.5992232E-04   1.6567732E-02
   5.0000000E-01   2.2848284E+04   1.1796564E+04   3.4644848E+04   2.5000503E-02   4.1941603E-04   1.6509371E-02
   5.5000000E-01   1.9926199E+04   1.0168554E+04   3.0094753E+04   2.6725117E-02   4.2637397E-04   1.7602291E-02
   6.0000000E-01   1.7804133E+04   8.5200946E+03   2.6324228E+04   2.4007360E-02   5.9814055E-04   1.6380282E-02
   6.5000000E-01   1.5082992E+04   7.6688197E+03   2.2751811E+04   2.6195447E-02   2.1026223E-03   1.7050984E-02
   7.0000000E-01   1.2959760E+04   6.5617309E+03   1.9521491E+04   2.0098556E-02   7.9431281E-04   1.3607078E-02
   7.5000000E-01   1.0992301E+04   5.7974841E+03   1.6789785E+04   3.0569215E-02   1.1687603E-03   2.0108503E-02
   8.0000000E-01   9.4736980E+03   4.8621835E+03   1.4335881E+04   2.6631833E-02   1.2346517E-03   1.7372456E-02
   8.5000000E-01   7.5270926E+03   3.9283185E+03   1.1455411E+04   3.1114407E-02   1.2932484E-03   2.0806695E-02
   9.0000000E-01   5.7932399E+03   3.0663852E+03   8.8596252E+03   4.4959201E-02   2.7268982E-03   2.8643044E-02
   9.5000000E-01   3.8934325E+03   2.0438845E+03   5.9373170E+03   4.0562846E-02   1.5623214E-03   2.6354085E-02
   1.0000000E+00   1.6473519E+03   1.0688925E+03   2.7162444E+03   7.7364803E-02   2.6139948E-03   4.6607305E-02
