   0.0000000E+00   6.5149121E+06   6.2098439E+06   1.2702347E+07   1.0465271E-02   7.5135546E-04   5.7155187E-03
   5.0000000E-02   1.9760678E+05   7.6394373E+04   2.7387383E+05   1.4099688E-01   3.0113347E-02   1.0997168E-01
   1.0000000E-01   1.0583804E+05   3.8579158E+04   1.4438536E+05   1.3160024E-01   2.1041013E-02   1.0206872E-01
   1.5000000E-01   7.3487142E+04   2.7183664E+04   1.0058592E+05   1.2933512E-01   2.8999451E-02   1.0216515E-01
   2.0000000E-01   5.5799723E+04   2.0769720E+04   7.6569443E+04   1.1857926E-01   3.3486821E-02   9.5442113E-02
   2.5000000E-01   4.4015891E+04   1.6653973E+04   6.0644400E+04   1.1446386E-01   2.6059389E-02   9.0156971E-02
   3.0000000E-01   3.5746200E+04   1.4440659E+04   5.0186859E+04   1.1194374E-01   3.4148792E-02   8.9541449E-02
   3.5000000E-01   3.1358071E+04   1.1650142E+04   4.2999118E+04   1.1335098E-01   2.7740228E-02   9.0114569E-02
   4.0000000E-01   2.6093453E+04   1.0297325E+04   3.6366904E+04   1.2040196E-01   3.3015810E-02   9.5629174E-02
   4.5000000E-01   2.3455902E+04   9.0046330E+03   3.2446388E+04   1.1505838E-01   3.8471487E-02   9.3847529E-02
   5.0000000E-01   2.0155382E+04   8.0978035E+03   2.8240453E+04   1.2221314E-01   4.1739489E-02   9.9112935E-02
   5.5000000E-01   1.7570706E+04   6.9565179E+03   2.4527224E+04   1.2088272E-01   4.6238771E-02   9.9784304E-02
   6.0000000E-01   1.5045447E+04   5.9842259E+03   2.1024368E+04   1.1758185E-01   4.4238153E-02   9.6712514E-02
   6.5000000E-01   1.2438571E+04   5.4406505E+03   1.7874324E+04   1.3053946E-01   4.8338975E-02   1.0547424E-01
   7.0000000E-01   1.1895695E+04   4.8746885E+03   1.6770384E+04   1.3817310E-01   6.2883248E-02   1.1622579E-01
   7.5000000E-01   9.6129586E+03   4.0616341E+03   1.3670349E+04   1.4681162E-01   5.8330045E-02   1.2049279E-01
   8.0000000E-01   8.6023247E+03   3.3462327E+03   1.1948557E+04   1.5985677E-01   6.3411627E-02   1.3284574E-01
   8.5000000E-01   6.9466452E+03   2.9396854E+03   9.8825858E+03   1.6311966E-01   6.4466434E-02   1.3378701E-01
   9.0000000E-01   5.5209081E+03   2.2140221E+03   7.7349302E+03   1.7544146E-01   8.5188354E-02   1.4959024E-01
   9.5000000E-01   4.0676653E+03   1.6351076E+03   5.7027729E+03   1.7674572E-01   8.3556616E-02   1.5001072E-01
   1.0000000E+00   1.9114312E+03   7.9223794E+02   2.7036692E+03   2.1921385E-01   8.9534617E-02   1.8115816E-01
