   0.0000000E+00   6.1879442E+05   2.9029862E+05   9.0909303E+05   2.1688686E-02   1.0914149E-04   1.4788150E-02
   5.0000000E-02   2.2714593E+05   1.0835269E+05   3.3549862E+05   4.6080361E-03   2.7603513E-05   3.1207452E-03
   1.0000000E-01   1.1809297E+05   5.7104794E+04   1.7519776E+05   5.6303148E-03   1.1762963E-04   3.7728123E-03
   1.5000000E-01   8.5625359E+04   4.0149487E+04   1.2575363E+05   3.7212144E-03   3.8357007E-05   2.5371163E-03
   2.0000000E-01   6.3120850E+04   3.1321693E+04   9.4442543E+04   5.0556385E-03   1.3989059E-04   3.3422390E-03
   2.5000000E-01   5.1184230E+04   2.5121016E+04   7.6292514E+04   4.9269313E-03   1.0819678E-04   3.2734891E-03
   3.0000000E-01   4.2940004E+04   2.2027044E+04   6.4967048E+04   3.6112464E-03   1.2709221E-04   2.3704908E-03
   3.5000000E-01   3.5750748E+04   1.7788975E+04   5.3530628E+04   2.9314995E-03   8.2778745E-05   1.9731048E-03
   4.0000000E-01   3.1417186E+04   1.6066692E+04   4.7483877E+04   2.6885338E-03   4.1142134E-06   1.7775902E-03
   4.5000000E-01   2.7912240E+04   1.3475119E+04   4.1387359E+04   8.3227154E-03   2.3101145E-05   5.6201238E-03
   5.0000000E-01   2.4681749E+04   1.2700564E+04   3.7382313E+04   2.2458004E-03   5.3031150E-05   1.4694987E-03
   5.5000000E-01   2.1824483E+04   1.0724149E+04   3.2548633E+04   1.5502386E-03   1.1864143E-04   1.0259180E-03
   6.0000000E-01   1.9231222E+04   9.3954468E+03   2.8626669E+04   4.1488213E-03   2.7217191E-05   2.7831390E-03
   6.5000000E-01   1.6948777E+04   8.3397190E+03   2.5283599E+04   4.5458683E-03   8.0047916E-05   3.0461951E-03
   7.0000000E-01   1.5333442E+04   7.5439443E+03   2.2877386E+04   9.1669244E-03   1.5994259E-04   6.1337185E-03
   7.5000000E-01   1.2774837E+04   6.3407329E+03   1.9115570E+04   5.8515619E-03   1.3790041E-04   3.9525800E-03
   8.0000000E-01   1.1160740E+04   5.4550357E+03   1.6615776E+04   9.3368214E-03   5.7608568E-05   6.2788148E-03
   8.5000000E-01   9.2871590E+03   4.8907378E+03   1.4177897E+04   1.1807489E-02   5.8478595E-05   7.7467352E-03
   9.0000000E-01   7.4236939E+03   3.7737405E+03   1.1197434E+04   8.1517734E-03   5.1458417E-05   5.3886747E-03
   9.5000000E-01   4.9991405E+03   2.6268942E+03   7.6260347E+03   1.6877003E-02   1.3197257E-04   1.1034857E-02
   1.0000000E+00   2.8985848E+03   1.5404627E+03   4.4390475E+03   1.3693365E-02   2.5253449E-05   8.9456774E-03
