   0.0000000E+00   1.2274029E+06   5.2763047E+05   1.7550334E+06   2.9351095E-02   3.0437961E-05   2.0522782E-02
   5.0000000E-02   4.1736792E+05   1.9576058E+05   6.1306484E+05   1.1711093E-02   4.6580537E-05   7.9837309E-03
   1.0000000E-01   1.9626988E+05   9.7848459E+04   2.9411833E+05   6.0097912E-03   1.4274617E-04   3.9961416E-03
   1.5000000E-01   1.2836377E+05   6.3280005E+04   1.9162255E+05   3.4693391E-03   6.2127382E-05   2.3030576E-03
   2.0000000E-01   8.5179726E+04   4.3958595E+04   1.2912241E+05   2.1519094E-03   2.0736825E-04   1.4263625E-03
   2.5000000E-01   6.2605188E+04   3.2480341E+04   9.5085529E+04   3.5187344E-03   2.3267222E-06   2.3173440E-03
   3.0000000E-01   4.8499816E+04   2.4382537E+04   7.2861133E+04   5.0194462E-03   5.6107071E-05   3.3574953E-03
   3.5000000E-01   3.7760647E+04   2.0144469E+04   5.7896021E+04   6.3456439E-03   1.1755208E-04   4.0978957E-03
   4.0000000E-01   3.0382679E+04   1.5820001E+04   4.6202680E+04   1.8796699E-03   8.9915256E-05   1.2294846E-03
   4.5000000E-01   2.3894462E+04   1.2371644E+04   3.6266106E+04   1.0613851E-02   1.5157037E-05   6.9881527E-03
   5.0000000E-01   1.9709748E+04   1.0185916E+04   2.9895665E+04   5.7744768E-03   4.1523894E-04   3.8941076E-03
   5.5000000E-01   1.5620334E+04   8.0677088E+03   2.3688043E+04   5.6536271E-03   4.9795054E-05   3.7299509E-03
   6.0000000E-01   1.3963194E+04   6.7481696E+03   2.0711363E+04   2.0020557E-03   3.6616685E-04   1.2331220E-03
   6.5000000E-01   1.0611962E+04   5.4455476E+03   1.6057509E+04   1.0187499E-02   2.0596212E-04   6.7969328E-03
   7.0000000E-01   9.4856346E+03   4.4699803E+03   1.3955615E+04   9.9812936E-03   4.0768701E-04   6.6690504E-03
   7.5000000E-01   7.6139725E+03   3.8366952E+03   1.1450668E+04   1.0020383E-02   1.3027909E-05   6.6620672E-03
   8.0000000E-01   6.0279935E+03   3.0557749E+03   9.0837684E+03   1.0958332E-02   3.0561118E-05   7.2681636E-03
   8.5000000E-01   4.6660484E+03   2.5914170E+03   7.2574654E+03   8.6312378E-03   6.8669691E-04   5.7753536E-03
   9.0000000E-01   3.7312992E+03   1.6375275E+03   5.3688267E+03   7.5112821E-03   5.9355069E-06   5.2201039E-03
   9.5000000E-01   2.4794665E+03   1.1794219E+03   3.6588884E+03   1.3670612E-02   1.1442180E-05   9.2639159E-03
   1.0000000E+00   1.2260825E+03   6.4762308E+02   1.8737056E+03   2.4628756E-02   7.3186709E-06   1.6118661E-02
