   0.0000000E+00   4.8637751E+05   2.2103438E+05   7.0741189E+05   1.0635723E-01   4.5264472E-06   7.3126608E-02
   5.0000000E-02   2.0231776E+05   9.3201135E+04   2.9545524E+05   6.9030981E-02   2.6952819E-06   4.7269633E-02
   1.0000000E-01   1.1054902E+05   5.2489300E+04   1.6294283E+05   4.2516742E-02   1.8652013E-05   2.8771633E-02
   1.5000000E-01   7.5227236E+04   3.8770144E+04   1.1395494E+05   2.2220453E-02   5.7471832E-06   1.4605390E-02
   2.0000000E-01   6.0797188E+04   3.1051129E+04   9.1832402E+04   1.7949088E-02   1.7159345E-06   1.1883077E-02
   2.5000000E-01   5.0662201E+04   2.5159213E+04   7.5795950E+04   1.1205041E-02   9.8465378E-06   7.6024876E-03
   3.0000000E-01   4.1889581E+04   2.1178218E+04   6.3067799E+04   1.6399293E-02   5.1675325E-06   1.0865640E-02
   3.5000000E-01   3.6396462E+04   1.8352839E+04   5.4749300E+04   9.7369294E-03   1.0207268E-05   6.4763471E-03
   4.0000000E-01   3.1433101E+04   1.5740424E+04   4.7157610E+04   1.4046043E-02   1.9670495E-04   9.3472541E-03
   4.5000000E-01   2.8619596E+04   1.4062223E+04   4.2674745E+04   7.6420571E-03   4.0092316E-06   5.1066794E-03
   5.0000000E-01   2.4980960E+04   1.2490480E+04   3.7452341E+04   1.0914047E-02   1.6217654E-06   7.2792303E-03
   5.5000000E-01   2.2194880E+04   1.0591038E+04   3.2751194E+04   1.3731170E-02   2.9599949E-05   9.3926144E-03
   6.0000000E-01   1.9135729E+04   9.8623013E+03   2.8982115E+04   1.6161272E-02   5.6628691E-05   1.0684486E-02
   6.5000000E-01   1.7218116E+04   9.0302066E+03   2.6248323E+04   1.8268924E-02   3.0028106E-05   1.1973705E-02
   7.0000000E-01   1.5119720E+04   7.8122341E+03   2.2927406E+04   1.8158540E-02   5.4203086E-07   1.1952440E-02
   7.5000000E-01   1.3572734E+04   7.0410147E+03   2.0617992E+04   1.7911681E-02   4.5014104E-06   1.1791854E-02
   8.0000000E-01   1.1574543E+04   5.8807751E+03   1.7447361E+04   2.0514114E-02   1.2847930E-06   1.3550231E-02
   8.5000000E-01   9.9237788E+03   4.9768687E+03   1.4896903E+04   2.2604255E-02   1.3692417E-05   1.5028164E-02
   9.0000000E-01   8.1911744E+03   3.9647265E+03   1.2155901E+04   2.8480938E-02   3.8714351E-06   1.9192607E-02
   9.5000000E-01   6.1383549E+03   3.2065533E+03   9.3449081E+03   4.0025465E-02   4.7457337E-06   2.6290108E-02
   1.0000000E+00   3.7599864E+03   1.8485552E+03   5.6085416E+03   6.1330142E-02   2.5480404E-06   4.1116475E-02
