   0.0000000E+00   2.4825625E+07   1.4438027E+07   3.9070629E+07   1.5138625E-03   2.5030867E-08   9.5499970E-04
   5.0000000E-02   8.6834937E+04   2.2918312E+04   1.0975325E+05   1.7519664E-01   2.8942014E-06   1.3861205E-01
   1.0000000E-01   4.2176060E+04   1.1586480E+04   5.3762540E+04   1.8169746E-01   1.2052046E-05   1.4253685E-01
   1.5000000E-01   2.8159815E+04   7.8516439E+03   3.6011458E+04   1.8719053E-01   2.4641140E-07   1.4637709E-01
   2.0000000E-01   2.0992537E+04   5.3635216E+03   2.6356059E+04   1.8962260E-01   2.6284378E-06   1.5103370E-01
   2.5000000E-01   1.6144677E+04   4.2144229E+03   2.0333636E+04   1.9763315E-01   8.2294591E-06   1.5642940E-01
   3.0000000E-01   1.1957841E+04   3.3104228E+03   1.5268264E+04   2.0993463E-01   9.9386594E-06   1.6441934E-01
   3.5000000E-01   1.0222295E+04   2.8738835E+03   1.3096178E+04   2.1253180E-01   2.3529846E-07   1.6589283E-01
   4.0000000E-01   8.8569726E+03   2.4271129E+03   1.1284085E+04   2.1205227E-01   7.5631031E-06   1.6643997E-01
   4.5000000E-01   6.4086390E+03   2.1362130E+03   8.5448521E+03   2.3754561E-01   1.5616051E-06   1.7815882E-01
   5.0000000E-01   6.2961695E+03   1.8334649E+03   8.1296345E+03   2.3348120E-01   2.6638914E-05   1.8082930E-01
   5.5000000E-01   5.0582335E+03   1.5626122E+03   6.6208456E+03   2.5369622E-01   9.1500243E-06   1.9382253E-01
   6.0000000E-01   4.4722539E+03   1.3422067E+03   5.8144606E+03   2.6492210E-01   4.0447516E-06   2.0376857E-01
   6.5000000E-01   3.7658508E+03   1.1752980E+03   4.9411488E+03   2.7774638E-01   9.8386693E-06   2.1168417E-01
   7.0000000E-01   3.1376260E+03   9.1855139E+02   4.0561774E+03   2.8148093E-01   1.3889370E-05   2.1774048E-01
   7.5000000E-01   2.9284510E+03   7.6394373E+02   3.6923947E+03   2.9464461E-01   2.7337065E-05   2.3367800E-01
   8.0000000E-01   2.1326762E+03   6.5253527E+02   2.7852115E+03   3.1896584E-01   6.2972572E-06   2.4423817E-01
   8.5000000E-01   1.9098593E+03   5.4299922E+02   2.4528585E+03   3.3570312E-01   1.2060190E-05   2.6138451E-01
   9.0000000E-01   1.4076371E+03   3.9965575E+02   1.8072928E+03   3.4507405E-01   5.9616222E-06   2.6876483E-01
   9.5000000E-01   9.1472209E+02   2.8815421E+02   1.2028763E+03   3.8115065E-01   5.8450018E-06   2.8984304E-01
   1.0000000E+00   3.7725616E+02   1.1317685E+02   4.9043301E+02   3.8136272E-01   5.8481906E-06   2.9335461E-01
