   0.0000000E+00   3.1067045E+05   1.3700058E+05   4.4767102E+05   4.6928179E-02   3.4141375E-03   3.3098543E-02
   5.0000000E-02   1.4145691E+05   6.9200569E+04   2.1065748E+05   2.9715985E-03   6.5078403E-03   3.3361525E-03
   1.0000000E-01   8.2474092E+04   4.2144229E+04   1.2461832E+05   1.1141194E-03   9.8593299E-03   3.8047269E-03
   1.5000000E-01   6.6951179E+04   3.2085637E+04   9.9036816E+04   4.4632827E-03   2.4792860E-03   3.0450130E-03
   2.0000000E-01   5.4192258E+04   2.6133242E+04   8.0325500E+04   4.1408794E-03   4.0420509E-03   3.5101446E-03
   2.5000000E-01   4.5314595E+04   2.2027044E+04   6.7328907E+04   2.0839571E-03   3.6932532E-03   1.7173424E-03
   3.0000000E-01   3.8674651E+04   1.9024321E+04   5.7698972E+04   3.1831555E-03   3.5987500E-03   1.3539523E-03
   3.5000000E-01   3.5577951E+04   1.7043221E+04   5.2602982E+04   1.2796455E-03   5.6065521E-03   2.3181108E-03
   4.0000000E-01   3.0525918E+04   1.6838593E+04   4.7364511E+04   2.5290604E-03   5.0410953E-03   1.2227040E-03
   4.5000000E-01   2.8513492E+04   1.4988859E+04   4.3502351E+04   2.1473623E-03   2.1703533E-03   1.1079008E-03
   5.0000000E-01   2.6540678E+04   1.3133466E+04   3.9674144E+04   3.8347911E-03   7.2287156E-03   1.8899925E-03
   5.5000000E-01   2.3751705E+04   1.2147863E+04   3.5893780E+04   3.0909733E-03   7.2778373E-03   4.4976115E-03
   6.0000000E-01   2.0992537E+04   1.0780095E+04   3.1772632E+04   3.2733944E-03   2.8295726E-03   2.6734117E-03
   6.5000000E-01   1.8936990E+04   9.5541937E+03   2.8491183E+04   1.2602388E-03   6.0360412E-03   1.1866272E-03
   7.0000000E-01   1.7602537E+04   8.5125158E+03   2.6115053E+04   4.4406156E-03   2.2470148E-03   3.3140604E-03
   7.5000000E-01   1.5525034E+04   7.6861227E+03   2.3206913E+04   8.2912473E-03   1.9293089E-03   5.6190953E-03
   8.0000000E-01   1.3309332E+04   6.9789443E+03   2.0284297E+04   2.1464368E-03   2.2945300E-03   6.5943320E-04
   8.5000000E-01   1.1388004E+04   6.0516327E+03   1.7432147E+04   5.8640636E-03   3.1542797E-03   3.8060722E-03
   9.0000000E-01   9.8676065E+03   4.6437876E+03   1.4514931E+04   4.4573394E-03   8.6069770E-03   5.3817564E-03
   9.5000000E-01   6.8553898E+03   3.5449669E+03   1.0400357E+04   5.0762287E-03   7.9335337E-03   5.4188304E-03
   1.0000000E+00   4.4956359E+03   2.2383866E+03   6.7340225E+03   1.4814575E-02   1.3213504E-02   1.4194795E-02
