   0.0000000E+00   2.6427360E+07   1.5101640E+07   4.1237682E+07   1.1860704E-03   2.7273935E-08   7.5644018E-04
   5.0000000E-02   7.1428738E+04   1.7952678E+04   8.9317754E+04   1.8000937E-01   4.1636635E-06   1.4372080E-01
   1.0000000E-01   3.6669299E+04   8.6580289E+03   4.5327328E+04   1.8451072E-01   3.8746913E-05   1.4927450E-01
   1.5000000E-01   2.2027044E+04   5.4749300E+03   2.7501974E+04   1.9411887E-01   4.6433145E-06   1.5547576E-01
   2.0000000E-01   1.5883663E+04   3.9152116E+03   1.9798875E+04   1.9956027E-01   4.0639684E-05   1.6008935E-01
   2.5000000E-01   1.2503212E+04   3.2340284E+03   1.5737241E+04   1.9697792E-01   2.9332331E-05   1.5649261E-01
   3.0000000E-01   9.7615032E+03   2.6738030E+03   1.2435306E+04   2.0883058E-01   1.4381355E-06   1.6392813E-01
   3.5000000E-01   8.3579082E+03   2.2736420E+03   1.0631550E+04   2.1824307E-01   2.2332523E-05   1.7156527E-01
   4.0000000E-01   6.6208456E+03   1.6790846E+03   8.2999303E+03   2.4043294E-01   4.3819054E-05   1.9180196E-01
   4.5000000E-01   5.9488581E+03   1.5774023E+03   7.5262604E+03   2.4012437E-01   6.0598748E-06   1.8979628E-01
   5.0000000E-01   5.0483948E+03   1.3305353E+03   6.3789301E+03   2.3808601E-01   4.6337721E-06   1.8842632E-01
   5.5000000E-01   4.3058646E+03   1.0706787E+03   5.3707559E+03   2.5734673E-01   1.0160335E-05   2.0631915E-01
   6.0000000E-01   3.7083102E+03   9.4962449E+02   4.6579347E+03   2.7516522E-01   1.3296786E-06   2.1906688E-01
   6.5000000E-01   2.9235539E+03   8.6188523E+02   3.7854391E+03   2.8859307E-01   1.8350350E-05   2.2288909E-01
   7.0000000E-01   2.6192356E+03   6.9118718E+02   3.3104228E+03   2.9335112E-01   1.8220471E-05   2.3210578E-01
   7.5000000E-01   2.2493899E+03   5.3900474E+02   2.7883946E+03   3.0712445E-01   9.0191915E-06   2.4775808E-01
   8.0000000E-01   1.8979227E+03   4.9735920E+02   2.3952819E+03   3.1416132E-01   2.3895568E-05   2.4893345E-01
   8.5000000E-01   1.5278875E+03   3.8571669E+02   1.9136041E+03   3.3619963E-01   2.5732547E-05   2.6843855E-01
   9.0000000E-01   1.1176214E+03   2.9355245E+02   1.4111738E+03   3.5329389E-01   2.1241597E-05   2.7979726E-01
   9.5000000E-01   7.5389184E+02   2.3454413E+02   9.8843596E+02   3.6950413E-01   1.8741938E-05   2.8182962E-01
   1.0000000E+00   2.9551733E+02   1.1317685E+02   4.0869417E+02   4.1733624E-01   2.5739854E-06   3.0176691E-01
