   0.0000000E+00   3.2710033E+07   1.6691152E+07   4.8816513E+07   3.3929925E-02   2.3699098E-06   2.2503134E-02
   5.0000000E-02   7.9832119E+04   2.5655777E+04   1.0542423E+05   1.3490147E-01   2.4067840E-04   1.0218116E-01
   1.0000000E-01   1.5915494E+02   3.1830989E+01   1.9098593E+02   2.8951585E-01   2.3144124E-02   2.4512050E-01
   1.5000000E-01   6.3661977E+01   4.2441318E+01   1.0610330E+02   2.3224247E-01   3.2639703E-02   1.5230443E-01
   2.0000000E-01   3.1830989E+01   0.0000000E+00   3.1830989E+01   2.2154344E-01   0.0000000E+00   2.2154344E-01
   2.5000000E-01   0.0000000E+00   0.0000000E+00   0.0000000E+00   0.0000000E+00   0.0000000E+00   0.0000000E+00
   3.0000000E-01   1.0610330E+01   0.0000000E+00   1.0610330E+01   1.8822578E-02   0.0000000E+00   1.8822578E-02
   3.5000000E-01   0.0000000E+00   9.0945682E+00   9.0945682E+00   0.0000000E+00   1.0163721E-01   1.0163721E-01
   4.0000000E-01   7.9577472E+00   0.0000000E+00   7.9577472E+00   2.9706552E-01   0.0000000E+00   2.9706552E-01
   4.5000000E-01   0.0000000E+00   7.0735530E+00   7.0735530E+00   0.0000000E+00   1.1772026E-01   1.1772026E-01
   5.0000000E-01   6.3661977E+00   0.0000000E+00   6.3661977E+00   2.3438132E-01   0.0000000E+00   2.3438132E-01
   5.5000000E-01   0.0000000E+00   0.0000000E+00   0.0000000E+00   0.0000000E+00   0.0000000E+00   0.0000000E+00
   6.0000000E-01   0.0000000E+00   0.0000000E+00   0.0000000E+00   0.0000000E+00   0.0000000E+00   0.0000000E+00
   6.5000000E-01   0.0000000E+00   0.0000000E+00   0.0000000E+00   0.0000000E+00   0.0000000E+00   0.0000000E+00
   7.0000000E-01   0.0000000E+00   0.0000000E+00   0.0000000E+00   0.0000000E+00   0.0000000E+00   0.0000000E+00
   7.5000000E-01   0.0000000E+00   0.0000000E+00   0.0000000E+00   0.0000000E+00   0.0000000E+00   0.0000000E+00
   8.0000000E-01   0.0000000E+00   0.0000000E+00   0.0000000E+00   0.0000000E+00   0.0000000E+00   0.0000000E+00
   8.5000000E-01   0.0000000E+00   0.0000000E+00   0.0000000E+00   0.0000000E+00   0.0000000E+00   0.0000000E+00
   9.0000000E-01   0.0000000E+00   0.0000000E+00   0.0000000E+00   0.0000000E+00   0.0000000E+00   0.0000000E+00
   9.5000000E-01   0.0000000E+00   0.0000000E+00   0.0000000E+00   0.0000000E+00   0.0000000E+00   0.0000000E+00
   1.0000000E+00   0.0000000E+00   0.0000000E+00   0.0000000E+00   0.0000000E+00   0.0000000E+00   0.0000000E+00
