   0.0000000E+00   3.5446989E+05   1.6806762E+05   5.2253751E+05   6.7774284E-02   9.5132098E-03   4.8962313E-02
   5.0000000E-02   1.6895889E+05   7.8431556E+04   2.4739044E+05   3.5931757E-02   1.3070268E-02   2.8626755E-02
   1.0000000E-01   9.9535501E+04   4.9910990E+04   1.4944649E+05   1.6024869E-02   9.2979800E-03   1.3669864E-02
   1.5000000E-01   6.9624982E+04   3.6478313E+04   1.0610330E+05   9.5625050E-03   5.9299905E-03   8.1929497E-03
   2.0000000E-01   5.8171132E+04   2.9539157E+04   8.7694374E+04   1.2931750E-02   2.7056203E-03   9.4155493E-03
   2.5000000E-01   4.8777807E+04   2.4344340E+04   7.3122147E+04   3.3184078E-03   1.4124018E-02   6.8052240E-03
   3.0000000E-01   4.2250332E+04   2.0594650E+04   6.2823761E+04   3.7854683E-03   1.3582128E-03   2.1790365E-03
   3.5000000E-01   3.6996703E+04   1.7425193E+04   5.4412801E+04   3.1863297E-04   6.2045215E-03   2.1063270E-03
   4.0000000E-01   3.2427820E+04   1.5629015E+04   4.8040920E+04   1.8330994E-03   1.6470224E-03   8.3596303E-04
   4.5000000E-01   2.8004196E+04   1.4493710E+04   4.2490833E+04   5.7585723E-03   4.5767892E-03   5.3105242E-03
   5.0000000E-01   2.5165580E+04   1.2656001E+04   3.7821581E+04   2.8315692E-03   3.3854422E-03   2.8293697E-03
   5.5000000E-01   2.2327992E+04   1.1187146E+04   3.3509350E+04   5.3850437E-03   3.6915094E-03   4.7332526E-03
   6.0000000E-01   1.9931504E+04   9.8888271E+03   2.9804416E+04   4.6466459E-03   1.1804487E-02   5.4558390E-03
   6.5000000E-01   1.7928192E+04   8.8588090E+03   2.6787001E+04   2.6746486E-03   7.0604519E-03   4.1204213E-03
   7.0000000E-01   1.5874569E+04   8.5625359E+03   2.4446199E+04   8.1645846E-03   3.9608807E-03   5.7162407E-03
   7.5000000E-01   1.4502198E+04   7.3508363E+03   2.1848791E+04   5.6158801E-03   1.4224854E-03   4.1133411E-03
   8.0000000E-01   1.2211163E+04   6.2905991E+03   1.8497783E+04   1.3305698E-02   4.8762707E-04   8.7417333E-03
   8.5000000E-01   1.0841260E+04   5.2951786E+03   1.6136439E+04   1.2290537E-02   1.2294479E-02   1.1968858E-02
   9.0000000E-01   8.8490148E+03   4.4740223E+03   1.3319500E+04   7.8098508E-03   2.5774598E-03   5.8910617E-03
   9.5000000E-01   6.7850265E+03   3.4612012E+03   1.0246228E+04   1.4960264E-02   6.2470860E-03   1.1939636E-02
   1.0000000E+00   4.3070078E+03   1.9302940E+03   6.2373019E+03   1.6831098E-02   3.7244308E-02   2.2640149E-02
