   0.0000000E+00   3.1444942E+07   1.6466043E+07   4.7409838E+07   2.8566046E-04   5.1485720E-10   1.8946686E-04
   5.0000000E-02   2.1836058E+04   5.3476061E+03   2.7183664E+04   1.7693060E-01   7.9179576E-06   1.4212302E-01
   1.0000000E-01   1.0249578E+04   2.3236622E+03   1.2573241E+04   1.9174785E-01   1.0342415E-05   1.5630900E-01
   1.5000000E-01   6.0054465E+03   1.4005635E+03   7.4060100E+03   1.9371873E-01   1.3321388E-06   1.5708449E-01
   2.0000000E-01   4.8064793E+03   1.1300001E+03   5.9364794E+03   2.0489458E-01   2.3373826E-06   1.6589275E-01
   2.5000000E-01   3.4504792E+03   9.2946487E+02   4.3799440E+03   2.0111468E-01   8.6144999E-06   1.5843444E-01
   3.0000000E-01   2.6738030E+03   5.4112681E+02   3.2149299E+03   2.2198167E-01   5.3074396E-06   1.8461753E-01
   3.5000000E-01   2.1554127E+03   3.9106643E+02   2.5464791E+03   2.2647818E-01   3.5638692E-06   1.9169813E-01
   4.0000000E-01   2.0053523E+03   5.4908455E+02   2.5544368E+03   2.3370065E-01   1.7428592E-06   1.8346556E-01
   4.5000000E-01   1.5774023E+03   4.0319252E+02   1.9805948E+03   2.4701094E-01   2.3812303E-06   1.9672608E-01
   5.0000000E-01   1.5788170E+03   2.5464791E+02   1.8334649E+03   2.6436248E-01   5.7633211E-05   2.2765347E-01
   5.5000000E-01   1.1748529E+03   3.4145970E+02   1.5163125E+03   2.8501479E-01   3.2792211E-05   2.2082469E-01
   6.0000000E-01   1.0345071E+03   2.8117373E+02   1.3156809E+03   2.8143299E-01   1.4660239E-05   2.2128490E-01
   6.5000000E-01   7.9332618E+02   2.0567716E+02   9.9900334E+02   3.0213127E-01   7.0185383E-06   2.3992922E-01
   7.0000000E-01   7.2301817E+02   1.5460766E+02   8.7762583E+02   3.1880856E-01   2.9265854E-05   2.6264024E-01
   7.5000000E-01   6.1539911E+02   2.1220659E+02   8.2760570E+02   3.3371381E-01   9.9225468E-07   2.4814642E-01
   8.0000000E-01   4.4563384E+02   1.6711269E+02   6.1274653E+02   3.5513613E-01   9.8180540E-06   2.5827814E-01
   8.5000000E-01   3.3703400E+02   1.0859984E+02   4.4563384E+02   3.7187462E-01   4.1560634E-05   2.8123959E-01
   9.0000000E-01   2.8647890E+02   1.0256652E+02   3.8904542E+02   3.7840469E-01   5.6914794E-07   2.7864360E-01
   9.5000000E-01   1.6418089E+02   6.7012608E+01   2.3119350E+02   3.9955429E-01   6.1899333E-06   2.8374325E-01
   1.0000000E+00   9.4314040E+01   4.4013219E+01   1.3832726E+02   4.1892875E-01   7.0964465E-06   2.8563098E-01
