   0.0000000E+00   3.3888544E+06   1.6363675E+06   5.0252218E+06   3.6918750E-03   4.4270702E-04   2.3466373E-03
   5.0000000E-02   8.6529359E+05   4.4162314E+05   1.3069167E+06   1.8135785E-03   2.3832602E-04   1.2138952E-03
   1.0000000E-01   3.3638989E+05   1.7335156E+05   5.0974145E+05   4.3391737E-03   4.8612130E-04   2.9598784E-03
   1.5000000E-01   1.7271494E+05   8.8850900E+04   2.6156584E+05   5.8404207E-03   1.0778132E-03   4.2057726E-03
   2.0000000E-01   9.6607050E+04   5.1693526E+04   1.4828466E+05   6.4322971E-03   1.3173563E-03   4.4178949E-03
   2.5000000E-01   6.1433808E+04   3.0570481E+04   9.2004290E+04   1.0649527E-02   1.8734064E-03   7.7164959E-03
   3.0000000E-01   3.8186576E+04   2.1570800E+04   5.9757376E+04   2.3425098E-02   2.9011815E-03   1.6010206E-02
   3.5000000E-01   2.5955898E+04   1.3105273E+04   3.9061170E+04   2.1673532E-02   4.0231039E-03   1.5749041E-02
   4.0000000E-01   1.7443382E+04   8.1646486E+03   2.5608030E+04   2.6180773E-02   5.3138821E-03   1.9517472E-02
   4.5000000E-01   1.2003819E+04   5.8427548E+03   1.7846574E+04   4.7499301E-02   7.3572281E-03   3.4355545E-02
   5.0000000E-01   9.1673247E+03   4.4117750E+03   1.3579100E+04   3.8521760E-02   1.0873465E-02   2.9538592E-02
   5.5000000E-01   6.2446612E+03   2.8011270E+03   9.0457882E+03   6.4062120E-02   1.3811490E-02   4.8496174E-02
   6.0000000E-01   4.7852586E+03   2.0371833E+03   6.8224419E+03   5.2978377E-02   1.7321470E-02   4.2283965E-02
   6.5000000E-01   3.5356883E+03   1.5229904E+03   5.0586787E+03   7.4146767E-02   2.0917214E-02   5.8118695E-02
   7.0000000E-01   2.8738835E+03   1.0868009E+03   3.9606844E+03   8.6603627E-02   2.3430878E-02   6.9260934E-02
   7.5000000E-01   1.8801504E+03   8.6580289E+02   2.7459533E+03   1.1837825E-01   3.4373261E-02   9.1885614E-02
   8.0000000E-01   1.5955283E+03   5.2521131E+02   2.1207396E+03   1.2323262E-01   4.0443247E-02   1.0272851E-01
   8.5000000E-01   1.1084674E+03   4.3065455E+02   1.5391219E+03   1.2696434E-01   3.0910541E-02   1.0006813E-01
   9.0000000E-01   8.0284827E+02   2.8294212E+02   1.0857904E+03   1.1154516E-01   3.8028666E-02   9.2366934E-02
   9.5000000E-01   5.2269834E+02   2.0438845E+02   7.2708679E+02   1.6613175E-01   6.0993312E-02   1.3642750E-01
   1.0000000E+00   2.3892890E+02   6.9163630E+01   3.0809253E+02   2.0847491E-01   5.9632432E-02   1.7486192E-01
