   0.0000000E+00   5.8467160E+05   2.7909411E+05   8.6376571E+05   2.2349322E-02   3.0147917E-05   1.5119975E-02
   5.0000000E-02   2.2440847E+05   1.0701578E+05   3.3142425E+05   7.8553276E-03   4.7434065E-05   5.3189432E-03
   1.0000000E-01   1.1904790E+05   5.8696343E+04   1.7774424E+05   4.0904130E-03   2.2005249E-05   2.7350635E-03
   1.5000000E-01   8.0553622E+04   4.0552679E+04   1.2110630E+05   4.5837181E-03   5.5618329E-05   3.0558574E-03
   2.0000000E-01   6.3152681E+04   3.1974228E+04   9.5126909E+04   4.4488080E-03   4.2617655E-05   2.9522902E-03
   2.5000000E-01   5.1413413E+04   2.6636171E+04   7.8024119E+04   3.2966362E-03   7.7846791E-05   2.1933285E-03
   3.0000000E-01   4.3014276E+04   2.0573429E+04   6.3577095E+04   8.0682997E-03   8.6873267E-05   5.4641450E-03
   3.5000000E-01   3.7678796E+04   1.8361933E+04   5.6040729E+04   5.7690832E-03   7.9761974E-05   3.9042367E-03
   4.0000000E-01   3.0891974E+04   1.6106480E+04   4.6990497E+04   3.2962667E-03   7.6401446E-05   2.1804050E-03
   4.5000000E-01   2.6978531E+04   1.3864164E+04   4.0835622E+04   6.7866099E-03   2.0500123E-04   4.5509700E-03
   5.0000000E-01   2.4688115E+04   1.2566874E+04   3.7254989E+04   3.6873569E-03   6.3104148E-05   2.4222726E-03
   5.5000000E-01   2.1396212E+04   1.0891986E+04   3.2288197E+04   6.9726329E-03   1.0256174E-04   4.6042885E-03
   6.0000000E-01   1.9247138E+04   9.3264797E+03   2.8573617E+04   4.6582679E-03   1.2445633E-04   3.1026212E-03
   6.5000000E-01   1.6708820E+04   8.5698816E+03   2.5278702E+04   3.0169224E-03   1.6821072E-04   2.0423541E-03
   7.0000000E-01   1.5301611E+04   7.7121938E+03   2.3013805E+04   6.9494924E-03   8.9216853E-05   4.6252972E-03
   7.5000000E-01   1.3020996E+04   6.8033433E+03   1.9824340E+04   9.3952152E-03   6.7897497E-05   6.1476588E-03
   8.0000000E-01   1.1339790E+04   5.6858103E+03   1.7025600E+04   7.2921746E-03   1.0927825E-04   4.8922835E-03
   8.5000000E-01   9.4144830E+03   4.7671586E+03   1.4181642E+04   2.6562292E-03   5.9153102E-05   1.7591041E-03
   9.0000000E-01   7.1761195E+03   3.8020348E+03   1.0978154E+04   4.6865171E-03   1.2580062E-04   3.0517307E-03
   9.5000000E-01   4.8550634E+03   2.6939068E+03   7.5489702E+03   7.0519699E-03   7.2884942E-05   4.5190950E-03
   1.0000000E+00   2.8042708E+03   1.4461486E+03   4.2504194E+03   3.1416829E-02   2.1573193E-05   2.0732497E-02
