   0.0000000E+00   3.1780059E+05   1.5177015E+05   4.6957074E+05   6.5906901E-02   1.1450670E-02   4.8053972E-02
   5.0000000E-02   1.5985522E+05   7.4548175E+04   2.3440340E+05   3.2484560E-02   8.1859109E-03   2.4755355E-02
   1.0000000E-01   9.2214374E+04   4.5613807E+04   1.3782818E+05   1.1100342E-02   7.4518215E-03   9.5962482E-03
   1.5000000E-01   7.0006954E+04   3.4568454E+04   1.0457541E+05   9.1973705E-03   4.8476016E-03   7.6677233E-03
   2.0000000E-01   5.7677751E+04   2.9809721E+04   8.7487472E+04   1.0560390E-02   2.7408975E-03   7.8826778E-03
   2.5000000E-01   4.8574089E+04   2.4293411E+04   7.2842034E+04   6.9345162E-03   5.5056493E-03   4.5542469E-03
   3.0000000E-01   3.9873618E+04   2.0668922E+04   6.0542540E+04   5.0188566E-03   3.7994390E-03   2.6340383E-03
   3.5000000E-01   3.5350587E+04   1.8498352E+04   5.3839844E+04   3.1334461E-03   5.5135434E-03   3.7828821E-03
   4.0000000E-01   3.1886693E+04   1.5445987E+04   4.7348596E+04   4.6571902E-03   6.7407287E-03   5.0387181E-03
   4.5000000E-01   2.8449830E+04   1.4302724E+04   4.2745481E+04   3.6343979E-03   7.8633918E-03   4.9472776E-03
   5.0000000E-01   2.5394763E+04   1.3184395E+04   3.8579158E+04   4.6619106E-03   4.1315302E-03   3.9077896E-03
   5.5000000E-01   2.2617364E+04   1.1401281E+04   3.4018646E+04   6.6896952E-03   3.3339112E-03   4.3525733E-03
   6.0000000E-01   2.0387748E+04   1.0329156E+04   3.0716904E+04   5.3121390E-03   8.1521793E-03   6.0612845E-03
   6.5000000E-01   1.8422797E+04   8.9224710E+03   2.7340371E+04   4.2423087E-03   3.3483915E-03   2.2242586E-03
   7.0000000E-01   1.6315655E+04   8.5534414E+03   2.4869097E+04   5.0248241E-03   5.6905383E-03   4.4542312E-03
   7.5000000E-01   1.4663475E+04   7.2192682E+03   2.1882744E+04   1.8703005E-03   8.7894036E-03   3.8538144E-03
   8.0000000E-01   1.3034790E+04   6.2866203E+03   1.9321410E+04   5.3198514E-03   8.4658031E-03   6.3399427E-03
   8.5000000E-01   1.1163315E+04   5.4599508E+03   1.6623266E+04   5.7963534E-03   6.9980905E-03   6.0794518E-03
   9.0000000E-01   9.1637879E+03   4.6119566E+03   1.3768671E+04   1.0979105E-02   1.1793622E-02   9.9351297E-03
   9.5000000E-01   6.6979101E+03   3.5282138E+03   1.0226124E+04   9.6236138E-03   1.7657215E-02   1.1917259E-02
   1.0000000E+00   4.3698839E+03   2.1943733E+03   6.5642572E+03   2.9972721E-02   3.8542855E-02   3.2814785E-02
