   0.0000000E+00   4.6600567E+05   2.2510875E+05   6.9111442E+05   2.1648563E-02   1.1069613E-02   1.8193490E-02
   5.0000000E-02   1.9665185E+05   1.0211381E+05   2.9870200E+05   4.6296344E-03   1.2474991E-02   7.3000208E-03
   1.0000000E-01   1.1398677E+05   5.7741413E+04   1.7169635E+05   5.1759310E-03   6.8703439E-03   5.4667777E-03
   1.5000000E-01   8.0383857E+04   3.9958501E+04   1.2034236E+05   3.1123051E-03   3.3595222E-03   2.1767205E-03
   2.0000000E-01   6.2102259E+04   3.0971552E+04   9.3073811E+04   2.3677531E-03   3.0054126E-03   1.6487064E-03
   2.5000000E-01   4.9961920E+04   2.5872228E+04   7.5834147E+04   3.0835779E-03   4.3473036E-03   6.5229717E-04
   3.0000000E-01   4.2430708E+04   2.1634462E+04   6.4065170E+04   2.4523989E-03   2.2572744E-03   2.2574878E-03
   3.5000000E-01   3.6887569E+04   1.8125474E+04   5.5013043E+04   3.9635314E-03   3.9256586E-03   3.9504618E-03
   4.0000000E-01   3.1425144E+04   1.5939368E+04   4.7364511E+04   8.2503537E-04   3.3455488E-03   1.4415651E-03
   4.5000000E-01   2.8520566E+04   1.3920752E+04   4.2434245E+04   2.8272810E-03   4.1919726E-03   3.2609637E-03
   5.0000000E-01   2.5019157E+04   1.2229466E+04   3.7248623E+04   1.4699019E-03   3.6000593E-03   1.8861739E-03
   5.5000000E-01   2.1697159E+04   1.0857261E+04   3.2548633E+04   7.6401403E-05   3.5681297E-03   1.2024869E-03
   6.0000000E-01   1.8838640E+04   1.0249578E+04   2.9082913E+04   4.1100986E-03   7.3366492E-03   3.5026671E-03
   6.5000000E-01   1.7384617E+04   8.4964254E+03   2.5876145E+04   3.5517417E-03   3.5144452E-03   2.4079880E-03
   7.0000000E-01   1.6070102E+04   7.9031797E+03   2.3973282E+04   4.4258642E-03   3.2283082E-03   3.7926490E-03
   7.5000000E-01   1.2936114E+04   6.9052025E+03   1.9841316E+04   5.2376915E-03   2.8018129E-03   3.1027578E-03
   8.0000000E-01   1.1558628E+04   5.9165850E+03   1.7475213E+04   1.9424959E-03   4.5101678E-03   1.2743721E-03
   8.5000000E-01   9.3770348E+03   4.9206964E+03   1.4297731E+04   9.4276388E-03   9.1615848E-03   8.5793561E-03
   9.0000000E-01   7.7278567E+03   3.9930207E+03   1.1720877E+04   5.2735221E-03   1.2811592E-02   7.8150954E-03
   9.5000000E-01   5.6324097E+03   2.6771537E+03   8.3095633E+03   1.1429193E-02   8.0466164E-03   1.0035373E-02
   1.0000000E+00   3.3387170E+03   1.6222015E+03   4.9609185E+03   1.5299972E-02   2.1161844E-02   1.0610597E-02
