   0.0000000E+00   2.3060915E+06   1.0649376E+06   3.3710290E+06   3.6652060E-03   2.2778169E-04   2.5730585E-03
   5.0000000E-02   6.7360738E+05   3.2626763E+05   9.9987501E+05   2.1318196E-03   2.9142617E-04   1.3953330E-03
   1.0000000E-01   2.8781580E+05   1.4161607E+05   4.2943187E+05   5.4975921E-03   8.9580424E-05   3.7131181E-03
   1.5000000E-01   1.6405692E+05   8.0192871E+04   2.4424979E+05   3.0229363E-03   5.5351977E-04   2.1887041E-03
   2.0000000E-01   1.0440564E+05   5.1422962E+04   1.5582860E+05   4.6535885E-03   4.2804452E-04   3.0661532E-03
   2.5000000E-01   6.7698147E+04   3.3358876E+04   1.0105702E+05   6.4113766E-03   3.3242448E-04   4.1912965E-03
   3.0000000E-01   4.6887046E+04   2.4870612E+04   7.1757659E+04   5.9351160E-03   1.5806523E-04   3.8433699E-03
   3.5000000E-01   3.3586240E+04   1.7688935E+04   5.1275175E+04   4.4968438E-03   6.0536339E-04   2.7784518E-03
   4.0000000E-01   2.4493946E+04   1.1920705E+04   3.6414651E+04   5.7868748E-03   5.3701929E-04   4.0642729E-03
   4.5000000E-01   1.7330205E+04   9.7049148E+03   2.7035120E+04   7.9962832E-03   7.7728370E-04   4.8471127E-03
   5.0000000E-01   1.3419945E+04   6.9264231E+03   2.0346368E+04   9.4786392E-03   1.3062057E-03   6.5842721E-03
   5.5000000E-01   9.5145719E+03   5.0292962E+03   1.4543868E+04   1.4269751E-02   1.8213456E-03   9.4655531E-03
   6.0000000E-01   7.0611743E+03   4.0266201E+03   1.1082489E+04   3.3009989E-03   1.8769243E-03   2.3874633E-03
   6.5000000E-01   5.4896213E+03   2.8794802E+03   8.3691015E+03   7.1394043E-03   2.2414522E-03   4.0011529E-03
   7.0000000E-01   3.7378675E+03   2.2190746E+03   5.9569422E+03   7.7973487E-03   2.8039633E-03   3.9227674E-03
   7.5000000E-01   2.9072303E+03   1.5618405E+03   4.4690708E+03   1.2099444E-02   4.6223291E-03   7.4625683E-03
   8.0000000E-01   2.0332044E+03   1.2254931E+03   3.2586975E+03   1.3822940E-02   4.8050078E-03   8.5393251E-03
   8.5000000E-01   1.6776803E+03   8.6879875E+02   2.5464791E+03   1.4673495E-02   4.0660470E-03   8.6859092E-03
   9.0000000E-01   9.2663545E+02   5.0929582E+02   1.4359313E+03   1.0806389E-02   2.0248045E-02   1.2414188E-02
   9.5000000E-01   6.1986662E+02   3.5516682E+02   9.7503344E+02   4.6079617E-02   5.1948409E-03   2.7402385E-02
   1.0000000E+00   2.4521650E+02   2.2635370E+02   4.7157020E+02   5.2035276E-03   9.3810986E-06   2.7086539E-03
