   0.0000000E+00   1.6759397E+07   9.6659253E+06   2.6330084E+07   3.0936579E-03   1.5391136E-03   2.5260754E-03
   5.0000000E-02   1.5291607E+05   6.4616907E+04   2.1753298E+05   1.3089013E-01   8.9527812E-02   1.1858543E-01
   1.0000000E-01   7.5980570E+04   3.1990144E+04   1.0793888E+05   1.3342466E-01   7.8436491E-02   1.1703910E-01
   1.5000000E-01   5.2648455E+04   2.0095964E+04   7.2744419E+04   1.3364202E-01   7.8297263E-02   1.1828908E-01
   2.0000000E-01   3.6669299E+04   1.5342537E+04   5.1948173E+04   1.3114100E-01   8.8933306E-02   1.1882295E-01
   2.5000000E-01   2.9017129E+04   1.2248564E+04   4.1214764E+04   1.3986970E-01   8.7113328E-02   1.2399275E-01
   3.0000000E-01   2.3204791E+04   1.0270799E+04   3.3454369E+04   1.4339831E-01   8.5793395E-02   1.2577230E-01
   3.5000000E-01   1.9926199E+04   8.3670027E+03   2.8275012E+04   1.4082356E-01   1.0287295E-01   1.2969239E-01
   4.0000000E-01   1.5843875E+04   7.1301415E+03   2.2966058E+04   1.4460926E-01   1.0092597E-01   1.3103507E-01
   4.5000000E-01   1.3793428E+04   6.2388738E+03   2.0032302E+04   1.5471412E-01   1.0945111E-01   1.4058975E-01
   5.0000000E-01   1.1535550E+04   4.9783666E+03   1.6513917E+04   1.5142355E-01   9.6237814E-02   1.3469112E-01
   5.5000000E-01   9.7229202E+03   4.3868890E+03   1.4109809E+04   1.6301156E-01   1.0888335E-01   1.4617870E-01
   6.0000000E-01   8.5678411E+03   3.9523478E+03   1.2514884E+04   1.6575734E-01   1.0259025E-01   1.4585090E-01
   6.5000000E-01   7.6688197E+03   3.5063058E+03   1.1175126E+04   1.7137631E-01   1.1109907E-01   1.5245681E-01
   7.0000000E-01   6.5844674E+03   2.9466401E+03   9.5311074E+03   1.7962040E-01   1.2893549E-01   1.6394197E-01
   7.5000000E-01   5.5428362E+03   2.4233993E+03   7.9662354E+03   1.8605625E-01   1.2828832E-01   1.6848008E-01
   8.0000000E-01   4.6990497E+03   2.0332044E+03   6.7322541E+03   1.9827988E-01   1.3400368E-01   1.7886452E-01
   8.5000000E-01   3.6512016E+03   1.7076389E+03   5.3588406E+03   2.1391509E-01   1.5590044E-01   1.9527915E-01
   9.0000000E-01   3.0769956E+03   1.3298280E+03   4.4068235E+03   2.1645745E-01   1.5451536E-01   1.9776539E-01
   9.5000000E-01   2.0941440E+03   9.7838407E+02   3.0725281E+03   2.3837763E-01   1.3966026E-01   2.0690979E-01
   1.0000000E+00   9.8086602E+02   3.9611897E+02   1.3769850E+03   2.2715696E-01   2.0114239E-01   2.1961574E-01
