   0.0000000E+00   5.8416230E+05   2.6636171E+05   8.5052402E+05   3.7076782E-02   9.0830622E-06   2.5462829E-02
   5.0000000E-02   2.1721467E+05   9.7721135E+04   3.1487214E+05   9.3866662E-03   1.1717053E-04   6.4884141E-03
   1.0000000E-01   1.1732902E+05   5.5131272E+04   1.7246030E+05   5.0884233E-03   5.1101352E-05   3.4460950E-03
   1.5000000E-01   7.9874561E+04   4.1295403E+04   1.2116996E+05   1.6150586E-03   1.0027658E-04   1.0931859E-03
   2.0000000E-01   6.2468315E+04   3.2897327E+04   9.5365642E+04   5.0998482E-03   6.1735449E-05   3.3608032E-03
   2.5000000E-01   4.9961920E+04   2.5324735E+04   7.5273922E+04   5.2794773E-03   1.9530763E-04   3.6240964E-03
   3.0000000E-01   4.2218501E+04   2.0403664E+04   6.2611555E+04   2.6206745E-03   2.4243594E-04   1.8088128E-03
   3.5000000E-01   3.7469621E+04   1.8298271E+04   5.5767892E+04   3.9863995E-03   1.1594536E-04   2.6848857E-03
   4.0000000E-01   3.2547186E+04   1.5851832E+04   4.8399018E+04   7.2797718E-03   1.2294422E-04   4.9351177E-03
   4.5000000E-01   2.7112929E+04   1.4062223E+04   4.1175152E+04   6.9764060E-03   6.4079889E-05   4.6156912E-03
   5.0000000E-01   2.5222875E+04   1.2095776E+04   3.7318651E+04   4.3608949E-03   2.0874191E-04   2.8957433E-03
   5.5000000E-01   2.1882358E+04   1.0822536E+04   3.2704894E+04   5.9062619E-03   3.4156573E-05   3.9146734E-03
   6.0000000E-01   1.9464650E+04   9.7031464E+03   2.9162491E+04   6.5921380E-03   7.3524695E-05   4.4199975E-03
   6.5000000E-01   1.7247499E+04   8.5600874E+03   2.5797792E+04   2.9064057E-03   2.5537869E-06   1.9425117E-03
   7.0000000E-01   1.5006037E+04   7.7667612E+03   2.2768251E+04   1.0624936E-02   1.0754158E-04   7.0342744E-03
   7.5000000E-01   1.3016752E+04   6.5784043E+03   1.9590912E+04   8.5926711E-03   6.0428607E-05   5.7033459E-03
   8.0000000E-01   1.1276128E+04   5.6579582E+03   1.6934086E+04   6.6231506E-03   9.0796164E-05   4.4071836E-03
   8.5000000E-01   9.6878550E+03   4.7034967E+03   1.4391352E+04   1.2553292E-02   2.8302029E-06   8.4498431E-03
   9.0000000E-01   7.4696720E+03   3.8374025E+03   1.1307075E+04   4.1917094E-03   4.6831033E-05   2.7769261E-03
   9.5000000E-01   5.3543073E+03   2.8111789E+03   8.1654862E+03   1.8863722E-02   1.8048916E-04   1.2313652E-02
   1.0000000E+00   2.7916956E+03   1.7542412E+03   4.5459367E+03   3.1484929E-02   9.5703942E-06   1.9333437E-02
