   0.0000000E+00   3.1699590E+07   1.6350433E+07   4.7524939E+07   2.5529241E-04   1.3472020E-08   1.6904333E-04
   5.0000000E-02   1.7825354E+04   4.9019722E+03   2.2727326E+04   1.8810594E-01   1.0698944E-02   1.4984144E-01
   1.0000000E-01   9.9949304E+03   2.1326762E+03   1.2127607E+04   1.9234358E-01   1.1256872E-02   1.6049876E-01
   1.5000000E-01   5.7295780E+03   1.4642255E+03   7.1938034E+03   2.1675931E-01   3.3864060E-03   1.7289335E-01
   2.0000000E-01   4.4563384E+03   9.5492966E+02   5.4112681E+03   2.0498100E-01   2.3405082E-04   1.6876658E-01
   2.5000000E-01   2.9793805E+03   8.7853529E+02   3.8579158E+03   2.0137795E-01   2.0479190E-05   1.5552427E-01
   3.0000000E-01   2.6313617E+03   7.2150241E+02   3.3528641E+03   2.2662513E-01   6.0863470E-06   1.7785901E-01
   3.5000000E-01   2.0735615E+03   3.4559359E+02   2.4191551E+03   2.3444981E-01   7.1308840E-06   2.0095596E-01
   4.0000000E-01   1.6711269E+03   3.9788736E+02   2.0690143E+03   2.3735600E-01   1.3190012E-02   1.9424664E-01
   4.5000000E-01   1.3581222E+03   2.9708923E+02   1.6552114E+03   2.4358185E-01   9.0940398E-03   2.0149430E-01
   5.0000000E-01   1.0631550E+03   3.6287327E+02   1.4260283E+03   2.5048112E-01   7.2920600E-03   1.8841820E-01
   5.5000000E-01   1.1632779E+03   2.8358517E+02   1.4468631E+03   2.7483472E-01   1.0522150E-05   2.2096918E-01
   6.0000000E-01   8.4882636E+02   2.2281692E+02   1.0716433E+03   2.8330603E-01   4.4418647E-03   2.2532434E-01
   6.5000000E-01   6.9048760E+02   1.9588301E+02   8.8637061E+02   2.8590303E-01   6.4151865E-03   2.2294851E-01
   7.0000000E-01   6.2297792E+02   2.0462778E+02   8.2760570E+02   2.8085648E-01   1.7865481E-06   2.1141435E-01
   7.5000000E-01   6.0266672E+02   1.5278875E+02   7.5545546E+02   3.2184035E-01   3.2632329E-03   2.5709410E-01
   8.0000000E-01   4.5359159E+02   1.1140846E+02   5.6500005E+02   3.3114523E-01   3.2038143E-05   2.6584384E-01
   8.5000000E-01   3.1082024E+02   1.2357913E+02   4.3439937E+02   3.5107310E-01   1.2982406E-02   2.5489213E-01
   9.0000000E-01   2.8294212E+02   7.7809083E+01   3.6075120E+02   3.6889387E-01   1.2986496E-05   2.8933132E-01
   9.5000000E-01   1.6083026E+02   5.6960716E+01   2.1779097E+02   3.7202936E-01   6.0161674E-03   2.7320312E-01
   1.0000000E+00   5.0300822E+01   1.8862808E+01   6.9163630E+01   4.2210484E-01   1.6144295E-04   3.0702936E-01
