   0.0000000E+00   1.1408226E+05   7.1606992E+05   8.3015218E+05   1.1391166E-02   6.0043519E-04   1.9787460E-03
   5.0000000E-02   1.0478761E+05   2.3217523E+05   3.3696285E+05   1.7979808E-03   3.0599936E-04   4.8783819E-04
   1.0000000E-01   9.2787332E+04   1.0828902E+05   2.0107636E+05   1.4552003E-03   3.5573828E-04   7.5372024E-04
   1.5000000E-01   8.2866674E+04   6.7948550E+04   1.5081522E+05   2.0736712E-04   8.0569565E-04   2.4915311E-04
   2.0000000E-01   7.1635640E+04   4.4276905E+04   1.1592846E+05   6.7222693E-04   7.6041346E-04   4.3134429E-04
   2.5000000E-01   6.1204625E+04   3.1920115E+04   9.3124740E+04   1.3492757E-03   1.3614779E-03   6.6740532E-04
   3.0000000E-01   5.1778408E+04   2.4138500E+04   7.5916908E+04   1.6552851E-03   7.1461927E-04   9.0275287E-04
   3.5000000E-01   4.5354611E+04   1.8289177E+04   6.3634694E+04   1.8807129E-04   7.6333495E-04   3.4927028E-04
   4.0000000E-01   3.7839088E+04   1.4896903E+04   5.2735990E+04   1.1422004E-03   1.7134545E-03   3.3690280E-04
   4.5000000E-01   3.3323508E+04   1.1933084E+04   4.5249519E+04   4.0451542E-04   2.3306934E-03   5.4659468E-04
   5.0000000E-01   2.8526932E+04   9.2628177E+03   3.7789750E+04   1.3936596E-03   1.4734724E-03   8.7107903E-04
   5.5000000E-01   2.4197339E+04   7.1706536E+03   3.1367992E+04   2.4413588E-03   1.0881015E-03   1.6469741E-03
   6.0000000E-01   2.0833382E+04   5.8197658E+03   2.6653148E+04   1.5611789E-03   3.8686712E-03   1.1168896E-03
   6.5000000E-01   1.7017336E+04   4.8725898E+03   2.1889926E+04   2.9617842E-03   3.5412387E-03   1.8495295E-03
   7.0000000E-01   1.4301208E+04   4.0334410E+03   1.8334649E+04   3.0241274E-03   8.7047020E-04   2.1932495E-03
   7.5000000E-01   1.1246949E+04   3.3061787E+03   1.4553128E+04   3.1333312E-03   1.9421979E-03   2.7857642E-03
   8.0000000E-01   9.5492966E+03   2.5623946E+03   1.2115670E+04   3.2202737E-03   1.5753376E-03   2.3888840E-03
   8.5000000E-01   7.8566370E+03   2.1570176E+03   1.0013655E+04   5.2659321E-03   7.1782666E-03   5.0455939E-03
   9.0000000E-01   5.6553056E+03   1.4500784E+03   7.1053840E+03   2.3150020E-03   6.3236937E-03   5.5719079E-04
   9.5000000E-01   3.6488365E+03   9.7838407E+02   4.6272206E+03   5.2475161E-03   7.6508471E-03   4.4074841E-03
   1.0000000E+00   2.1377849E+03   5.7845945E+02   2.7162444E+03   6.8460374E-03   1.7040828E-02   4.6474129E-03
