   0.0000000E+00   3.2657066E+07   1.6653973E+07   4.8853183E+07   1.1296098E-04   1.7016984E-05   8.1310700E-05
   5.0000000E-02   9.2946487E+03   2.2918312E+03   1.1586480E+04   1.9681072E-01   5.3350678E-02   1.6842423E-01
   1.0000000E-01   4.1061975E+03   1.2732395E+03   5.3794371E+03   1.7818624E-01   3.0739818E-02   1.4328768E-01
   1.5000000E-01   2.9284510E+03   6.1539911E+02   3.5438501E+03   1.6587014E-01   2.8672658E-02   1.4204521E-01
   2.0000000E-01   2.1326762E+03   5.2521131E+02   2.6578875E+03   1.9111873E-01   2.5260122E-02   1.5834427E-01
   2.5000000E-01   1.3369015E+03   4.7109863E+02   1.8080002E+03   1.8984092E-01   3.8169096E-02   1.5032079E-01
   3.0000000E-01   1.0822536E+03   3.7136153E+02   1.4536151E+03   2.3016209E-01   5.2082143E-02   1.8466719E-01
   3.5000000E-01   1.0094971E+03   3.0921532E+02   1.3187124E+03   1.9002901E-01   4.6107175E-02   1.5628110E-01
   4.0000000E-01   8.3556345E+02   2.3873241E+02   1.0742959E+03   2.0066748E-01   3.1662118E-02   1.6310978E-01
   4.5000000E-01   6.1539911E+02   1.6976527E+02   7.8516439E+02   2.4796271E-01   7.7988678E-02   2.1120921E-01
   5.0000000E-01   6.4935217E+02   1.4642255E+02   7.9577472E+02   2.5811612E-01   1.3418521E-02   2.1309157E-01
   5.5000000E-01   5.3823308E+02   1.6783612E+02   7.0606920E+02   2.2627828E-01   8.1740941E-02   1.9192092E-01
   6.0000000E-01   3.5544604E+02   1.5384978E+02   5.0929582E+02   2.7843406E-01   7.9199189E-02   2.1819322E-01
   6.5000000E-01   3.2810404E+02   1.1752980E+02   4.4563384E+02   3.0163355E-01   5.8243012E-02   2.3744264E-01
   7.0000000E-01   3.1376260E+02   1.0458753E+02   4.1835014E+02   3.0428713E-01   5.3060116E-02   2.4145298E-01
   7.5000000E-01   2.3342725E+02   7.2150241E+01   3.0557749E+02   3.2041313E-01   3.1353034E-02   2.5216188E-01
   8.0000000E-01   2.1883805E+02   5.9683104E+01   2.7852115E+02   3.2968170E-01   4.1914374E-02   2.6801663E-01
   8.5000000E-01   1.6477218E+02   4.8682688E+01   2.1345486E+02   3.4447617E-01   8.9651607E-02   2.8635829E-01
   9.0000000E-01   1.3439751E+02   3.5367765E+01   1.6976527E+02   3.1837160E-01   7.5887474E-02   2.6785244E-01
   9.5000000E-01   6.7012608E+01   3.6856934E+01   1.0386954E+02   3.4173333E-01   7.4338796E-02   2.4685140E-01
   1.0000000E+00   6.9163630E+01   1.8862808E+01   8.8026438E+01   3.0744438E-01   2.1875620E-07   2.4156349E-01
