   0.0000000E+00   1.9938931E+06   9.0400008E+05   2.8978932E+06   3.4953756E-03   3.9156315E-04   2.5071503E-03
   5.0000000E-02   5.8772737E+05   2.8074932E+05   8.6847669E+05   4.5784425E-03   4.9946543E-04   3.1329940E-03
   1.0000000E-01   2.6120509E+05   1.2414086E+05   3.8531412E+05   1.8786567E-03   1.3660602E-04   1.2845611E-03
   1.5000000E-01   1.5467738E+05   7.5397002E+04   2.3007439E+05   1.1893797E-03   5.2747089E-04   8.6843774E-04
   2.0000000E-01   9.8867051E+04   4.9003807E+04   1.4787086E+05   1.8537463E-03   1.4307211E-04   1.1920234E-03
   2.5000000E-01   6.6666823E+04   3.4135552E+04   1.0080237E+05   4.1912546E-03   3.6382528E-04   2.8813243E-03
   3.0000000E-01   4.8499816E+04   2.5634556E+04   7.4123762E+04   7.6494154E-03   3.0350683E-04   5.0822462E-03
   3.5000000E-01   3.6150909E+04   1.8234609E+04   5.4385518E+04   5.0856645E-03   2.6801842E-04   3.4703369E-03
   4.0000000E-01   2.7295073E+04   1.3313311E+04   4.0608384E+04   6.8382613E-03   1.4005219E-04   4.6341716E-03
   4.5000000E-01   2.0067670E+04   9.9029742E+03   2.9970644E+04   7.4387217E-03   1.1379578E-03   5.2869259E-03
   5.0000000E-01   1.4941466E+04   8.2633246E+03   2.3204791E+04   3.5777504E-03   1.6576698E-03   1.8154443E-03
   5.5000000E-01   1.1974239E+04   6.1867867E+03   1.8161026E+04   6.9327012E-03   1.2269460E-03   4.6210029E-03
   6.0000000E-01   9.1301886E+03   4.6207985E+03   1.3750987E+04   5.2558781E-03   1.1998816E-03   3.1043308E-03
   6.5000000E-01   6.9685380E+03   3.8246157E+03   1.0793154E+04   1.3064052E-02   1.5905774E-03   8.9924348E-03
   7.0000000E-01   5.3294170E+03   2.8284107E+03   8.1578277E+03   1.4014909E-02   1.0793146E-03   9.3033675E-03
   7.5000000E-01   4.2695966E+03   2.1135776E+03   6.3831743E+03   5.3850758E-03   6.6893284E-03   5.8089046E-03
   8.0000000E-01   3.0517960E+03   1.5557396E+03   4.6075356E+03   8.2913317E-03   2.3716127E-03   4.6913995E-03
   8.5000000E-01   2.2656174E+03   1.2957085E+03   3.5613259E+03   1.0680975E-02   3.2487888E-03   5.6806235E-03
   9.0000000E-01   1.5455713E+03   8.2406893E+02   2.3696403E+03   1.4447300E-02   1.4920769E-03   8.9135859E-03
   9.5000000E-01   9.0467020E+02   5.8636032E+02   1.4910305E+03   1.3899196E-02   1.8483459E-03   7.7308291E-03
   1.0000000E+00   3.8354376E+02   2.2635370E+02   6.0989746E+02   4.5653564E-02   9.0363903E-07   2.8710259E-02
