   0.0000000E+00   4.8943328E+05   4.9707272E+05   9.8650600E+05   1.1367717E-01   5.1612834E-06   5.6397001E-02
   5.0000000E-02   1.8735720E+05   9.8485079E+04   2.8584228E+05   1.1342344E-01   6.1790350E-06   7.4346268E-02
   1.0000000E-01   1.0902114E+05   5.7263949E+04   1.6622142E+05   7.5835869E-02   7.3174662E-05   4.9685931E-02
   1.5000000E-01   7.8771087E+04   3.8409393E+04   1.1718048E+05   5.8340244E-02   5.6999833E-06   3.9216659E-02
   2.0000000E-01   6.2993526E+04   2.9380002E+04   9.2373529E+04   5.3078519E-02   3.0552785E-05   3.6206041E-02
   2.5000000E-01   4.9108849E+04   2.4204284E+04   7.3274936E+04   3.7587858E-02   1.4707005E-05   2.5162349E-02
   3.0000000E-01   4.2802069E+04   2.1973992E+04   6.4765452E+04   4.7646902E-02   2.2330957E-05   3.1495738E-02
   3.5000000E-01   3.6987609E+04   1.8243704E+04   5.5213123E+04   4.0289700E-02   1.7934208E-05   2.6966450E-02
   4.0000000E-01   3.1894651E+04   1.5843875E+04   4.7730567E+04   4.1824339E-02   6.4982622E-05   2.7927713E-02
   4.5000000E-01   2.8407389E+04   1.3800502E+04   4.2200817E+04   3.5988179E-02   2.8173380E-06   2.4225819E-02
   5.0000000E-01   2.5012791E+04   1.1828395E+04   3.6834820E+04   3.8607281E-02   2.9491495E-05   2.6197111E-02
   5.5000000E-01   2.2096494E+04   1.0816749E+04   3.2901667E+04   3.3334956E-02   1.8143190E-05   2.2378739E-02
   6.0000000E-01   1.9533617E+04   9.4803294E+03   2.8998031E+04   3.2498402E-02   2.2690632E-05   2.1919366E-02
   6.5000000E-01   1.7306264E+04   8.6923084E+03   2.5988778E+04   3.8646913E-02   1.8645672E-06   2.5670113E-02
   7.0000000E-01   1.5360726E+04   7.4393568E+03   2.2795535E+04   3.9953625E-02   1.2761347E-05   2.6820212E-02
   7.5000000E-01   1.3789184E+04   6.4341038E+03   2.0223288E+04   5.2755638E-02   5.7038985E-05   3.5989395E-02
   8.0000000E-01   1.1347747E+04   5.7096836E+03   1.7049473E+04   5.2364667E-02   2.0547756E-05   3.4922674E-02
   8.5000000E-01   1.0069827E+04   4.7596690E+03   1.4825751E+04   6.1306469E-02   2.1184558E-05   4.1727968E-02
   9.0000000E-01   7.9046955E+03   3.8621600E+03   1.1763319E+04   8.2473819E-02   4.9354449E-05   5.5436744E-02
   9.5000000E-01   6.2321725E+03   2.7910751E+03   9.0198970E+03   8.4539483E-02   1.4538323E-05   5.8406911E-02
   1.0000000E+00   3.5839335E+03   1.2826709E+03   4.8666045E+03   1.1145916E-01   3.9686808E-05   8.2092774E-02
