   0.0000000E+00   3.7178595E+05   4.8281244E+05   8.5459838E+05   8.2013413E-02   3.9592855E-03   3.7882009E-02
   5.0000000E-02   1.4336677E+05   7.1683386E+04   2.1498650E+05   8.3261469E-02   1.3051797E-02   5.9872612E-02
   1.0000000E-01   9.2882825E+04   4.4404229E+04   1.3728705E+05   5.3284257E-02   1.0541965E-02   3.9432790E-02
   1.5000000E-01   6.9158128E+04   3.4929205E+04   1.0408733E+05   4.2206267E-02   1.4954849E-02   3.2998887E-02
   2.0000000E-01   5.5385920E+04   2.6562960E+04   8.1917049E+04   3.5749702E-02   5.9755735E-03   2.6119997E-02
   2.5000000E-01   4.7606427E+04   2.1734199E+04   6.9302428E+04   3.0406898E-02   1.2518676E-02   2.4693185E-02
   3.0000000E-01   4.0138877E+04   1.9936809E+04   6.0043855E+04   2.7857957E-02   1.5486580E-02   2.3631539E-02
   3.5000000E-01   3.6214570E+04   1.8543825E+04   5.4758395E+04   2.7445630E-02   7.9111085E-03   2.0805786E-02
   4.0000000E-01   3.2157256E+04   1.6106480E+04   4.8231906E+04   2.4339064E-02   5.8283089E-03   1.8051130E-02
   4.5000000E-01   2.8548860E+04   1.3736840E+04   4.2271553E+04   1.8614042E-02   7.3335408E-03   1.4688320E-02
   5.0000000E-01   2.5751270E+04   1.3018874E+04   3.8770144E+04   2.0804305E-02   9.3032310E-03   1.6427258E-02
   5.5000000E-01   2.3624381E+04   1.1464943E+04   3.5089324E+04   2.5305369E-02   1.4141964E-02   2.1640787E-02
   6.0000000E-01   2.0525682E+04   1.0387513E+04   3.0907890E+04   2.3719319E-02   1.3089002E-02   2.0082389E-02
   6.5000000E-01   1.8912504E+04   9.0938686E+03   2.7996579E+04   2.4516245E-02   1.4268411E-02   2.1144204E-02
   7.0000000E-01   1.6611229E+04   8.1487331E+03   2.4746320E+04   2.6832475E-02   1.5994493E-02   2.3230787E-02
   7.5000000E-01   1.4531907E+04   7.4569396E+03   2.1980359E+04   2.7916992E-02   1.6615111E-02   2.4081734E-02
   8.0000000E-01   1.2477748E+04   6.7004231E+03   1.9174192E+04   3.1498659E-02   2.2700322E-02   2.8175611E-02
   8.5000000E-01   1.1009777E+04   5.6397022E+03   1.6641990E+04   3.7855323E-02   2.4345079E-02   3.3188363E-02
   9.0000000E-01   9.1284202E+03   4.4138971E+03   1.3538780E+04   4.7908859E-02   3.1966808E-02   4.2696063E-02
   9.5000000E-01   6.7481696E+03   3.4913569E+03   1.0239526E+04   5.2311440E-02   5.1016528E-02   5.1848225E-02
   1.0000000E+00   3.7725616E+03   1.7919668E+03   5.5645284E+03   7.7084314E-02   7.4813231E-02   7.6326100E-02
