   0.0000000E+00   3.1798394E+07   1.6383028E+07   4.7772457E+07   2.2959089E-04   1.0778223E-07   1.5237827E-04
   5.0000000E-02   1.7443382E+04   4.5200004E+03   2.1963382E+04   1.9174714E-01   1.1130921E-02   1.5457677E-01
   1.0000000E-01   9.2628177E+03   2.1645072E+03   1.1427325E+04   1.8552363E-01   2.1046166E-03   1.5078131E-01
   1.5000000E-01   5.9205639E+03   1.0185916E+03   6.9391555E+03   1.7618669E-01   5.3095396E-03   1.5110379E-01
   2.0000000E-01   4.6950708E+03   9.7084515E+02   5.6659160E+03   2.0827563E-01   1.2698958E-02   1.7476386E-01
   2.5000000E-01   3.3740848E+03   9.4219726E+02   4.3162821E+03   2.1008243E-01   1.4811406E-02   1.6745643E-01
   3.0000000E-01   2.5570894E+03   5.4112681E+02   3.0982162E+03   2.2732550E-01   8.6969140E-06   1.8761987E-01
   3.5000000E-01   2.1281290E+03   5.0929582E+02   2.6374248E+03   2.3934101E-01   1.7634840E-04   1.9312166E-01
   4.0000000E-01   1.6631692E+03   4.5359159E+02   2.1167607E+03   2.4966025E-01   5.2688593E-07   1.9616152E-01
   4.5000000E-01   1.5137403E+03   4.2441318E+02   1.9381535E+03   2.5993649E-01   2.6369537E-03   2.0359353E-01
   5.0000000E-01   1.1841128E+03   3.3104228E+02   1.5151551E+03   2.5807410E-01   1.0511678E-02   2.0384580E-01
   5.5000000E-01   9.3177985E+02   2.0834829E+02   1.1401281E+03   2.7904226E-01   1.1959519E-05   2.2805195E-01
   6.0000000E-01   9.8676065E+02   3.2361505E+02   1.3103757E+03   2.8913866E-01   3.7207687E-06   2.1773103E-01
   6.5000000E-01   8.0801740E+02   2.3505961E+02   1.0430770E+03   3.1083907E-01   2.4128700E-06   2.4079029E-01
   7.0000000E-01   6.7299805E+02   2.0917507E+02   8.8217311E+02   3.0064140E-01   2.0428923E-06   2.2935578E-01
   7.5000000E-01   5.4324887E+02   1.6552114E+02   7.0877001E+02   3.1363950E-01   6.9258518E-03   2.4201113E-01
   8.0000000E-01   3.5809862E+02   1.1936621E+02   4.7746483E+02   3.3908531E-01   1.0258427E-05   2.5431145E-01
   8.5000000E-01   2.9958578E+02   7.1151622E+01   3.7073740E+02   3.6949820E-01   2.2026480E-02   3.0281171E-01
   9.0000000E-01   2.4050080E+02   1.0964007E+02   3.5014087E+02   3.7047205E-01   2.0652429E-02   2.6065688E-01
   9.5000000E-01   1.8093404E+02   4.3558195E+01   2.2449224E+02   3.7791791E-01   1.4458395E-05   3.0458775E-01
   1.0000000E+00   1.0688925E+02   3.1438013E+01   1.3832726E+02   4.2258426E-01   2.1237368E-05   3.2654721E-01
