   0.0000000E+00   3.2499185E+07   1.6601006E+07   4.8723312E+07   1.2283945E-04   3.8157781E-05   9.4171441E-05
   5.0000000E-02   9.4856346E+03   3.0557749E+03   1.2541410E+04   1.5823519E-01   9.6680980E-02   1.4323721E-01
   1.0000000E-01   4.8383103E+03   2.1963382E+03   7.0346485E+03   1.6370166E-01   9.3195084E-02   1.4162889E-01
   1.5000000E-01   3.8197186E+03   1.2732395E+03   5.0929582E+03   1.7740649E-01   9.2105936E-02   1.5608131E-01
   2.0000000E-01   2.2759157E+03   1.0185916E+03   3.2945073E+03   1.6812223E-01   9.2689573E-02   1.4479688E-01
   2.5000000E-01   1.9480565E+03   6.4935217E+02   2.5974087E+03   1.9264576E-01   1.1072584E-01   1.7216577E-01
   3.0000000E-01   1.2414086E+03   6.5784043E+02   1.8992490E+03   1.7789138E-01   8.3364197E-02   1.4514986E-01
   3.5000000E-01   1.2459558E+03   2.9102618E+02   1.5369820E+03   1.9293707E-01   7.0639460E-02   1.6977723E-01
   4.0000000E-01   9.7880290E+02   3.5809862E+02   1.3369015E+03   1.8935186E-01   1.0179089E-01   1.6574747E-01
   4.5000000E-01   6.9320820E+02   2.6879501E+02   9.6200321E+02   2.1557720E-01   1.3114658E-01   1.9198465E-01
   5.0000000E-01   8.2123951E+02   2.7374650E+02   1.0949860E+03   2.1139995E-01   1.4755939E-01   1.9543754E-01
   5.5000000E-01   5.2087072E+02   2.4307300E+02   7.6394373E+02   2.1944198E-01   9.1820556E-02   1.7882861E-01
   6.0000000E-01   6.0478878E+02   2.2281692E+02   8.2760570E+02   2.4401672E-01   1.2093846E-01   2.1088015E-01
   6.5000000E-01   4.0645724E+02   1.8119178E+02   5.8764902E+02   2.6189542E-01   1.4012508E-01   2.2434929E-01
   7.0000000E-01   3.6833001E+02   1.4551309E+02   5.1384310E+02   2.9561533E-01   1.4005619E-01   2.5156302E-01
   7.5000000E-01   3.4377468E+02   9.7615032E+01   4.4138971E+02   2.8909408E-01   1.5565656E-01   2.5958385E-01
   8.0000000E-01   2.4271129E+02   9.1514092E+01   3.3422538E+02   2.6631140E-01   6.4142410E-02   2.1074683E-01
   8.5000000E-01   2.0971004E+02   7.4896444E+01   2.8460649E+02   3.3597175E-01   5.1217495E-02   2.6103637E-01
   9.0000000E-01   1.7330205E+02   6.0125201E+01   2.3342725E+02   3.3165373E-01   1.6715509E-01   2.8927995E-01
   9.5000000E-01   1.0051891E+02   6.7012608E+01   1.6753152E+02   3.6469072E-01   1.6450167E-01   2.8461510E-01
   1.0000000E+00   7.5451232E+01   1.2575205E+01   8.8026438E+01   3.4307542E-01   2.0471860E-01   3.2330719E-01
