   0.0000000E+00   1.2002575E+07   9.8176955E+06   2.1704151E+07   2.1513935E-02   8.6295002E-08   1.1869935E-02
   5.0000000E-02   5.7416737E+05   1.9849805E+05   7.7126485E+05   1.6470794E-01   4.3854231E-06   1.2241574E-01
   1.0000000E-01   2.4029213E+05   8.1932965E+04   3.2149299E+05   1.6254545E-01   1.3799433E-06   1.2114259E-01
   1.5000000E-01   1.3184395E+05   4.5751741E+04   1.7738349E+05   1.6175834E-01   3.2999384E-06   1.2005834E-01
   2.0000000E-01   7.5948739E+04   2.5767185E+04   1.0166818E+05   1.6019462E-01   8.4705149E-06   1.1967145E-01
   2.5000000E-01   4.9083384E+04   1.4909635E+04   6.3916625E+04   1.5968953E-01   2.2923396E-06   1.2266994E-01
   3.0000000E-01   3.0472866E+04   9.6660102E+03   4.0128266E+04   1.5830483E-01   1.0764922E-05   1.2020224E-01
   3.5000000E-01   2.0453684E+04   6.0842661E+03   2.6528855E+04   1.5328951E-01   3.1468536E-05   1.1819302E-01
   4.0000000E-01   1.2947255E+04   3.8833806E+03   1.6830635E+04   1.5733376E-01   3.5244056E-06   1.2103250E-01
   4.5000000E-01   9.0824421E+03   2.2352428E+03   1.1317685E+04   1.5733095E-01   6.1913867E-06   1.2625687E-01
   5.0000000E-01   6.3089019E+03   1.5660846E+03   7.8749866E+03   1.4436598E-01   5.8393796E-06   1.1565502E-01
   5.5000000E-01   4.2364152E+03   1.0648913E+03   5.3013065E+03   1.4476585E-01   2.6323796E-06   1.1568576E-01
   6.0000000E-01   2.8488735E+03   6.8967142E+02   3.5385449E+03   1.3293504E-01   1.1162873E-03   1.0723714E-01
   6.5000000E-01   1.9882125E+03   4.3583969E+02   2.4240522E+03   1.3281521E-01   5.8563178E-06   1.0893429E-01
   7.0000000E-01   1.3096178E+03   3.0012075E+02   1.6097386E+03   1.7611052E-01   7.2937685E-06   1.4327534E-01
   7.5000000E-01   8.4458223E+02   2.5889204E+02   1.1034743E+03   1.5543900E-01   2.4718346E-06   1.1897004E-01
   8.0000000E-01   6.4059865E+02   1.4721832E+02   7.8781697E+02   1.5702327E-01   1.1718525E-05   1.2767840E-01
   8.5000000E-01   4.4188902E+02   7.4896444E+01   5.1678546E+02   1.3481233E-01   1.4035542E-05   1.1527492E-01
   9.0000000E-01   2.8647890E+02   4.2441318E+01   3.2892022E+02   1.6965940E-01   8.7835616E-06   1.4776812E-01
   9.5000000E-01   1.2732395E+02   2.3454413E+01   1.5077837E+02   2.2272746E-01   3.2082241E-05   1.8808288E-01
   1.0000000E+00   4.4013219E+01   6.2876027E+00   5.0300822E+01   2.7585673E-01   6.9518398E-06   2.4137548E-01
