   0.0000000E+00   2.7505030E+07   1.4711519E+07   4.1965975E+07   8.3332907E-04   3.3313037E-04   6.6107195E-04
   5.0000000E-02   6.0988174E+04   2.3045636E+04   8.4033810E+04   1.5848613E-01   8.0914204E-02   1.3720567E-01
   1.0000000E-01   2.9889298E+04   1.2095776E+04   4.1953243E+04   1.5509007E-01   7.7686159E-02   1.3256112E-01
   1.5000000E-01   1.8313429E+04   7.0240382E+03   2.5337467E+04   1.6733321E-01   8.6717354E-02   1.4498277E-01
   2.0000000E-01   1.4164790E+04   4.8542258E+03   1.9019016E+04   1.6994250E-01   7.2073746E-02   1.4492991E-01
   2.5000000E-01   1.0809804E+04   3.6541975E+03   1.4451269E+04   1.6773155E-01   7.5171824E-02   1.4436060E-01
   3.0000000E-01   8.5307049E+03   3.3210331E+03   1.1851738E+04   1.8253389E-01   9.5662682E-02   1.5819075E-01
   3.5000000E-01   7.1483306E+03   2.6828976E+03   9.8312282E+03   1.8555630E-01   9.8855102E-02   1.6183543E-01
   4.0000000E-01   5.3794371E+03   2.1645072E+03   7.5439443E+03   1.8639738E-01   9.9003655E-02   1.6132208E-01
   4.5000000E-01   5.3334590E+03   1.8532709E+03   7.1867299E+03   2.0390700E-01   1.0641066E-01   1.7874312E-01
   5.0000000E-01   4.0361694E+03   1.6806762E+03   5.7168456E+03   2.0979907E-01   9.3131963E-02   1.7544372E-01
   5.5000000E-01   3.3682973E+03   1.3369015E+03   4.6994114E+03   2.1074942E-01   1.0939383E-01   1.8167864E-01
   6.0000000E-01   2.9815026E+03   1.2467137E+03   4.2282163E+03   2.1900964E-01   1.0345133E-01   1.8493615E-01
   6.5000000E-01   2.6150381E+03   1.1165331E+03   3.7315713E+03   2.3254163E-01   1.1760675E-01   1.9815024E-01
   7.0000000E-01   2.3327567E+03   8.7762583E+02   3.2103826E+03   2.4991394E-01   1.3644578E-01   2.1889459E-01
   7.5000000E-01   1.8759063E+03   7.7667612E+02   2.6525824E+03   2.4987099E-01   1.2259083E-01   2.1253884E-01
   8.0000000E-01   1.3926058E+03   7.1619724E+02   2.1088030E+03   2.7261502E-01   1.2363748E-01   2.2200016E-01
   8.5000000E-01   1.1758742E+03   5.0555100E+02   1.6814252E+03   2.6608785E-01   1.6286487E-01   2.3503300E-01
   9.0000000E-01   8.9126768E+02   3.7489831E+02   1.2661660E+03   2.7942873E-01   1.7622439E-01   2.4883935E-01
   9.5000000E-01   5.8300969E+02   2.7810232E+02   8.6111201E+02   3.0574707E-01   1.6633105E-01   2.6067528E-01
   1.0000000E+00   2.3264130E+02   1.4461486E+02   3.7725616E+02   3.3221118E-01   2.3612482E-01   2.9529069E-01
