   0.0000000E+00   5.5971610E+05   2.7145467E+05   8.3117077E+05   2.4799459E-02   2.0940006E-04   1.6642122E-02
   5.0000000E-02   2.2090706E+05   1.0720677E+05   3.2811383E+05   1.1698045E-02   2.2401410E-04   7.9489268E-03
   1.0000000E-01   1.1968452E+05   5.9141977E+04   1.7885833E+05   4.3393262E-03   7.8155481E-05   2.8744994E-03
   1.5000000E-01   8.0320195E+04   3.8388172E+04   1.1870837E+05   4.2184625E-03   1.1796132E-04   2.8181464E-03
   2.0000000E-01   6.3232259E+04   3.2388031E+04   9.5620290E+04   6.5424660E-03   5.7133717E-05   4.3435981E-03
   2.5000000E-01   4.9567215E+04   2.5961354E+04   7.5528570E+04   8.0905268E-03   1.4008473E-04   5.2753032E-03
   3.0000000E-01   4.2642914E+04   2.0233898E+04   6.2876813E+04   2.7252577E-03   1.0425547E-04   1.8521686E-03
   3.5000000E-01   3.7287730E+04   1.7916299E+04   5.5204029E+04   6.8255385E-03   1.4217495E-04   4.5875191E-03
   4.0000000E-01   3.1998101E+04   1.5788170E+04   4.7786272E+04   1.9773500E-03   2.1151704E-04   1.3226101E-03
   4.5000000E-01   2.7296841E+04   1.3807576E+04   4.1097343E+04   5.9214769E-03   1.1488180E-04   3.8960497E-03
   5.0000000E-01   2.4961861E+04   1.2394987E+04   3.7356848E+04   3.2481458E-03   1.3646214E-04   2.1575579E-03
   5.5000000E-01   2.1506173E+04   1.0822536E+04   3.2328710E+04   7.6227546E-03   5.7216753E-05   5.0748100E-03
   6.0000000E-01   1.9400988E+04   9.9418788E+03   2.9342866E+04   3.1549618E-03   3.0783887E-05   2.0885235E-03
   6.5000000E-01   1.7262190E+04   8.6433377E+03   2.5900631E+04   4.9462866E-03   1.8201693E-04   3.3046952E-03
   7.0000000E-01   1.4901450E+04   7.4984715E+03   2.2399921E+04   5.8557057E-03   1.4343800E-04   3.8509902E-03
   7.5000000E-01   1.2880940E+04   6.4807893E+03   1.9357485E+04   1.1699978E-02   3.1234968E-06   7.7849199E-03
   8.0000000E-01   1.1407431E+04   5.7813033E+03   1.7188734E+04   3.3541165E-03   8.7124497E-06   2.2235210E-03
   8.5000000E-01   9.4893794E+03   4.8720137E+03   1.4361393E+04   4.8287259E-03   5.3118976E-05   3.2063690E-03
   9.0000000E-01   7.3777158E+03   3.8338657E+03   1.1211582E+04   9.3902265E-03   2.1456162E-04   6.1083202E-03
   9.5000000E-01   5.1700227E+03   2.8413346E+03   8.0113572E+03   1.4816219E-03   3.0568403E-04   9.2242963E-04
   1.0000000E+00   2.9425981E+03   1.5593255E+03   4.5019235E+03   7.7234808E-03   3.0185368E-06   5.0492891E-03
