   0.0000000E+00   5.9180174E+05   3.1830989E+05   9.1011163E+05   6.1863423E-03   2.9489314E-03   4.0709642E-03
   5.0000000E-02   2.5592115E+05   1.3279888E+05   3.8865637E+05   2.1948812E-03   2.8990060E-03   2.4136692E-03
   1.0000000E-01   1.3922874E+05   6.7672682E+04   2.0690143E+05   2.3146599E-03   2.1917590E-03   1.5592080E-03
   1.5000000E-01   9.2352308E+04   4.5688079E+04   1.3804039E+05   1.6446487E-03   6.1715484E-03   3.1060257E-03
   2.0000000E-01   6.9916767E+04   3.4775355E+04   1.0469212E+05   6.6196916E-04   1.4355865E-03   1.6459667E-04
   2.5000000E-01   5.6340850E+04   2.8278650E+04   8.4606768E+04   4.4214828E-04   2.2371151E-03   5.1386553E-04
   3.0000000E-01   4.4849863E+04   2.1602631E+04   6.6452494E+04   1.0757515E-03   1.5410769E-03   9.0818100E-04
   3.5000000E-01   3.7415053E+04   1.8898513E+04   5.6313566E+04   1.6738319E-03   2.9381311E-03   1.0540448E-03
   4.0000000E-01   3.1799158E+04   1.6369086E+04   4.8168244E+04   8.6200342E-04   4.2204986E-03   2.0017897E-03
   4.5000000E-01   2.7912240E+04   1.3510486E+04   4.1422727E+04   2.4818971E-03   1.0564428E-03   1.6266761E-03
   5.0000000E-01   2.4267946E+04   1.2044846E+04   3.6312792E+04   2.5100578E-03   3.3462910E-03   2.6960047E-03
   5.5000000E-01   2.1008452E+04   9.9486308E+03   3.0957083E+04   3.2392274E-03   1.9476464E-03   2.5356108E-03
   6.0000000E-01   1.8000424E+04   8.4882636E+03   2.6488688E+04   2.3660348E-03   3.4701856E-03   2.7165138E-03
   6.5000000E-01   1.6067304E+04   7.7177905E+03   2.3785094E+04   5.3458835E-03   8.1809095E-03   6.2635530E-03
   7.0000000E-01   1.3405393E+04   6.7890951E+03   2.0194489E+04   3.9330782E-03   5.6039716E-03   9.9074823E-04
   7.5000000E-01   1.1845372E+04   5.7932399E+03   1.7638612E+04   8.4725983E-03   1.0052076E-02   5.8486683E-03
   8.0000000E-01   9.5771487E+03   4.7189441E+03   1.4296093E+04   2.1550160E-03   1.1701553E-02   3.4686532E-03
   8.5000000E-01   8.0064298E+03   4.0444080E+03   1.2050838E+04   3.2463581E-03   2.1055788E-03   2.3570009E-03
   9.0000000E-01   6.3697345E+03   3.1760253E+03   9.5457598E+03   7.9443903E-03   7.3128447E-03   3.2366722E-03
   9.5000000E-01   4.3424170E+03   2.1142478E+03   6.4566647E+03   2.6192385E-03   1.5404883E-02   4.9362111E-03
   1.0000000E+00   2.3830014E+03   1.0311668E+03   3.4141683E+03   1.8211038E-02   8.6934116E-03   1.1305344E-02
