   0.0000000E+00   4.8281244E+05   2.1899720E+05   7.0180964E+05   8.4057420E-02   3.6190931E-06   5.7826562E-02
   5.0000000E-02   2.0664678E+05   9.8676065E+04   3.0525918E+05   5.1774838E-02   6.5335341E-06   3.5057570E-02
   1.0000000E-01   1.1564198E+05   5.6245357E+04   1.7188734E+05   2.4688920E-02   5.0312344E-06   1.6611166E-02
   1.5000000E-01   8.1466110E+04   4.0170708E+04   1.2159438E+05   1.6724123E-02   3.3560438E-05   1.1286681E-02
   2.0000000E-01   6.3327752E+04   3.1114791E+04   9.4426628E+04   1.8601098E-02   1.4092585E-04   1.2497553E-02
   2.5000000E-01   4.9898258E+04   2.5337467E+04   7.5210260E+04   1.1007939E-02   5.0304516E-05   7.2671797E-03
   3.0000000E-01   4.2558032E+04   2.0615870E+04   6.3163292E+04   6.1545632E-03   2.3550529E-05   4.1794408E-03
   3.5000000E-01   3.5714369E+04   1.7898110E+04   5.3585196E+04   6.4355446E-03   4.1027900E-05   4.2658638E-03
   4.0000000E-01   3.1576341E+04   1.5430072E+04   4.6966624E+04   2.8955536E-03   1.0157909E-04   1.9207698E-03
   4.5000000E-01   2.8471051E+04   1.3644884E+04   4.2108861E+04   1.2134735E-02   5.4664627E-06   8.2564418E-03
   5.0000000E-01   2.4573523E+04   1.2445917E+04   3.7006707E+04   7.2620428E-03   5.8945669E-05   4.7506736E-03
   5.5000000E-01   2.2588427E+04   1.1221870E+04   3.3804510E+04   6.8914211E-03   5.8140358E-05   4.5634988E-03
   6.0000000E-01   1.9082678E+04   9.6925360E+03   2.8769909E+04   2.7356858E-03   4.5279010E-06   1.8289918E-03
   6.5000000E-01   1.7306264E+04   8.4964254E+03   2.5797792E+04   9.1235787E-03   7.9701859E-06   6.1566822E-03
   7.0000000E-01   1.5165192E+04   7.6439846E+03   2.2800082E+04   1.4180865E-02   1.5901761E-04   9.4231360E-03
   7.5000000E-01   1.2842743E+04   6.8839818E+03   1.9730969E+04   1.2865546E-02   7.2031742E-07   8.4675060E-03
   8.0000000E-01   1.1769508E+04   6.0120780E+03   1.7777607E+04   1.1005316E-02   6.5329020E-06   7.2993260E-03
   8.5000000E-01   9.5455518E+03   4.9394205E+03   1.4484972E+04   7.8323883E-03   4.1854543E-05   5.1624263E-03
   9.0000000E-01   7.8410335E+03   4.0743665E+03   1.1915400E+04   1.7058226E-02   3.6815375E-05   1.1216415E-02
   9.5000000E-01   5.5050857E+03   2.9787104E+03   8.4804455E+03   3.3597724E-02   3.7876301E-06   2.1759372E-02
   1.0000000E+00   3.4518939E+03   1.7228031E+03   5.1746970E+03   5.8893821E-02   3.7956901E-06   3.9287291E-02
