   0.0000000E+00   2.5486691E+07   1.4480299E+07   4.0076488E+07   1.5631869E-03   1.0189073E-04   1.0260640E-03
   5.0000000E-02   8.0150429E+04   2.2409016E+04   1.0255945E+05   1.7401517E-01   2.1218291E-02   1.4062938E-01
   1.0000000E-01   4.0489018E+04   1.0695212E+04   5.1184230E+04   1.7038160E-01   3.2374523E-02   1.4154419E-01
   1.5000000E-01   2.5486012E+04   7.4060100E+03   3.2892022E+04   1.7340270E-01   2.4343253E-02   1.3982800E-01
   2.0000000E-01   1.9225917E+04   5.6181695E+03   2.4844087E+04   1.8056421E-01   3.3609648E-02   1.4733172E-01
   2.5000000E-01   1.4183889E+04   4.2144229E+03   1.8385579E+04   1.8031043E-01   2.6475687E-02   1.4513958E-01
   3.0000000E-01   1.1045353E+04   3.3422538E+03   1.4387607E+04   1.8871348E-01   2.8548068E-02   1.5148561E-01
   3.5000000E-01   9.8585119E+03   2.7556542E+03   1.2614166E+04   2.0236612E-01   3.9906861E-02   1.6683762E-01
   4.0000000E-01   7.8542964E+03   2.0769720E+03   9.9312684E+03   2.0444464E-01   4.0144304E-02   1.7007843E-01
   4.5000000E-01   6.8330522E+03   1.9169329E+03   8.7499851E+03   2.2582006E-01   3.4144643E-02   1.8379105E-01
   5.0000000E-01   5.4303667E+03   1.7825354E+03   7.2129020E+03   2.2468740E-01   3.2717577E-02   1.7722961E-01
   5.5000000E-01   4.8325228E+03   1.5510373E+03   6.3835601E+03   2.3724861E-01   3.6658758E-02   1.8845610E-01
   6.0000000E-01   3.9523478E+03   1.3050705E+03   5.2574183E+03   2.5235584E-01   4.6704263E-02   2.0124758E-01
   6.5000000E-01   3.3153199E+03   1.1067390E+03   4.4220589E+03   2.6406782E-01   4.6040644E-02   2.0950024E-01
   7.0000000E-01   2.8465998E+03   9.3219324E+02   3.7787931E+03   2.7909236E-01   3.4990030E-02   2.1876979E-01
   7.5000000E-01   2.4743288E+03   7.5121133E+02   3.2255402E+03   2.8953938E-01   6.1867100E-02   2.3651047E-01
   8.0000000E-01   2.0809509E+03   7.8781697E+02   2.8687678E+03   3.0203354E-01   3.3195553E-02   2.2820563E-01
   8.5000000E-01   1.7226182E+03   6.3661977E+02   2.3592380E+03   3.2198634E-01   4.2763216E-02   2.4660669E-01
   9.0000000E-01   1.2944602E+03   4.9161194E+02   1.7860721E+03   3.1803465E-01   6.0436833E-02   2.4710819E-01
   9.5000000E-01   8.4435886E+02   2.8480358E+02   1.1291624E+03   3.4475896E-01   4.8436406E-02   2.7000521E-01
   1.0000000E+00   4.1498178E+02   1.1317685E+02   5.2815863E+02   3.7207280E-01   5.6434669E-02   3.0417953E-01
