   0.0000000E+00   1.8171675E+06   7.4204401E+05   2.5581929E+06   8.1477006E-02   9.0656399E-06   5.7768460E-02
   5.0000000E-02   6.3413696E+05   2.7642031E+05   9.0998430E+05   4.9658022E-02   1.5044666E-05   3.4488270E-02
   1.0000000E-01   2.9768341E+05   1.3477241E+05   4.3223299E+05   2.5213096E-02   6.9347129E-06   1.7335950E-02
   1.5000000E-01   1.6936208E+05   7.9577472E+04   2.4881223E+05   2.0978195E-02   4.6170575E-05   1.4240173E-02
   2.0000000E-01   1.0690438E+05   5.3110005E+04   1.5996663E+05   2.1637844E-02   4.4228467E-06   1.4466579E-02
   2.5000000E-01   7.1021302E+04   3.6032679E+04   1.0691392E+05   1.4940804E-02   3.0147201E-06   9.7627177E-03
   3.0000000E-01   4.9051553E+04   2.5846763E+04   7.4877096E+04   8.5030616E-03   3.9263916E-06   5.5574067E-03
   3.5000000E-01   3.5423343E+04   1.9216823E+04   5.4603787E+04   1.3923245E-02   1.3822657E-04   9.0425733E-03
   4.0000000E-01   2.5289720E+04   1.3957889E+04   3.9247609E+04   4.1200071E-03   2.0975902E-05   2.6621558E-03
   4.5000000E-01   1.7973898E+04   9.9666362E+03   2.7919314E+04   9.3899259E-03   1.7349533E-04   6.1248912E-03
   5.0000000E-01   1.3349917E+04   8.0532401E+03   2.1403157E+04   7.4409919E-03   1.8341499E-04   4.7101147E-03
   5.5000000E-01   9.6534707E+03   5.4459928E+03   1.5087889E+04   1.0355853E-02   2.7853917E-06   6.7657838E-03
   6.0000000E-01   7.2627706E+03   4.3661506E+03   1.1628921E+04   6.5307272E-03   1.4045404E-05   4.0837828E-03
   6.5000000E-01   5.4161651E+03   3.2124813E+03   8.6286465E+03   2.2598521E-02   2.4722196E-04   1.4271981E-02
   7.0000000E-01   3.8651915E+03   2.4600807E+03   6.3252722E+03   1.8593590E-02   3.6414309E-05   1.1371493E-02
   7.5000000E-01   2.7120002E+03   1.7952678E+03   4.5072680E+03   1.0451981E-02   5.4948089E-05   6.2695419E-03
   8.0000000E-01   2.1326762E+03   1.4642255E+03   3.5969017E+03   3.8815556E-03   4.4863450E-04   2.4789591E-03
   8.5000000E-01   1.5203978E+03   1.0485502E+03   2.5652032E+03   6.2734971E-03   3.1711193E-05   3.7823745E-03
   9.0000000E-01   1.0256652E+03   7.5687017E+02   1.7825354E+03   3.5149936E-03   6.8313144E-04   1.7489117E-03
   9.5000000E-01   5.5285401E+02   5.1264645E+02   1.0655005E+03   8.2758335E-03   3.5716729E-06   4.2957561E-03
   1.0000000E+00   3.1438013E+02   2.7036692E+02   5.8474705E+02   5.5799212E-02   1.6297061E-05   3.0003626E-02
