   0.0000000E+00   2.3906346E+06   4.2297018E+06   6.6177899E+06   3.1922397E-02   1.3001203E-06   1.1532594E-02
   5.0000000E-02   2.2077974E+05   1.0128621E+05   3.2200228E+05   1.4652682E-01   1.2368286E-06   1.0046529E-01
   1.0000000E-01   1.2095776E+05   5.4462822E+04   1.7538875E+05   1.2886110E-01   3.1387282E-05   8.8876556E-02
   1.5000000E-01   8.3439631E+04   3.5778031E+04   1.1919644E+05   1.2433201E-01   3.0625970E-06   8.6971627E-02
   2.0000000E-01   6.3439160E+04   2.7088171E+04   9.0511416E+04   1.1190884E-01   3.5015628E-06   7.8422238E-02
   2.5000000E-01   5.0700399E+04   2.0792002E+04   7.1454203E+04   1.1277871E-01   4.8435251E-07   8.0022300E-02
   3.0000000E-01   4.1412116E+04   1.6817372E+04   5.8208268E+04   1.0560365E-01   2.8456984E-06   7.5075906E-02
   3.5000000E-01   3.5141411E+04   1.4533120E+04   4.9674531E+04   9.7924236E-02   1.1617317E-05   6.9225712E-02
   4.0000000E-01   3.0478172E+04   1.2398170E+04   4.2860426E+04   1.0382834E-01   1.3449006E-05   7.3835645E-02
   4.5000000E-01   2.5599188E+04   1.0192990E+04   3.5763884E+04   1.0334946E-01   1.1873939E-05   7.3843697E-02
   5.0000000E-01   2.3255720E+04   8.7662543E+03   3.2015608E+04   1.0330831E-01   4.1598836E-06   7.5041472E-02
   5.5000000E-01   2.0487582E+04   7.6162875E+03   2.8098082E+04   1.1508943E-01   1.1027314E-05   8.3847659E-02
   6.0000000E-01   1.7209955E+04   6.5465733E+03   2.3740612E+04   1.1634187E-01   5.2403704E-06   8.4373725E-02
   6.5000000E-01   1.5352331E+04   6.1066527E+03   2.1449189E+04   1.1779501E-01   1.4148795E-06   8.4284485E-02
   7.0000000E-01   1.3478150E+04   5.1793566E+03   1.8657507E+04   1.2648708E-01   3.1537402E-05   9.1368795E-02
   7.5000000E-01   1.1514330E+04   4.6218595E+03   1.6136189E+04   1.3551122E-01   1.5983747E-05   9.6692916E-02
   8.0000000E-01   9.6845783E+03   4.0544722E+03   1.3731093E+04   1.4691127E-01   8.2616029E-07   1.0356828E-01
   8.5000000E-01   8.1000504E+03   3.0145819E+03   1.1110887E+04   1.5319065E-01   5.5248773E-06   1.1154137E-01
   9.0000000E-01   6.4157126E+03   2.5853836E+03   9.0010962E+03   1.6861251E-01   2.3951855E-05   1.2017545E-01
   9.5000000E-01   4.6942332E+03   1.6920683E+03   6.3829509E+03   1.8228940E-01   8.8253632E-06   1.3396470E-01
   1.0000000E+00   2.4395898E+03   9.4314040E+02   3.3827302E+03   2.0905968E-01   6.2110460E-05   1.5076793E-01
