   0.0000000E+00   3.5446989E+05   7.4459049E+05   1.0990604E+06   1.1114891E-01   8.8183937E-04   3.5292125E-02
   5.0000000E-02   1.4495832E+05   8.7726205E+04   2.3262086E+05   9.4142205E-02   1.2199620E-03   5.8914734E-02
   1.0000000E-01   8.5784514E+04   5.2234652E+04   1.3795550E+05   6.7231462E-02   1.1510421E-03   4.1422472E-02
   1.5000000E-01   6.4616907E+04   3.7963759E+04   1.0251700E+05   5.3601443E-02   4.2683812E-03   3.5218979E-02
   2.0000000E-01   5.4637892E+04   2.7772538E+04   8.2394514E+04   4.5568389E-02   2.5953965E-03   3.1131408E-02
   2.5000000E-01   4.5340060E+04   2.4229749E+04   6.9531612E+04   4.1432236E-02   4.1054702E-03   2.8027503E-02
   3.0000000E-01   4.0107046E+04   2.0159626E+04   6.0256061E+04   3.5409387E-02   6.0058053E-03   2.5319702E-02
   3.5000000E-01   3.5705275E+04   1.6952275E+04   5.2639361E+04   3.2498914E-02   3.8246272E-03   2.3163378E-02
   4.0000000E-01   3.1807115E+04   1.5294790E+04   4.7093948E+04   3.1247247E-02   6.6102381E-03   2.2618930E-02
   4.5000000E-01   2.8647890E+04   1.3510486E+04   4.2144229E+04   2.7590000E-02   7.1501513E-03   2.0959187E-02
   5.0000000E-01   2.5923157E+04   1.2204001E+04   3.8114426E+04   3.2780493E-02   7.9444089E-04   2.2311467E-02
   5.5000000E-01   2.3213472E+04   1.0758874E+04   3.3960771E+04   3.2892486E-02   8.1280535E-03   2.4370602E-02
   6.0000000E-01   2.1003147E+04   9.9737098E+03   3.0976857E+04   3.3708662E-02   8.8932256E-03   2.5636525E-02
   6.5000000E-01   1.9309167E+04   8.6923084E+03   2.7986785E+04   3.8180173E-02   9.9011508E-03   2.9335364E-02
   7.0000000E-01   1.6697627E+04   7.4257149E+03   2.4123342E+04   4.3001274E-02   6.5212067E-03   3.1759835E-02
   7.5000000E-01   1.5062424E+04   6.7863668E+03   2.2128903E+04   4.1878810E-02   8.0077014E-03   3.0863713E-02
   8.0000000E-01   1.3054684E+04   6.1592963E+03   1.9210002E+04   4.3241326E-02   9.4625771E-03   3.2413218E-02
   8.5000000E-01   1.1593970E+04   4.8570344E+03   1.6443514E+04   4.8564949E-02   1.9027214E-02   3.9758864E-02
   9.0000000E-01   9.2345235E+03   4.3891397E+03   1.3616590E+04   5.6527951E-02   1.5987088E-02   4.3478837E-02
   9.5000000E-01   6.9123505E+03   3.2735659E+03   1.0185916E+04   6.6249159E-02   2.2179664E-02   5.1946552E-02
   1.0000000E+00   4.0806541E+03   1.6850775E+03   5.7657317E+03   6.7555540E-02   3.7186884E-02   5.8668241E-02
