   0.0000000E+00   8.4339387E+05   4.2577130E+05   1.2691652E+06   1.1316778E-01   7.1777732E-06   7.5205396E-02
   5.0000000E-02   2.9825636E+05   1.3827381E+05   4.3640285E+05   9.5979036E-02   9.3783644E-05   6.5634914E-02
   1.0000000E-01   1.6361128E+05   7.5343950E+04   2.3885974E+05   6.3568956E-02   3.0189047E-05   4.3510988E-02
   1.5000000E-01   1.0438442E+05   4.9125826E+04   1.5348903E+05   5.0891213E-02   1.8410207E-06   3.4610284E-02
   2.0000000E-01   7.6473950E+04   3.5396059E+04   1.1183818E+05   4.4683977E-02   7.8060685E-05   3.0558293E-02
   2.5000000E-01   5.9727667E+04   2.9908397E+04   8.9623332E+04   3.4535026E-02   5.6812261E-06   2.3017070E-02
   3.0000000E-01   4.7502445E+04   2.3607983E+04   7.1078598E+04   3.1199243E-02   2.1800469E-05   2.0875799E-02
   3.5000000E-01   3.9634128E+04   1.9198633E+04   5.8805478E+04   3.2825474E-02   6.1295575E-06   2.2080146E-02
   4.0000000E-01   3.1536552E+04   1.5963241E+04   4.7491835E+04   2.5401604E-02   1.2796930E-05   1.6804563E-02
   4.5000000E-01   2.6879501E+04   1.4196621E+04   4.1069049E+04   3.2257445E-02   4.7578588E-06   2.1113955E-02
   5.0000000E-01   2.2771889E+04   1.1274536E+04   3.4020961E+04   3.0101099E-02   1.0506813E-04   2.0251843E-02
   5.5000000E-01   1.8861308E+04   9.9428434E+03   2.8804151E+04   2.0127041E-02   1.0466448E-05   1.3177885E-02
   6.0000000E-01   1.6255025E+04   8.0532401E+03   2.4297655E+04   2.5076861E-02   6.2647760E-06   1.6823843E-02
   6.5000000E-01   1.3608972E+04   7.3994806E+03   2.0993761E+04   2.7162895E-02   5.9020271E-06   1.7708999E-02
   7.0000000E-01   1.1700162E+04   6.1752118E+03   1.7875374E+04   2.4337990E-02   7.9750082E-05   1.5902828E-02
   7.5000000E-01   9.8166769E+03   4.9826108E+03   1.4782311E+04   3.0322883E-02   4.1706520E-06   2.0086092E-02
   8.0000000E-01   8.0771134E+03   4.1539440E+03   1.2231057E+04   4.2334650E-02   4.7958640E-06   2.7939970E-02
   8.5000000E-01   6.7144662E+03   3.5088984E+03   1.0223365E+04   3.9304662E-02   4.0559433E-06   2.5812988E-02
   9.0000000E-01   5.1318627E+03   2.7728328E+03   7.9046955E+03   5.2595813E-02   9.5229599E-07   3.4146032E-02
   9.5000000E-01   3.5282138E+03   2.0472352E+03   5.5754490E+03   5.8107642E-02   2.6515304E-05   3.6778645E-02
   1.0000000E+00   2.1755105E+03   1.1443437E+03   3.3198542E+03   8.2793378E-02   2.3215472E-05   5.4262637E-02
