   0.0000000E+00   4.5989412E+05   2.3835044E+05   6.9824457E+05   1.6026876E-02   4.3429722E-03   9.9878057E-03
   5.0000000E-02   1.9817974E+05   1.0179550E+05   2.9997524E+05   2.0427560E-03   3.7209372E-03   9.9863882E-04
   1.0000000E-01   1.1662874E+05   6.1020005E+04   1.7764875E+05   3.0499874E-03   4.5423068E-03   1.3375100E-03
   1.5000000E-01   7.9174279E+04   3.8621600E+04   1.1779588E+05   2.4578014E-03   1.5883512E-03   1.3460974E-03
   2.0000000E-01   6.3089019E+04   3.1401270E+04   9.4474374E+04   4.8522223E-03   2.8049517E-03   2.5328233E-03
   2.5000000E-01   5.1438878E+04   2.5783101E+04   7.7221978E+04   2.3244057E-03   2.9818221E-03   2.4961766E-03
   3.0000000E-01   4.1337844E+04   2.1708734E+04   6.3046578E+04   2.1294146E-03   6.3028403E-03   3.2182788E-03
   3.5000000E-01   3.6878474E+04   1.8461973E+04   5.5340447E+04   1.6856920E-03   3.1917298E-03   2.0129358E-03
   4.0000000E-01   3.2435777E+04   1.6464579E+04   4.8900356E+04   3.3584101E-03   3.7708921E-03   1.8703584E-03
   4.5000000E-01   2.8280065E+04   1.4635181E+04   4.2915246E+04   4.8747596E-03   2.9133328E-03   3.5722786E-03
   5.0000000E-01   2.4777242E+04   1.2407719E+04   3.7184961E+04   1.6351764E-03   4.1053647E-03   2.4073643E-03
   5.5000000E-01   2.1656647E+04   1.1285532E+04   3.2936392E+04   3.4061398E-03   5.8255553E-03   1.3483639E-03
   6.0000000E-01   1.9581363E+04   9.9524891E+03   2.9533852E+04   5.2677543E-03   3.5708970E-03   2.6544277E-03
   6.5000000E-01   1.7002645E+04   8.7118967E+03   2.5714542E+04   2.9238579E-03   3.2107405E-03   2.8526390E-03
   7.0000000E-01   1.5119720E+04   7.8713488E+03   2.2991068E+04   1.4416778E-03   2.7860985E-03   5.2787653E-04
   7.5000000E-01   1.3207738E+04   6.3577095E+03   1.9565448E+04   1.4103155E-03   6.5388646E-03   2.2230012E-03
   8.0000000E-01   1.1526797E+04   5.5982751E+03   1.7125072E+04   6.7947389E-04   2.9470241E-03   1.2745532E-03
   8.5000000E-01   9.5043587E+03   4.8495447E+03   1.4353903E+04   7.8756241E-03   6.7082082E-03   7.1879129E-03
   9.0000000E-01   7.4343042E+03   4.0389988E+03   1.1473303E+04   9.3644637E-03   6.8094703E-03   5.0122160E-03
   9.5000000E-01   5.3107492E+03   2.7307638E+03   8.0415129E+03   7.2415807E-03   7.7100603E-03   5.5827015E-03
   1.0000000E+00   2.9048724E+03   1.4461486E+03   4.3510211E+03   1.2358313E-02   2.5641456E-02   1.4640510E-02
