   0.0000000E+00   4.8790539E+05   2.1543213E+05   7.0333752E+05   7.0011112E-02   6.4631453E-06   4.8564762E-02
   5.0000000E-02   1.9805241E+05   9.3774092E+04   2.9182650E+05   4.4765118E-02   5.6597332E-05   3.0367293E-02
   1.0000000E-01   1.1067635E+05   5.1088737E+04   1.6173325E+05   2.0165912E-02   4.8380853E-06   1.3793807E-02
   1.5000000E-01   7.8771087E+04   3.7984980E+04   1.1671362E+05   1.1970840E-02   4.2698868E-05   8.0374104E-03
   2.0000000E-01   5.9810428E+04   2.9698312E+04   8.9508740E+04   1.0850083E-02   1.9154690E-05   7.2459358E-03
   2.5000000E-01   4.9885525E+04   2.5541185E+04   7.5401246E+04   7.3683053E-03   6.3334801E-05   4.8733329E-03
   3.0000000E-01   4.2123008E+04   2.0679532E+04   6.2813151E+04   3.0998583E-03   9.7472378E-06   2.0811055E-03
   3.5000000E-01   3.6405556E+04   1.9044026E+04   5.5449582E+04   4.0384821E-03   7.7447849E-06   2.6066305E-03
   4.0000000E-01   3.1289862E+04   1.4793452E+04   4.6059441E+04   7.6451218E-03   8.2509226E-05   5.1322477E-03
   4.5000000E-01   2.7572710E+04   1.3659031E+04   4.1217593E+04   8.0029729E-03   8.7646469E-05   5.3715939E-03
   5.0000000E-01   2.4847270E+04   1.2375888E+04   3.7216792E+04   6.0820014E-03   7.0541596E-05   4.0487102E-03
   5.5000000E-01   2.2437953E+04   1.1626992E+04   3.4070733E+04   6.8598706E-03   1.5491797E-06   4.5179582E-03
   6.0000000E-01   1.9422208E+04   9.7137567E+03   2.9135965E+04   4.5484361E-03   1.0050646E-05   3.0342437E-03
   6.5000000E-01   1.7663750E+04   8.7265880E+03   2.6385441E+04   4.6948385E-03   1.3091729E-06   3.1175325E-03
   7.0000000E-01   1.5779076E+04   7.9259162E+03   2.3700445E+04   8.5284859E-03   2.1797237E-05   5.6824664E-03
   7.5000000E-01   1.3411457E+04   7.1004325E+03   2.0511889E+04   6.9659538E-03   1.6823188E-05   4.5502973E-03
   8.0000000E-01   1.1343769E+04   6.1234864E+03   1.7467255E+04   1.5248028E-02   1.7525891E-05   9.9004739E-03
   8.5000000E-01   9.8938202E+03   5.2053028E+03   1.5095378E+04   1.5704217E-02   1.2082812E-05   1.0361528E-02
   9.0000000E-01   8.1734905E+03   4.1203446E+03   1.2293835E+04   1.8562082E-02   6.0463410E-06   1.2342909E-02
   9.5000000E-01   5.9942778E+03   3.1629951E+03   9.1539222E+03   2.9899710E-02   8.7676961E-06   1.9576249E-02
   1.0000000E+00   3.6656724E+03   2.0246081E+03   5.6902804E+03   3.8227814E-02   1.5233536E-05   2.4623202E-02
