   0.0000000E+00   4.7619159E+05   2.3020171E+05   7.0639330E+05   2.9523858E-02   1.8990469E-02   2.5711471E-02
   5.0000000E-02   2.0123551E+05   1.0007663E+05   3.0131214E+05   5.7974132E-03   4.2691501E-03   5.2136682E-03
   1.0000000E-01   1.1443240E+05   5.6563667E+04   1.7099607E+05   2.2037042E-03   1.9175028E-03   1.3516603E-03
   1.5000000E-01   7.9471368E+04   4.0340473E+04   1.1979062E+05   1.7521353E-03   3.3613099E-03   1.5655408E-04
   2.0000000E-01   6.2165921E+04   3.1385355E+04   9.3567191E+04   2.2981723E-03   1.6282231E-03   1.0936900E-03
   2.5000000E-01   4.9770934E+04   2.4713580E+04   7.4484513E+04   3.1901961E-03   6.1340345E-03   9.0661322E-04
   3.0000000E-01   4.2451928E+04   2.1942161E+04   6.4394090E+04   2.9304973E-03   5.1114343E-03   2.8396738E-03
   3.5000000E-01   3.6614731E+04   1.7507044E+04   5.4121775E+04   4.8804228E-03   6.5827215E-03   1.1762487E-03
   4.0000000E-01   3.2515355E+04   1.6074649E+04   4.8590004E+04   1.1980446E-03   5.2816051E-03   2.5438299E-03
   4.5000000E-01   2.8570081E+04   1.4104665E+04   4.2674745E+04   2.2001824E-03   3.5405817E-03   2.2072174E-03
   5.0000000E-01   2.4828171E+04   1.2235832E+04   3.7064003E+04   2.2487922E-03   4.2103659E-04   1.6274589E-03
   5.5000000E-01   2.1430937E+04   1.0828324E+04   3.2259260E+04   7.3310149E-03   1.7835755E-03   5.2073976E-03
   6.0000000E-01   1.9310800E+04   9.3583107E+03   2.8663805E+04   2.6314681E-03   5.8319470E-03   2.0801700E-04
   6.5000000E-01   1.7213219E+04   8.6923084E+03   2.5905528E+04   1.9137721E-03   6.1633884E-03   3.0021418E-03
   7.0000000E-01   1.5324347E+04   7.8804433E+03   2.3204791E+04   1.1673919E-03   5.1798447E-03   1.7720494E-03
   7.5000000E-01   1.3572734E+04   6.9052025E+03   2.0477936E+04   4.1234684E-03   6.0673270E-03   4.3440198E-03
   8.0000000E-01   1.1861022E+04   5.8051765E+03   1.7666199E+04   2.5944461E-03   2.4770487E-03   1.0516349E-03
   8.5000000E-01   9.7702411E+03   5.0030824E+03   1.4773324E+04   2.9568635E-03   8.1146469E-03   1.2646749E-03
   9.0000000E-01   7.5580914E+03   3.9187484E+03   1.1476840E+04   5.5214285E-03   1.0127289E-02   3.7222209E-03
   9.5000000E-01   5.4615275E+03   2.8078283E+03   8.2693558E+03   3.6612244E-03   8.5090964E-03   3.6027209E-03
   1.0000000E+00   3.3575798E+03   1.6033387E+03   4.9609185E+03   5.1466637E-03   1.5620421E-02   7.1370260E-03
