   0.0000000E+00   7.7591218E+06   7.8777877E+06   1.5615519E+07   1.1176749E-02   2.2934001E-07   5.5517838E-03
   5.0000000E-02   2.2472678E+05   7.9768457E+04   3.0443158E+05   1.6517368E-01   6.2333950E-07   1.2192884E-01
   1.0000000E-01   1.1026254E+05   3.8674651E+04   1.4884170E+05   1.5423174E-01   4.0113835E-05   1.1427733E-01
   1.5000000E-01   7.5630429E+04   2.6271176E+04   1.0190160E+05   1.5180376E-01   1.1254819E-06   1.1266708E-01
   2.0000000E-01   5.6086202E+04   1.8955354E+04   7.5009725E+04   1.4328114E-01   9.8265052E-07   1.0702337E-01
   2.5000000E-01   4.4206877E+04   1.4858705E+04   5.9052850E+04   1.4839348E-01   2.3093373E-06   1.1117462E-01
   3.0000000E-01   3.5703759E+04   1.2944602E+04   4.8616530E+04   1.4709024E-01   1.2578307E-05   1.0801814E-01
   3.5000000E-01   2.9693765E+04   1.0322335E+04   3.9997911E+04   1.5021482E-01   7.4001607E-06   1.1156399E-01
   4.0000000E-01   2.4637185E+04   8.6102824E+03   3.3247468E+04   1.5438173E-01   5.7710192E-06   1.1440100E-01
   4.5000000E-01   2.1206512E+04   7.3564951E+03   2.8563007E+04   1.5509480E-01   2.2669197E-05   1.1514397E-01
   5.0000000E-01   1.8455607E+04   6.3089019E+03   2.4764509E+04   1.6046167E-01   1.8698697E-05   1.1957870E-01
   5.5000000E-01   1.5574035E+04   5.3707559E+03   2.0939003E+04   1.6718940E-01   1.3922615E-05   1.2426769E-01
   6.0000000E-01   1.3782818E+04   4.7056812E+03   1.8488499E+04   1.7081446E-01   1.3007405E-05   1.2721846E-01
   6.5000000E-01   1.2017422E+04   4.0547782E+03   1.6067304E+04   1.8673370E-01   3.8126630E-05   1.3960532E-01
   7.0000000E-01   1.0554246E+04   3.5650707E+03   1.4119317E+04   1.9077501E-01   6.5741058E-06   1.4260345E-01
   7.5000000E-01   9.4177285E+03   2.8223477E+03   1.2244320E+04   1.9956546E-01   5.1332893E-06   1.5349710E-01
   8.0000000E-01   7.5359866E+03   2.6101411E+03   1.0146128E+04   2.1304275E-01   4.5512324E-06   1.5823763E-01
   8.5000000E-01   6.1939359E+03   1.9697765E+03   8.1637124E+03   2.1962870E-01   2.3955888E-06   1.6663517E-01
   9.0000000E-01   4.5589049E+03   1.7613147E+03   6.3202196E+03   2.3244640E-01   4.8095949E-06   1.6766730E-01
   9.5000000E-01   3.2601634E+03   1.0722017E+03   4.3323651E+03   2.6015269E-01   1.0524040E-04   1.9575578E-01
   1.0000000E+00   1.5907635E+03   4.9672061E+02   2.0874841E+03   2.8143409E-01   4.2982303E-06   2.1446736E-01
