   0.0000000E+00   3.1561062E+06   4.9253999E+06   8.0703015E+06   3.2231692E-02   3.9427308E-07   1.2593374E-02
   5.0000000E-02   2.7782087E+05   1.2738762E+05   4.0482651E+05   1.4662039E-01   5.5627936E-05   1.0068594E-01
   1.0000000E-01   1.4202987E+05   6.3757470E+04   2.0556452E+05   1.3185689E-01   1.7817907E-06   9.1059790E-02
   1.5000000E-01   9.4665360E+04   3.9024792E+04   1.3360527E+05   1.2418699E-01   3.3930985E-06   8.7993779E-02
   2.0000000E-01   7.0505640E+04   2.8791129E+04   9.9264938E+04   1.1241844E-01   2.5336929E-05   7.9796867E-02
   2.5000000E-01   5.4099948E+04   2.1823326E+04   7.5872344E+04   1.1281372E-01   1.1335891E-05   8.0262764E-02
   3.0000000E-01   4.5274276E+04   1.7846574E+04   6.3078409E+04   1.0598956E-01   3.3131394E-06   7.5960464E-02
   3.5000000E-01   3.5796220E+04   1.4242094E+04   4.9974652E+04   1.0315023E-01   1.0811477E-05   7.3966698E-02
   4.0000000E-01   3.0128031E+04   1.1793381E+04   4.1905497E+04   1.0905211E-01   6.6101611E-06   7.8323317E-02
   4.5000000E-01   2.5195996E+04   9.8534594E+03   3.5035308E+04   1.0862817E-01   5.4874884E-06   7.8136713E-02
   5.0000000E-01   2.1307664E+04   7.8558880E+03   2.9163552E+04   1.0346812E-01   1.0348048E-05   7.5599295E-02
   5.5000000E-01   1.7738542E+04   6.7365947E+03   2.4463562E+04   1.0572743E-01   8.7864562E-06   7.6706284E-02
   6.0000000E-01   1.4981785E+04   5.9577000E+03   2.0923570E+04   1.1113755E-01   6.8950748E-06   7.9786594E-02
   6.5000000E-01   1.2859719E+04   4.9656342E+03   1.7815559E+04   1.2106247E-01   3.0743269E-06   8.7476958E-02
   7.0000000E-01   1.0954407E+04   3.8970225E+03   1.4842335E+04   1.1709637E-01   4.1251701E-05   8.6412914E-02
   7.5000000E-01   9.3837754E+03   3.3231552E+03   1.2698442E+04   1.2447849E-01   1.0356299E-05   9.1988642E-02
   8.0000000E-01   7.3688739E+03   2.9204932E+03   1.0289367E+04   1.2955022E-01   6.2328682E-06   9.2778077E-02
   8.5000000E-01   6.1527429E+03   2.2506381E+03   8.3996362E+03   1.4128272E-01   4.7291065E-05   1.0351168E-01
   9.0000000E-01   4.6331772E+03   1.7117998E+03   6.3414403E+03   1.5205910E-01   5.9432523E-06   1.1122677E-01
   9.5000000E-01   3.4243442E+03   1.1928244E+03   4.6138180E+03   1.6649185E-01   7.1808412E-06   1.2356906E-01
   1.0000000E+00   1.8045420E+03   5.7217184E+02   2.3767138E+03   1.9761174E-01   4.6482973E-06   1.5003935E-01
