   0.0000000E+00   5.3323272E+05   2.6992678E+05   8.0315950E+05   1.1541309E-01   5.1125699E-06   7.6623273E-02
   5.0000000E-02   2.1364960E+05   1.0090423E+05   3.1455383E+05   8.2252731E-02   5.5209686E-06   5.5865574E-02
   1.0000000E-01   1.2114874E+05   5.4812962E+04   1.7596171E+05   5.7558558E-02   3.1758987E-05   3.9621716E-02
   1.5000000E-01   8.6389303E+04   3.9852398E+04   1.2624170E+05   3.7570313E-02   3.9777191E-05   2.5698413E-02
   2.0000000E-01   6.5269442E+04   3.1830989E+04   9.7100431E+04   3.1087996E-02   5.4579566E-06   2.0898153E-02
   2.5000000E-01   5.2139159E+04   2.6203270E+04   7.8316964E+04   2.5121183E-02   1.1457533E-04   1.6737960E-02
   3.0000000E-01   4.3343196E+04   2.1316152E+04   6.4659348E+04   2.5672084E-02   3.1679455E-05   1.7200690E-02
   3.5000000E-01   3.6569259E+04   1.8689338E+04   5.5258596E+04   2.2153484E-02   6.4156042E-06   1.4662366E-02
   4.0000000E-01   3.2069721E+04   1.5708593E+04   4.7762398E+04   2.8335944E-02   2.4049543E-04   1.8964224E-02
   4.5000000E-01   2.8732772E+04   1.3850017E+04   4.2582789E+04   2.1141617E-02   8.5737051E-05   1.4284870E-02
   5.0000000E-01   2.4637185E+04   1.2102142E+04   3.6726595E+04   2.3546898E-02   4.4315374E-05   1.5803111E-02
   5.5000000E-01   2.1523536E+04   1.1268170E+04   3.2785918E+04   1.9362693E-02   2.1601218E-04   1.2724091E-02
   6.0000000E-01   1.9040236E+04   9.7296722E+03   2.8764603E+04   1.4739104E-02   1.2955324E-05   9.7526178E-03
   6.5000000E-01   1.6155451E+04   8.5453962E+03   2.4691053E+04   1.9394015E-02   2.4280404E-05   1.2770618E-02
   7.0000000E-01   1.4810504E+04   7.2347290E+03   2.2040686E+04   2.5989097E-02   6.3511609E-05   1.7453602E-02
   7.5000000E-01   1.2838499E+04   6.2431179E+03   1.9077373E+04   2.5168960E-02   3.4257695E-06   1.6904089E-02
   8.0000000E-01   1.1124931E+04   5.7693667E+03   1.6894297E+04   3.9708181E-02   1.5622368E-04   2.6100247E-02
   8.5000000E-01   8.8340355E+03   4.7746483E+03   1.3608684E+04   3.2147971E-02   3.4052101E-05   2.0880290E-02
   9.0000000E-01   7.0523324E+03   3.9152116E+03   1.0967544E+04   5.5951262E-02   2.7248039E-05   3.5976628E-02
   9.5000000E-01   5.4514756E+03   2.9418535E+03   8.3933291E+03   4.8793922E-02   2.0281982E-05   3.1684844E-02
   1.0000000E+00   3.4204559E+03   1.5907635E+03   5.0112193E+03   9.4821422E-02   5.1325586E-06   6.4720692E-02
