   0.0000000E+00   1.9418431E+07   1.2838329E+07   3.2076469E+07   3.2287867E-03   9.5923796E-06   1.9553623E-03
   5.0000000E-02   1.3458142E+05   3.6414651E+04   1.7099607E+05   1.6748642E-01   5.3737886E-03   1.3296355E-01
   1.0000000E-01   6.5921977E+04   1.8557466E+04   8.4479444E+04   1.6674335E-01   1.1855285E-02   1.3269142E-01
   1.5000000E-01   4.2568642E+04   1.2456527E+04   5.5025169E+04   1.7549873E-01   6.1430084E-03   1.3715863E-01
   2.0000000E-01   3.2515355E+04   8.9922543E+03   4.1491694E+04   1.7651807E-01   4.9947471E-03   1.3938327E-01
   2.5000000E-01   2.4662650E+04   7.8176908E+03   3.2454876E+04   1.8341523E-01   8.0512407E-03   1.4112283E-01
   3.0000000E-01   2.0318781E+04   5.3582164E+03   2.5676997E+04   1.8991924E-01   7.5083875E-03   1.5174638E-01
   3.5000000E-01   1.5551712E+04   4.3835819E+03   1.9935293E+04   1.8926263E-01   6.8462107E-03   1.4897384E-01
   4.0000000E-01   1.3910142E+04   3.6207750E+03   1.7522959E+04   1.9028332E-01   4.6460487E-03   1.5172669E-01
   4.5000000E-01   1.1176214E+04   3.2043195E+03   1.4373460E+04   2.0279734E-01   8.5734208E-03   1.5958016E-01
   5.0000000E-01   9.6511557E+03   3.2212960E+03   1.2859719E+04   2.0691148E-01   7.1935117E-03   1.5698070E-01
   5.5000000E-01   8.4207434E+03   2.3786430E+03   1.0787811E+04   2.2543074E-01   1.1364799E-02   1.7823494E-01
   6.0000000E-01   7.1089208E+03   2.4138500E+03   9.5280759E+03   2.3037314E-01   1.3339355E-02   1.7525908E-01
   6.5000000E-01   6.4396539E+03   1.8510944E+03   8.2907483E+03   2.4042191E-01   1.4915391E-02   1.9006968E-01
   7.0000000E-01   5.4203626E+03   1.7507044E+03   7.1710670E+03   2.4697784E-01   1.4990799E-02   1.9023029E-01
   7.5000000E-01   4.4690708E+03   1.3411457E+03   5.8102165E+03   2.5793343E-01   1.4084608E-02   2.0164350E-01
   8.0000000E-01   3.8674651E+03   1.1419367E+03   5.0054230E+03   2.7349393E-01   1.4450041E-02   2.1434632E-01
   8.5000000E-01   3.1493955E+03   8.5756428E+02   4.0069597E+03   2.8942589E-01   1.8145653E-02   2.3119263E-01
   9.0000000E-01   2.3943977E+03   7.6040695E+02   3.1512679E+03   3.0444193E-01   1.1059949E-02   2.3362364E-01
   9.5000000E-01   1.6116532E+03   4.5233510E+02   2.0639883E+03   3.2431904E-01   2.4884684E-02   2.5869476E-01
   1.0000000E+00   5.9732226E+02   2.0749089E+02   8.0481314E+02   3.1763476E-01   2.5368333E-02   2.4202802E-01
