   0.0000000E+00   4.4257807E+05   2.3020171E+05   6.7277978E+05   2.3080029E-02   6.2187294E-03   1.7043330E-02
   5.0000000E-02   1.8984002E+05   9.4983670E+04   2.8482369E+05   5.3901226E-03   9.0918112E-03   5.8093950E-03
   1.0000000E-01   1.0443747E+05   5.3189582E+04   1.5762706E+05   4.7860541E-03   2.1017347E-03   2.8169000E-03
   1.5000000E-01   7.7901039E+04   3.9258219E+04   1.1715926E+05   4.2061980E-03   4.6321591E-03   2.2448272E-03
   2.0000000E-01   6.2516062E+04   3.0637327E+04   9.3169304E+04   2.8409002E-03   3.2900760E-03   2.4414953E-03
   2.5000000E-01   5.0534878E+04   2.5515720E+04   7.6037866E+04   5.9400552E-03   6.5370843E-03   1.7141397E-03
   3.0000000E-01   4.2101788E+04   2.0690143E+04   6.2791930E+04   1.0760604E-03   5.0396094E-03   1.2589024E-03
   3.5000000E-01   3.6805717E+04   1.8734810E+04   5.5540528E+04   4.0422117E-03   1.4303325E-03   3.0993314E-03
   4.0000000E-01   3.0812397E+04   1.6281551E+04   4.7093948E+04   1.4184075E-03   4.1852188E-03   1.8897307E-03
   4.5000000E-01   2.7374650E+04   1.3793428E+04   4.1168079E+04   2.6665939E-03   5.5315470E-03   2.1761596E-03
   5.0000000E-01   2.5655777E+04   1.2713297E+04   3.8362707E+04   3.5129248E-03   3.1817850E-03   2.8063419E-03
   5.5000000E-01   2.2501615E+04   1.1245020E+04   3.3746635E+04   4.8882131E-03   8.5946914E-03   6.1186545E-03
   6.0000000E-01   1.9846621E+04   1.0074508E+04   2.9921129E+04   2.6449504E-03   3.1070006E-03   1.0154930E-03
   6.5000000E-01   1.7756795E+04   8.5698816E+03   2.6326676E+04   2.1119272E-03   4.8605096E-03   2.6125987E-03
   7.0000000E-01   1.5369820E+04   8.1305439E+03   2.3500364E+04   2.9789813E-03   6.2631163E-03   2.1496414E-03
   7.5000000E-01   1.3632151E+04   6.7651461E+03   2.0397298E+04   4.1421221E-03   2.0312842E-03   2.0978260E-03
   8.0000000E-01   1.2063945E+04   6.0240146E+03   1.8087959E+04   3.0119368E-03   2.8466439E-03   2.8010092E-03
   8.5000000E-01   9.7065791E+03   4.8757585E+03   1.4582338E+04   2.3832353E-03   6.0012717E-03   2.3696029E-03
   9.0000000E-01   7.9542104E+03   3.9187484E+03   1.1872959E+04   3.5955465E-03   4.6830357E-03   3.4417795E-03
   9.5000000E-01   5.6960716E+03   3.0390218E+03   8.7350934E+03   6.7666654E-03   1.3272097E-02   9.0005099E-03
   1.0000000E+00   3.4015931E+03   1.8296924E+03   5.2312854E+03   1.0578841E-02   1.5272852E-02   1.1593377E-02
