   0.0000000E+00   4.8128455E+05   3.8961130E+05   8.7089585E+05   1.2990256E-01   7.0998435E-06   7.1791286E-02
   5.0000000E-02   1.8843945E+05   9.6193248E+04   2.8463270E+05   1.0690066E-01   9.8046929E-07   7.0773049E-02
   1.0000000E-01   1.0848001E+05   5.6213526E+04   1.6469354E+05   7.7788574E-02   3.2848783E-05   5.1226411E-02
   1.5000000E-01   7.6988551E+04   4.1486388E+04   1.1845372E+05   5.6758553E-02   2.6771688E-05   3.6880634E-02
   2.0000000E-01   5.9699019E+04   3.0255355E+04   8.9922543E+04   4.7403755E-02   3.5032920E-06   3.1451962E-02
   2.5000000E-01   4.9478089E+04   2.5630312E+04   7.5095668E+04   3.9630418E-02   7.0720289E-07   2.6116102E-02
   3.0000000E-01   4.2048736E+04   2.2122537E+04   6.4160663E+04   3.9222948E-02   2.4565821E-05   2.5712431E-02
   3.5000000E-01   3.6196381E+04   1.8189136E+04   5.4376423E+04   3.5432463E-02   3.8020802E-06   2.3585256E-02
   4.0000000E-01   3.1687749E+04   1.5517607E+04   4.7189441E+04   3.0611561E-02   5.5085129E-06   2.0589760E-02
   4.5000000E-01   2.8280065E+04   1.4041003E+04   4.2313994E+04   3.2631485E-02   5.3904024E-05   2.1762047E-02
   5.0000000E-01   2.4567157E+04   1.1898424E+04   3.6459214E+04   3.6933281E-02   7.8118694E-06   2.4888763E-02
   5.5000000E-01   2.2854650E+04   1.0556313E+04   3.3410963E+04   2.7267114E-02   2.2970924E-05   1.8685835E-02
   6.0000000E-01   2.0127795E+04   9.6500947E+03   2.9767280E+04   3.5860091E-02   5.5977657E-05   2.4230929E-02
   6.5000000E-01   1.7379720E+04   8.7559704E+03   2.6111205E+04   3.8558404E-02   6.1331012E-06   2.5722999E-02
   7.0000000E-01   1.5574448E+04   7.5166606E+03   2.3091109E+04   4.0759886E-02   1.2662018E-04   2.7522992E-02
   7.5000000E-01   1.3767964E+04   6.4765452E+03   2.0240265E+04   4.7836914E-02   1.0243024E-05   3.2536664E-02
   8.0000000E-01   1.1868980E+04   5.5107399E+03   1.7371762E+04   4.8727301E-02   2.5289704E-06   3.3329366E-02
   8.5000000E-01   9.8676065E+03   4.7109863E+03   1.4574848E+04   5.0578247E-02   1.0446443E-06   3.4242342E-02
   9.0000000E-01   8.2194686E+03   3.7878876E+03   1.2003819E+04   6.7453637E-02   4.9125929E-06   4.6100879E-02
   9.5000000E-01   6.2455750E+03   2.9988142E+03   9.2443892E+03   6.8669372E-02   3.9329305E-06   4.6393050E-02
   1.0000000E+00   3.5776459E+03   1.5593255E+03   5.1369714E+03   9.4573438E-02   1.8416501E-06   6.5865257E-02
