   0.0000000E+00   3.6516510E+05   1.4565860E+05   5.1082371E+05   2.8003431E-02   6.4200607E-03   2.1825196E-02
   5.0000000E-02   1.6794030E+05   8.1678317E+04   2.4961861E+05   7.9119317E-03   2.6621363E-03   4.4674221E-03
   1.0000000E-01   1.0157268E+05   5.2552962E+04   1.5412565E+05   8.6651716E-03   1.2250989E-02   4.6341757E-03
   1.5000000E-01   7.4845265E+04   3.9746294E+04   1.1459156E+05   4.5759187E-03   1.0374604E-03   3.0739880E-03
   2.0000000E-01   5.9460287E+04   3.1321693E+04   9.0781980E+04   2.5049071E-03   2.6878122E-03   1.1189919E-03
   2.5000000E-01   4.9961920E+04   2.5286537E+04   7.5248457E+04   2.9069043E-03   6.8475892E-03   3.7767855E-03
   3.0000000E-01   4.1550050E+04   2.0477936E+04   6.2017376E+04   1.1696191E-03   2.8913804E-03   1.7339863E-03
   3.5000000E-01   3.7487810E+04   1.8407406E+04   5.5886121E+04   2.3173872E-03   5.0849491E-03   3.1799618E-03
   4.0000000E-01   3.2459651E+04   1.6162184E+04   4.8621835E+04   1.5207579E-03   1.8003293E-03   4.4995563E-04
   4.5000000E-01   2.7820284E+04   1.4210768E+04   4.2009831E+04   3.0741356E-03   3.8685512E-03   3.3217021E-03
   5.0000000E-01   2.5502988E+04   1.2522311E+04   3.8018933E+04   1.4733133E-03   3.3445470E-03   2.0708395E-03
   5.5000000E-01   2.2397441E+04   1.1360769E+04   3.3758210E+04   6.9783378E-03   1.6904786E-03   4.6217349E-03
   6.0000000E-01   2.0127795E+04   1.0376902E+04   3.0504697E+04   1.3330214E-03   2.4376151E-03   1.3178941E-03
   6.5000000E-01   1.7830251E+04   8.7804558E+03   2.6610706E+04   1.9738452E-03   3.1592293E-03   2.3205351E-03
   7.0000000E-01   1.5910947E+04   7.8668015E+03   2.3773201E+04   6.1621724E-03   9.5035859E-04   4.4152447E-03
   7.5000000E-01   1.4090518E+04   7.1004325E+03   2.1190950E+04   5.9967393E-03   3.4727666E-03   4.7935659E-03
   8.0000000E-01   1.1896832E+04   6.2866203E+03   1.8183452E+04   2.8008527E-03   2.2025501E-03   2.5466278E-03
   8.5000000E-01   1.0418095E+04   5.1229168E+03   1.5541012E+04   1.8020878E-03   6.1179092E-03   2.8036087E-03
   9.0000000E-01   8.3609397E+03   4.1344917E+03   1.2495431E+04   2.9937168E-03   5.6996913E-03   3.5247314E-03
   9.5000000E-01   6.0579397E+03   3.2635140E+03   9.3214537E+03   3.4238845E-03   4.0932436E-03   3.5182199E-03
   1.0000000E+00   3.4581815E+03   1.8799932E+03   5.3381747E+03   5.5692156E-03   1.8403785E-02   9.7507522E-03
