   0.0000000E+00   5.0827723E+05   3.0608679E+05   8.1436401E+05   8.4507238E-03   5.5614995E-03   6.1458774E-03
   5.0000000E-02   2.2612734E+05   1.1153578E+05   3.3766313E+05   2.6018492E-03   2.7899408E-03   8.2275199E-04
   1.0000000E-01   1.2165804E+05   6.1529301E+04   1.8318734E+05   2.3328968E-03   5.8595007E-03   6.2183579E-04
   1.5000000E-01   8.2123951E+04   4.1741036E+04   1.2386499E+05   2.1133570E-03   3.2188578E-03   2.3699306E-03
   2.0000000E-01   6.4967048E+04   3.2165214E+04   9.7132262E+04   6.4868185E-04   3.0971090E-03   5.9481877E-04
   2.5000000E-01   5.1566202E+04   2.6381523E+04   7.7947725E+04   2.5231091E-03   4.3110310E-03   5.7777078E-04
   3.0000000E-01   4.3205262E+04   2.1698124E+04   6.4903386E+04   5.5843518E-03   4.1468098E-03   3.3360084E-03
   3.5000000E-01   3.6851190E+04   1.7779881E+04   5.4631071E+04   3.3546407E-03   5.4772195E-03   8.2038380E-04
   4.0000000E-01   3.1289862E+04   1.6082607E+04   4.7364511E+04   4.4982324E-03   2.5716182E-03   2.3540799E-03
   4.5000000E-01   2.7480754E+04   1.3970267E+04   4.1451021E+04   6.7430968E-03   5.4152873E-03   4.6606346E-03
   5.0000000E-01   2.4548058E+04   1.1834762E+04   3.6382820E+04   3.1577250E-04   4.8844548E-03   1.7439534E-03
   5.5000000E-01   2.1245738E+04   1.0724149E+04   3.1969887E+04   1.0105815E-03   3.7154183E-03   5.7836040E-04
   6.0000000E-01   1.8896997E+04   9.6129586E+03   2.8509955E+04   7.1917218E-04   5.5594617E-03   2.2521053E-03
   6.5000000E-01   1.6767585E+04   8.3054395E+03   2.5073025E+04   1.6027882E-03   5.3810028E-03   7.4558319E-04
   7.0000000E-01   1.5538070E+04   7.7030992E+03   2.3241169E+04   6.4555345E-04   1.3370947E-03   5.6747796E-04
   7.5000000E-01   1.2656001E+04   6.5741602E+03   1.9230161E+04   3.2015029E-03   5.4692257E-03   5.3670915E-04
   8.0000000E-01   1.0691233E+04   5.6778526E+03   1.6369086E+04   1.0043614E-03   7.4266031E-03   3.0743908E-03
   8.5000000E-01   9.2609453E+03   4.7259656E+03   1.3990656E+04   8.3937182E-04   4.9824424E-03   2.2146972E-03
   9.0000000E-01   7.4944294E+03   3.5792178E+03   1.1073647E+04   4.1352691E-03   6.0826011E-03   3.3596870E-03
   9.5000000E-01   5.0460494E+03   2.5397778E+03   7.5858272E+03   5.8172577E-03   1.1259050E-02   7.5327534E-03
   1.0000000E+00   2.9048724E+03   1.2575205E+03   4.1623930E+03   9.7817361E-03   1.0733826E-02   9.4400910E-03
