   0.0000000E+00   8.8668402E+06   8.4334294E+06   1.7265638E+07   9.7434116E-03   5.2169754E-05   5.0228589E-03
   5.0000000E-02   2.0588283E+05   7.1556062E+04   2.7737523E+05   1.6021191E-01   3.4843246E-03   1.1964963E-01
   1.0000000E-01   1.0201832E+05   3.4059158E+04   1.3601381E+05   1.4190652E-01   4.0207325E-03   1.0743354E-01
   1.5000000E-01   6.8479067E+04   2.2684885E+04   9.1142731E+04   1.4492874E-01   8.0244639E-03   1.1084158E-01
   2.0000000E-01   5.2043666E+04   1.8143664E+04   7.0171414E+04   1.4664523E-01   8.2828075E-03   1.1089299E-01
   2.5000000E-01   4.0832792E+04   1.4082029E+04   5.4902089E+04   1.4153497E-01   5.3323716E-03   1.0660602E-01
   3.0000000E-01   3.4462350E+04   1.1119625E+04   4.5592586E+04   1.4440251E-01   1.0541327E-02   1.1172041E-01
   3.5000000E-01   2.8502377E+04   1.0004025E+04   3.8479118E+04   1.4401574E-01   1.0577796E-02   1.0948129E-01
   4.0000000E-01   2.4223382E+04   8.4352120E+03   3.2650637E+04   1.5213225E-01   5.5092908E-03   1.1433425E-01
   4.5000000E-01   2.0987232E+04   7.0523324E+03   2.8018344E+04   1.4446599E-01   8.4355153E-03   1.1034238E-01
   5.0000000E-01   1.7717128E+04   5.8505357E+03   2.3561298E+04   1.5013167E-01   1.6106248E-02   1.1676622E-01
   5.5000000E-01   1.5608759E+04   5.3360312E+03   2.0944791E+04   1.5987528E-01   1.3099876E-02   1.2236931E-01
   6.0000000E-01   1.3124978E+04   4.7269018E+03   1.7846574E+04   1.6951286E-01   1.7550616E-02   1.2924515E-01
   6.5000000E-01   1.1640348E+04   4.0204987E+03   1.5655949E+04   1.7207497E-01   1.2333977E-02   1.3106757E-01
   7.0000000E-01   9.9858359E+03   3.4650305E+03   1.3450866E+04   1.7173242E-01   1.7021649E-02   1.3185600E-01
   7.5000000E-01   8.8659914E+03   2.9539157E+03   1.1815663E+04   1.8959252E-01   1.5995011E-02   1.4603906E-01
   8.0000000E-01   7.2017612E+03   2.5027115E+03   9.7044727E+03   2.0049835E-01   2.6525188E-02   1.5563071E-01
   8.5000000E-01   6.0216741E+03   1.9922454E+03   8.0139195E+03   2.1333031E-01   2.9100665E-02   1.6752262E-01
   9.0000000E-01   4.5695153E+03   1.8072928E+03   6.3768081E+03   2.2846556E-01   3.1658694E-02   1.7268097E-01
   9.5000000E-01   3.2400596E+03   1.1626687E+03   4.4027283E+03   2.4428672E-01   3.3035726E-02   1.8848585E-01
   1.0000000E+00   1.7353783E+03   5.6588424E+02   2.3012626E+03   2.5028373E-01   5.0577995E-02   2.0084753E-01
