   0.0000000E+00   3.4683045E+05   2.0066255E+05   5.4749300E+05   8.6110143E-02   1.2614264E-02   5.9170637E-02
   5.0000000E-02   1.4890536E+05   7.0473809E+04   2.1931551E+05   6.3602253E-02   2.2150192E-02   5.0220762E-02
   1.0000000E-01   9.5524797E+04   4.4945356E+04   1.4043832E+05   4.2647856E-02   1.5734970E-02   3.3971210E-02
   1.5000000E-01   6.9179349E+04   3.5226294E+04   1.0442686E+05   3.5354593E-02   1.0209246E-02   2.6864269E-02
   2.0000000E-01   5.7836906E+04   2.9013946E+04   8.6834937E+04   2.2219851E-02   5.4047352E-03   1.6602688E-02
   2.5000000E-01   4.8090258E+04   2.4726312E+04   7.2803837E+04   1.5553653E-02   1.5247833E-02   1.5417485E-02
   3.0000000E-01   4.1030144E+04   2.0541598E+04   6.1561132E+04   2.0999650E-02   1.3795144E-02   1.8489256E-02
   3.5000000E-01   3.6487408E+04   1.7879921E+04   5.4367329E+04   1.1263250E-02   9.8209020E-03   1.0601294E-02
   4.0000000E-01   3.1369439E+04   1.5764297E+04   4.7133736E+04   9.5567499E-03   1.1210942E-02   1.0022232E-02
   4.5000000E-01   2.9150112E+04   1.4345166E+04   4.3459910E+04   1.3102954E-02   1.1958649E-02   1.2683257E-02
   5.0000000E-01   2.5452058E+04   1.2509579E+04   3.7961637E+04   1.0684610E-02   1.5018578E-02   1.1981964E-02
   5.5000000E-01   2.2617364E+04   1.0648913E+04   3.3248914E+04   8.5114252E-03   1.1632506E-02   9.3906153E-03
   6.0000000E-01   2.1103945E+04   1.0530752E+04   3.1634698E+04   1.8906881E-02   1.8287251E-02   1.8677609E-02
   6.5000000E-01   1.9064314E+04   9.2211925E+03   2.8265918E+04   1.3765628E-02   1.4872348E-02   1.4240318E-02
   7.0000000E-01   1.6674891E+04   8.2487733E+03   2.4923664E+04   1.1770622E-02   1.1822924E-02   1.1681857E-02
   7.5000000E-01   1.4060809E+04   7.2022917E+03   2.1258856E+04   1.6630131E-02   1.3499226E-02   1.5448864E-02
   8.0000000E-01   1.2919403E+04   6.4378174E+03   1.9357220E+04   2.1475732E-02   1.7271238E-02   2.0046644E-02
   8.5000000E-01   1.0923646E+04   5.4262474E+03   1.6349894E+04   2.6129862E-02   2.5737671E-02   2.5968446E-02
   9.0000000E-01   9.1213466E+03   4.5836624E+03   1.3705009E+04   2.9613005E-02   1.6575061E-02   2.5198844E-02
   9.5000000E-01   6.7783253E+03   3.5148113E+03   1.0286435E+04   3.0902443E-02   3.9188610E-02   3.3328533E-02
   1.0000000E+00   4.0303533E+03   1.9491568E+03   5.9795102E+03   4.8141331E-02   6.6187054E-02   5.3474307E-02
