   0.0000000E+00   7.1046767E+05   3.3104228E+05   1.0415099E+06   3.2562808E-03   4.6856003E-04   2.1677929E-03
   5.0000000E-02   2.4497129E+05   1.1331832E+05   3.5828961E+05   3.4150167E-03   2.7239759E-04   2.3858026E-03
   1.0000000E-01   1.2722846E+05   6.1974935E+04   1.8920340E+05   2.9462804E-03   1.2833196E-04   1.9631689E-03
   1.5000000E-01   8.6665172E+04   4.1380285E+04   1.2804546E+05   4.6567932E-03   9.2787184E-05   3.1776347E-03
   2.0000000E-01   6.6447189E+04   3.1369439E+04   9.7816628E+04   7.8433700E-03   3.6553194E-04   5.3136639E-03
   2.5000000E-01   5.1400680E+04   2.6114143E+04   7.7502091E+04   4.4919916E-03   7.7865345E-05   2.9829833E-03
   3.0000000E-01   4.3958595E+04   2.1634462E+04   6.5593057E+04   2.8691853E-03   5.6421918E-04   2.1074922E-03
   3.5000000E-01   3.5668896E+04   1.9380525E+04   5.5049421E+04   1.5500152E-03   5.4173385E-04   8.4891773E-04
   4.0000000E-01   3.0764650E+04   1.5501691E+04   4.6266342E+04   4.1138012E-03   3.2612604E-04   2.6557008E-03
   4.5000000E-01   2.7636372E+04   1.4083444E+04   4.1719816E+04   2.5517508E-03   5.6745434E-04   1.5619217E-03
   5.0000000E-01   2.5000058E+04   1.2019381E+04   3.7019440E+04   4.4068538E-03   5.5327957E-04   3.0261457E-03
   5.5000000E-01   2.0985303E+04   1.0712575E+04   3.1697877E+04   2.3703075E-03   4.3872788E-04   1.4389725E-03
   6.0000000E-01   1.8817419E+04   9.2999538E+03   2.8117373E+04   8.8328621E-04   8.0796364E-04   3.5206341E-04
   6.5000000E-01   1.6248495E+04   8.8049412E+03   2.5053437E+04   5.3116451E-03   3.2112982E-04   3.4072150E-03
   7.0000000E-01   1.4560404E+04   7.2983910E+03   2.1858795E+04   2.8820679E-03   1.8289666E-04   1.8589569E-03
   7.5000000E-01   1.2651757E+04   6.2091648E+03   1.8860922E+04   6.4033506E-03   1.5530516E-04   4.2502180E-03
   8.0000000E-01   1.0591761E+04   5.4868667E+03   1.6074649E+04   3.7538654E-03   3.9371914E-04   2.5609628E-03
   8.5000000E-01   8.7404150E+03   4.4413591E+03   1.3181774E+04   9.2722534E-03   4.4978938E-04   6.2010224E-03
   9.0000000E-01   7.0452588E+03   3.6747108E+03   1.0719970E+04   3.5750500E-03   3.4568613E-04   2.3315198E-03
   9.5000000E-01   4.3960271E+03   2.3856488E+03   6.7816759E+03   4.8220926E-03   8.9838102E-04   3.4060647E-03
   1.0000000E+00   2.3327006E+03   1.1191933E+03   3.4518939E+03   1.8145315E-02   1.5607583E-03   1.1837048E-02
