   0.0000000E+00   5.2910743E+06   6.5760276E+06   1.1848258E+07   1.8105733E-02   2.3275007E-07   8.0967440E-03
   5.0000000E-02   2.2918312E+05   9.4028740E+04   3.2314820E+05   1.5271336E-01   6.6629294E-06   1.0825642E-01
   1.0000000E-01   1.1681973E+05   4.3226483E+04   1.6001438E+05   1.3956065E-01   8.5764865E-06   1.0188975E-01
   1.5000000E-01   7.7667612E+04   3.0281881E+04   1.0794949E+05   1.3691952E-01   1.6580531E-05   9.8515635E-02
   2.0000000E-01   5.9969583E+04   2.0785636E+04   8.0659725E+04   1.2983754E-01   6.1725798E-06   9.6466039E-02
   2.5000000E-01   4.7300849E+04   1.6564846E+04   6.3840231E+04   1.3363240E-01   3.0322346E-05   9.8929056E-02
   3.0000000E-01   3.8664041E+04   1.3708546E+04   5.2361976E+04   1.3341438E-01   2.8894814E-05   9.8505516E-02
   3.5000000E-01   3.3386160E+04   1.2241289E+04   4.5600165E+04   1.3785762E-01   2.9326012E-05   1.0101843E-01
   4.0000000E-01   2.8265918E+04   9.5174656E+03   3.7775426E+04   1.4003442E-01   3.7305749E-06   1.0479601E-01
   4.5000000E-01   2.3774212E+04   8.1770273E+03   3.1930018E+04   1.4147770E-01   4.5323308E-05   1.0532880E-01
   5.0000000E-01   2.0028058E+04   6.9582541E+03   2.6979946E+04   1.4275929E-01   3.9913486E-07   1.0606236E-01
   5.5000000E-01   1.7055622E+04   6.3141107E+03   2.3363946E+04   1.4087236E-01   2.6495383E-06   1.0277889E-01
   6.0000000E-01   1.5554743E+04   5.8993432E+03   2.1454086E+04   1.4728865E-01   7.8942936E-05   1.0680961E-01
   6.5000000E-01   1.3383706E+04   4.7109863E+03   1.8084899E+04   1.5608201E-01   6.6903494E-07   1.1544069E-01
   7.0000000E-01   1.1331832E+04   4.1835014E+03   1.5510786E+04   1.6253925E-01   1.1801018E-05   1.1877232E-01
   7.5000000E-01   9.9270243E+03   3.6966388E+03   1.3619419E+04   1.7714577E-01   1.8079730E-05   1.2911856E-01
   8.0000000E-01   8.2561627E+03   3.0199650E+03   1.1276128E+04   1.8632608E-01   2.1583790E-05   1.3643012E-01
   8.5000000E-01   6.8904728E+03   2.6550789E+03   9.5455518E+03   1.9744752E-01   5.8244381E-04   1.4265356E-01
   9.0000000E-01   5.6765263E+03   1.8674180E+03   7.5439443E+03   2.0693671E-01   7.8391742E-06   1.5570993E-01
   9.5000000E-01   3.9168869E+03   1.3938622E+03   5.3073985E+03   2.2509937E-01   2.7185005E-05   1.6615212E-01
   1.0000000E+00   1.8737056E+03   6.9792390E+02   2.5716295E+03   2.4973060E-01   4.5456264E-06   1.8195491E-01
