   0.0000000E+00   2.0214970E+07   1.2916761E+07   3.2962644E+07   2.6689966E-03   5.8191551E-05   1.6494686E-03
   5.0000000E-02   1.2796057E+05   3.8515496E+04   1.6647607E+05   1.6942861E-01   1.2231465E-02   1.3305931E-01
   1.0000000E-01   6.3566484E+04   1.7825354E+04   8.1360007E+04   1.6976873E-01   1.0932267E-02   1.3494806E-01
   1.5000000E-01   4.0319252E+04   1.0780095E+04   5.1099347E+04   1.7523295E-01   1.2418298E-02   1.4088440E-01
   2.0000000E-01   2.9539157E+04   9.2946487E+03   3.8817891E+04   1.7663968E-01   1.2899851E-02   1.3745679E-01
   2.5000000E-01   2.3873241E+04   6.4425921E+03   3.0315834E+04   1.7880096E-01   1.1683129E-02   1.4325315E-01
   3.0000000E-01   1.8217936E+04   5.5704230E+03   2.3788359E+04   1.8062378E-01   1.5554422E-02   1.4196339E-01
   3.5000000E-01   1.5124267E+04   4.6564189E+03   1.9780686E+04   1.9854083E-01   1.7088355E-02   1.5579010E-01
   4.0000000E-01   1.2947255E+04   3.8833806E+03   1.6838593E+04   1.9902697E-01   1.2637199E-02   1.5593322E-01
   4.5000000E-01   1.0822536E+04   3.1972460E+03   1.4019782E+04   2.1036686E-01   1.8849517E-02   1.6669048E-01
   5.0000000E-01   9.8867051E+03   2.9666481E+03   1.2853353E+04   2.1760796E-01   2.4500836E-02   1.7303142E-01
   5.5000000E-01   7.9519597E+03   2.7664023E+03   1.0712575E+04   2.1496946E-01   2.8078789E-02   1.6667038E-01
   6.0000000E-01   6.6314560E+03   2.0955401E+03   8.7216909E+03   2.3492913E-01   1.7981861E-02   1.8294221E-01
   6.5000000E-01   5.8128282E+03   1.8315061E+03   7.6443343E+03   2.4908283E-01   3.0914327E-02   1.9674243E-01
   7.0000000E-01   5.0247489E+03   1.7097788E+03   6.7345277E+03   2.5396070E-01   2.0063589E-02   1.9452930E-01
   7.5000000E-01   4.4860473E+03   1.3241691E+03   5.8102165E+03   2.6402468E-01   2.2117669E-02   2.0887899E-01
   8.0000000E-01   3.5451764E+03   1.0822536E+03   4.6274300E+03   2.7610862E-01   2.1983719E-02   2.1663507E-01
   8.5000000E-01   2.8048718E+03   1.0036123E+03   3.8047393E+03   2.9022871E-01   3.4165777E-02   2.2284504E-01
   9.0000000E-01   2.3943977E+03   6.6491398E+02   3.0593117E+03   3.0465607E-01   3.3198148E-02   2.4565697E-01
   9.5000000E-01   1.3905116E+03   5.0929582E+02   1.8998074E+03   3.2981577E-01   2.8080555E-02   2.4880803E-01
   1.0000000E+00   7.6079993E+02   2.8922972E+02   1.0500296E+03   3.2931644E-01   5.6094680E-02   2.5373779E-01
