   0.0000000E+00   2.4629036E+07   1.4498124E+07   3.8812416E+07   1.7000167E-03   6.8532783E-06   1.0695713E-03
   5.0000000E-02   9.0336346E+04   2.5337467E+04   1.1567381E+05   1.7604021E-01   1.8238324E-04   1.3749307E-01
   1.0000000E-01   4.4308736E+04   1.1968452E+04   5.6277188E+04   1.8195992E-01   1.4103833E-05   1.4325957E-01
   1.5000000E-01   2.7332209E+04   6.7481696E+03   3.4080378E+04   2.0153408E-01   1.8224915E-05   1.6162522E-01
   2.0000000E-01   2.0292255E+04   5.6340850E+03   2.5926340E+04   1.9895178E-01   4.5318879E-06   1.5571645E-01
   2.5000000E-01   1.5495325E+04   3.9470426E+03   1.9442368E+04   1.9836832E-01   2.2424718E-03   1.5855229E-01
   3.0000000E-01   1.1979062E+04   3.6605637E+03   1.5639626E+04   2.1018072E-01   1.1308057E-03   1.6124198E-01
   3.5000000E-01   1.0476943E+04   2.8102216E+03   1.3287164E+04   2.0902822E-01   1.4259017E-03   1.6507070E-01
   4.0000000E-01   8.8330993E+03   2.3634509E+03   1.1188592E+04   2.3059112E-01   1.4112804E-03   1.8221903E-01
   4.5000000E-01   7.0452588E+03   2.0442568E+03   9.0895156E+03   2.3054097E-01   1.4491714E-03   1.7901717E-01
   5.0000000E-01   6.0478878E+03   1.6806762E+03   7.7285640E+03   2.4915918E-01   3.0373982E-03   1.9523314E-01
   5.5000000E-01   5.3070939E+03   1.5510373E+03   6.8581312E+03   2.5488354E-01   1.6095535E-03   1.9760297E-01
   6.0000000E-01   4.3555403E+03   1.3369015E+03   5.6871366E+03   2.5045418E-01   1.1509607E-05   1.9180965E-01
   6.5000000E-01   3.8784835E+03   1.0479741E+03   4.9264576E+03   2.7515233E-01   9.2599519E-06   2.1661924E-01
   7.0000000E-01   3.3695375E+03   9.6857151E+02   4.3335617E+03   2.9326794E-01   1.1133056E-03   2.2826208E-01
   7.5000000E-01   2.8605448E+03   8.0214091E+02   3.6626858E+03   2.9403141E-01   6.1976211E-04   2.2950178E-01
   8.0000000E-01   2.2361270E+03   6.8436626E+02   2.9204932E+03   3.2724686E-01   1.2234084E-06   2.5056260E-01
   8.5000000E-01   1.8162388E+03   4.9057171E+02   2.3068105E+03   3.2935853E-01   3.0050464E-03   2.5992575E-01
   9.0000000E-01   1.3439751E+03   4.7039128E+02   1.8143664E+03   3.5287634E-01   2.5378374E-03   2.6162577E-01
   9.5000000E-01   9.0802083E+02   2.8815421E+02   1.1961750E+03   3.6727401E-01   4.4150447E-06   2.7879798E-01
   1.0000000E+00   4.3384459E+02   1.0060164E+02   5.3444623E+02   3.8179801E-01   1.0426056E-05   3.0993211E-01
