   0.0000000E+00   5.9312591E+06   2.5128656E+06   8.4375038E+06   5.4101163E-02   3.3227281E-05   3.8071633E-02
   5.0000000E-02   1.5380734E+06   7.1435105E+05   2.2459309E+06   2.6452988E-02   1.1066439E-05   1.8031488E-02
   1.0000000E-01   4.5757046E+05   2.3141129E+05   6.8748569E+05   1.6185811E-02   2.0761742E-05   1.0741965E-02
   1.5000000E-01   1.6861936E+05   9.2373529E+04   2.6080190E+05   1.0859321E-02   1.0818334E-05   7.0501065E-03
   2.0000000E-01   6.8070569E+04   3.9024792E+04   1.0703170E+05   1.0564649E-02   2.6812598E-05   6.6416293E-03
   2.5000000E-01   2.7451045E+04   1.7086875E+04   4.4461525E+04   1.5979008E-02   8.4286032E-05   9.7000826E-03
   3.0000000E-01   1.1480377E+04   7.4802823E+03   1.8960659E+04   1.7200545E-02   2.1824776E-05   1.0415798E-02
   3.5000000E-01   4.9201614E+03   3.5468816E+03   8.4670430E+03   3.4545029E-02   4.6669024E-06   2.0075753E-02
   4.0000000E-01   2.0690143E+03   1.8302818E+03   3.8992961E+03   6.4663441E-03   2.2892738E-04   3.4567656E-03
   4.5000000E-01   9.4078255E+02   7.4272307E+02   1.6835056E+03   3.4481735E-02   4.8884528E-06   1.9270929E-02
   5.0000000E-01   3.8197186E+02   3.8833806E+02   7.7030992E+02   2.7841477E-02   3.2817263E-03   1.5447380E-02
   5.5000000E-01   1.0996160E+02   1.0996160E+02   2.1992319E+02   1.6607945E-01   6.6161118E-03   8.5166583E-02
   6.0000000E-01   7.4272307E+01   1.1671362E+02   1.9098593E+02   8.6608213E-02   1.9867382E-06   3.3682185E-02
   6.5000000E-01   4.8970752E+01   5.3867827E+01   1.0283858E+02   4.5193053E-02   1.6800043E-02   2.6668410E-02
   7.0000000E-01   1.3641852E+01   1.8189136E+01   3.1830989E+01   1.5162022E-01   8.1545791E-06   6.4984045E-02
   7.5000000E-01   4.2441318E+00   4.2441318E+00   8.4882636E+00   1.1836581E-01   1.9062212E-06   5.9182143E-02
   8.0000000E-01   0.0000000E+00   3.9788736E+00   3.9788736E+00   0.0000000E+00   9.9777760E-06   9.9777760E-06
   8.5000000E-01   0.0000000E+00   3.7448222E+00   3.7448222E+00   0.0000000E+00   2.1447922E-06   2.1447922E-06
   9.0000000E-01   0.0000000E+00   0.0000000E+00   0.0000000E+00   0.0000000E+00   0.0000000E+00   0.0000000E+00
   9.5000000E-01   3.3506304E+00   0.0000000E+00   3.3506304E+00   2.2068484E-01   0.0000000E+00   2.2068484E-01
   1.0000000E+00   0.0000000E+00   0.0000000E+00   0.0000000E+00   0.0000000E+00   0.0000000E+00   0.0000000E+00
