   0.0000000E+00   5.7244850E+05   2.7145467E+05   8.4390317E+05   6.4110249E-03   8.9053724E-03   7.1810879E-03
   5.0000000E-02   2.2364453E+05   1.1490987E+05   3.3855439E+05   2.4236953E-03   5.7370746E-03   3.2300698E-03
   1.0000000E-01   1.2191269E+05   6.2006766E+04   1.8391945E+05   3.4195525E-03   1.5047092E-03   2.6080439E-03
   1.5000000E-01   8.2972777E+04   4.1146858E+04   1.2411963E+05   7.5289492E-04   2.6416826E-03   1.3260773E-03
   2.0000000E-01   6.1783949E+04   3.2197045E+04   9.3980994E+04   4.0963665E-03   3.7866156E-03   3.2630610E-03
   2.5000000E-01   5.2317413E+04   2.5006425E+04   7.7323838E+04   4.5718435E-03   4.4887687E-03   4.3729469E-03
   3.0000000E-01   4.2812680E+04   2.0371833E+04   6.3184512E+04   1.6067813E-03   5.5471807E-03   1.0306621E-03
   3.5000000E-01   3.6751150E+04   1.7388814E+04   5.4139964E+04   4.6047192E-03   3.7931446E-03   1.9805184E-03
   4.0000000E-01   3.2427820E+04   1.6050776E+04   4.8478596E+04   5.5486977E-03   6.2615059E-03   3.6336951E-03
   4.5000000E-01   2.8478124E+04   1.3871237E+04   4.2349362E+04   3.4149242E-03   4.3811925E-03   2.4470001E-03
   5.0000000E-01   2.4217016E+04   1.2178536E+04   3.6395552E+04   7.5038936E-03   7.3974113E-03   5.7159257E-03
   5.5000000E-01   2.1129989E+04   1.0550526E+04   3.1680515E+04   3.9940030E-03   1.1771637E-03   2.6382105E-03
   6.0000000E-01   1.9252443E+04   9.5811276E+03   2.8833571E+04   6.3038115E-03   2.6606702E-03   4.8028565E-03
   6.5000000E-01   1.7443382E+04   8.6384406E+03   2.6081822E+04   5.8757749E-03   3.8181418E-03   5.1604963E-03
   7.0000000E-01   1.5647205E+04   7.3438638E+03   2.2991068E+04   1.1906420E-03   6.7923902E-03   2.8487255E-03
   7.5000000E-01   1.3152564E+04   6.2261414E+03   1.9378706E+04   1.4821442E-03   3.5950694E-03   8.2110862E-04
   8.0000000E-01   1.1351726E+04   5.3117962E+03   1.6663523E+04   5.5198377E-03   8.5305164E-03   5.8320289E-03
   8.5000000E-01   9.2122626E+03   4.5087659E+03   1.3721029E+04   5.3447447E-03   2.1081282E-03   3.9914064E-03
   9.0000000E-01   7.2503919E+03   3.7030050E+03   1.0953397E+04   3.9487092E-03   6.1321643E-03   4.1718450E-03
   9.5000000E-01   5.0225949E+03   2.5129728E+03   7.5355677E+03   5.2833516E-03   5.3961519E-03   1.9533012E-03
   1.0000000E+00   2.5653419E+03   1.2952462E+03   3.8605881E+03   1.5429656E-02   3.7632998E-03   1.0360654E-02
