   0.0000000E+00   3.3216273E+06   1.5355269E+06   4.8566449E+06   5.1525839E-04   2.0158064E-04   3.9109247E-04
   5.0000000E-02   9.2080684E+05   4.5161807E+05   1.3721703E+06   2.6960203E-03   1.8847788E-04   1.7345087E-03
   1.0000000E-01   3.6089975E+05   1.7675748E+05   5.3759357E+05   3.6994082E-03   2.0314402E-04   2.4093942E-03
   1.5000000E-01   1.8629617E+05   9.1800571E+04   2.7809674E+05   3.1730225E-03   2.7963577E-04   2.0359426E-03
   2.0000000E-01   1.0480353E+05   5.4064934E+04   1.5886846E+05   1.7814843E-03   4.4219616E-04   1.1262344E-03
   2.5000000E-01   6.4336794E+04   3.2442144E+04   9.6778938E+04   3.3232476E-03   4.2361095E-04   2.0958860E-03
   3.0000000E-01   4.0298032E+04   2.0817467E+04   6.1115498E+04   1.0535039E-03   2.4213391E-04   6.1352664E-04
   3.5000000E-01   2.5282900E+04   1.2414086E+04   3.7696985E+04   1.1096633E-02   8.0790131E-04   7.5883033E-03
   4.0000000E-01   1.5796128E+04   8.5227472E+03   2.4318875E+04   1.1904349E-02   1.6163558E-03   7.2421591E-03
   4.5000000E-01   1.0362755E+04   5.8922697E+03   1.6255025E+04   1.0328645E-02   2.7313422E-03   5.6088225E-03
   5.0000000E-01   6.8563949E+03   3.6541975E+03   1.0510592E+04   1.3526681E-02   4.8382512E-03   7.2875064E-03
   5.5000000E-01   4.6994114E+03   2.5812038E+03   7.2806152E+03   6.7645083E-03   4.3274609E-03   5.5635849E-03
   6.0000000E-01   3.2043195E+03   1.6392959E+03   4.8436154E+03   5.9600778E-03   2.1171578E-03   4.5842215E-03
   6.5000000E-01   2.2624487E+03   1.2487542E+03   3.5112029E+03   9.3824255E-03   6.0248066E-03   8.1490109E-03
   7.0000000E-01   1.4733200E+03   8.0486928E+02   2.2781893E+03   1.4096544E-02   1.2036096E-02   1.2945991E-02
   7.5000000E-01   1.0355682E+03   5.0080755E+02   1.5363757E+03   1.9943120E-02   1.8424395E-02   1.1195073E-02
   8.0000000E-01   7.0028175E+02   3.5809862E+02   1.0583804E+03   1.7133319E-02   2.0331344E-02   1.5754577E-02
   8.5000000E-01   4.8308206E+02   2.6588238E+02   7.4896444E+02   2.2809545E-02   3.3004309E-02   1.5587723E-02
   9.0000000E-01   2.5111113E+02   1.5208139E+02   4.0319252E+02   2.3660289E-02   1.7567575E-02   1.6899394E-02
   9.5000000E-01   1.5077837E+02   8.7116390E+01   2.3789476E+02   5.8691854E-02   7.2270874E-02   6.3578417E-02
   1.0000000E+00   5.0300822E+01   2.5150411E+01   7.5451232E+01   1.1901672E-01   6.6941040E-02   6.0786544E-02
