   0.0000000E+00   4.4532826E+06   5.9607983E+06   1.0402367E+07   2.0030797E-02   2.3078522E-07   8.5753718E-03
   5.0000000E-02   2.2924678E+05   9.0400008E+04   3.1939214E+05   1.5425103E-01   3.0175803E-06   1.1067302E-01
   1.0000000E-01   1.2057578E+05   4.5359159E+04   1.6587128E+05   1.4330830E-01   2.9125592E-06   1.0407499E-01
   1.5000000E-01   7.9174279E+04   3.1215590E+04   1.1032621E+05   1.3179575E-01   3.9799909E-06   9.4561427E-02
   2.0000000E-01   5.9810428E+04   2.3157044E+04   8.2935641E+04   1.3431660E-01   7.4889249E-06   9.6866759E-02
   2.5000000E-01   4.7504567E+04   1.8283720E+04   6.5711893E+04   1.2563903E-01   5.1445147E-06   9.0675830E-02
   3.0000000E-01   3.9035402E+04   1.5257654E+04   5.4303667E+04   1.2336266E-01   1.2689265E-05   8.8674028E-02
   3.5000000E-01   3.4750345E+04   1.2123059E+04   4.6864310E+04   1.2482491E-01   7.6417223E-07   9.2538338E-02
   4.0000000E-01   2.8822960E+04   1.1124931E+04   3.9939933E+04   1.1982377E-01   7.1657187E-06   8.6473701E-02
   4.5000000E-01   2.4191551E+04   8.7075438E+03   3.2892022E+04   1.2580230E-01   3.1492464E-06   9.2477586E-02
   5.0000000E-01   2.0881129E+04   7.5757753E+03   2.8450538E+04   1.3008224E-01   5.6558998E-06   9.5380927E-02
   5.5000000E-01   1.8352012E+04   6.7481696E+03   2.5088606E+04   1.3534578E-01   7.2773613E-06   9.9008063E-02
   6.0000000E-01   1.5984461E+04   5.9895310E+03   2.1958077E+04   1.3609668E-01   4.6204173E-06   9.9199015E-02
   6.5000000E-01   1.4093782E+04   5.1811055E+03   1.9269991E+04   1.4711647E-01   6.0710305E-06   1.0755909E-01
   7.0000000E-01   1.1845675E+04   4.4108656E+03   1.6256541E+04   1.5566141E-01   2.4613702E-06   1.1342537E-01
   7.5000000E-01   1.0398123E+04   3.6584416E+03   1.4056565E+04   1.5883150E-01   9.3074043E-06   1.1749072E-01
   8.0000000E-01   9.2389444E+03   3.1114791E+03   1.2338487E+04   1.6995842E-01   1.9937598E-06   1.2715292E-01
   8.5000000E-01   7.3885342E+03   2.5876721E+03   9.9762063E+03   1.7616245E-01   2.7415781E-06   1.3046937E-01
   9.0000000E-01   5.6376218E+03   2.0265729E+03   7.6606579E+03   1.9959166E-01   7.1116154E-06   1.4688226E-01
   9.5000000E-01   3.9336401E+03   1.4474723E+03   5.3811124E+03   2.2878334E-01   3.0974181E-06   1.6724181E-01
   1.0000000E+00   1.9428692E+03   7.2936191E+02   2.6722311E+03   2.5691919E-01   2.6128243E-05   1.8680119E-01
