   0.0000000E+00   4.5531046E+05   2.2409016E+05   6.7940062E+05   7.0393252E-02   7.4452408E-06   4.7176505E-02
   5.0000000E-02   1.9849805E+05   9.1927895E+04   2.9042594E+05   4.9748915E-02   5.8818448E-06   3.4001399E-02
   1.0000000E-01   1.1144029E+05   5.1279723E+04   1.6272001E+05   2.9820375E-02   3.6398332E-05   2.0413067E-02
   1.5000000E-01   7.4887706E+04   3.8027421E+04   1.1289391E+05   1.6800181E-02   1.2813922E-04   1.1129981E-02
   2.0000000E-01   6.0526625E+04   2.9236763E+04   8.9763388E+04   9.3727710E-03   1.2281140E-04   6.2852462E-03
   2.5000000E-01   4.9656342E+04   2.3784115E+04   7.3427725E+04   1.0839367E-02   2.7126504E-04   7.3285406E-03
   3.0000000E-01   4.1539440E+04   2.1369204E+04   6.2898034E+04   1.2228229E-02   9.9922784E-05   8.1024836E-03
   3.5000000E-01   3.6460124E+04   1.7934488E+04   5.4394612E+04   6.7223448E-03   1.8095105E-04   4.4976892E-03
   4.0000000E-01   3.1369439E+04   1.5963241E+04   4.7316765E+04   7.6061446E-03   3.5494576E-06   5.0840819E-03
   4.5000000E-01   2.7657592E+04   1.4069297E+04   4.1712742E+04   5.4653142E-03   1.4039831E-04   3.6702701E-03
   5.0000000E-01   2.5146481E+04   1.2286762E+04   3.7426876E+04   3.9145624E-03   6.7046553E-05   2.6102086E-03
   5.5000000E-01   2.2634727E+04   1.1302895E+04   3.3931834E+04   2.8313787E-03   1.0436122E-05   1.8895621E-03
   6.0000000E-01   1.9395682E+04   9.8463858E+03   2.9236763E+04   4.6112069E-03   2.0160066E-05   3.0323859E-03
   6.5000000E-01   1.7389514E+04   9.1134569E+03   2.6488280E+04   1.1230119E-02   1.3448519E-05   7.5177268E-03
   7.0000000E-01   1.5724508E+04   7.9168216E+03   2.3636783E+04   5.9140038E-03   1.9837554E-05   3.9318384E-03
   7.5000000E-01   1.3479363E+04   6.8500288E+03   2.0325147E+04   1.3387930E-02   6.5921425E-05   8.8487049E-03
   8.0000000E-01   1.2394191E+04   5.8529230E+03   1.8239156E+04   1.4558216E-02   1.8472576E-06   9.9545946E-03
   8.5000000E-01   9.8413927E+03   5.0817237E+03   1.4923116E+04   1.5788204E-02   2.1901880E-05   1.0419216E-02
   9.0000000E-01   8.2795938E+03   4.3219409E+03   1.2601535E+04   1.9476080E-02   3.6088019E-06   1.2796365E-02
   9.5000000E-01   5.9842259E+03   3.2233064E+03   9.2108829E+03   3.3136150E-02   1.3266488E-06   2.1542687E-02
   1.0000000E+00   3.8605881E+03   1.8737056E+03   5.7342937E+03   4.0545464E-02   4.0102249E-06   2.7298321E-02
