   0.0000000E+00   5.1082371E+05   2.1696002E+05   7.2778372E+05   7.9153945E-02   1.2089299E-06   5.5556984E-02
   5.0000000E-02   1.9289579E+05   9.2755501E+04   2.8565129E+05   4.3951176E-02   9.9849565E-05   2.9671710E-02
   1.0000000E-01   1.1058085E+05   5.3125920E+04   1.6367494E+05   1.6494728E-02   3.3846767E-06   1.1161767E-02
   1.5000000E-01   7.9959443E+04   3.8409393E+04   1.1834762E+05   1.7638427E-02   2.8879548E-05   1.1993872E-02
   2.0000000E-01   6.1783949E+04   2.9714228E+04   9.1498177E+04   1.2796755E-02   7.0942325E-06   8.6421393E-03
   2.5000000E-01   4.7810145E+04   2.4280678E+04   7.2078091E+04   6.2004812E-03   2.7059388E-05   4.1037929E-03
   3.0000000E-01   4.1762257E+04   2.0414274E+04   6.2155310E+04   1.1951952E-02   1.1687129E-05   8.0569720E-03
   3.5000000E-01   3.5878071E+04   1.8125474E+04   5.3994451E+04   5.0647724E-03   1.2533078E-04   3.3233805E-03
   4.0000000E-01   3.1425144E+04   1.5883663E+04   4.7308807E+04   5.9551705E-03   1.6805758E-05   3.9592428E-03
   4.5000000E-01   2.7629298E+04   1.3835870E+04   4.1451021E+04   4.7936930E-03   1.0658291E-04   3.1352722E-03
   5.0000000E-01   2.4503495E+04   1.2293128E+04   3.6790257E+04   2.0332664E-03   5.1626674E-06   1.3525676E-03
   5.5000000E-01   2.2189093E+04   1.1464943E+04   3.3642461E+04   5.5497962E-03   1.5274589E-04   3.8024269E-03
   6.0000000E-01   1.9910283E+04   9.9684046E+03   2.9878688E+04   1.7542003E-02   6.0022643E-06   1.1687487E-02
   6.5000000E-01   1.7267087E+04   8.8098382E+03   2.6072028E+04   1.1512632E-02   1.8827257E-05   7.6074190E-03
   7.0000000E-01   1.5328895E+04   8.0168618E+03   2.3345757E+04   9.0806087E-03   3.4904280E-05   5.9516154E-03
   7.5000000E-01   1.3241691E+04   6.9943292E+03   2.0236020E+04   1.5002607E-02   2.5868769E-05   9.8208940E-03
   8.0000000E-01   1.1837149E+04   6.3860921E+03   1.8223241E+04   8.7027983E-03   4.7511577E-06   5.6525271E-03
   8.5000000E-01   9.6204482E+03   5.3139027E+03   1.4934351E+04   1.4756805E-02   8.9838375E-06   9.5030221E-03
   9.0000000E-01   8.3538661E+03   4.4421913E+03   1.2796057E+04   1.4484608E-02   2.0480065E-06   9.4556979E-03
   9.5000000E-01   6.0244334E+03   3.2032026E+03   9.2276361E+03   3.6850014E-02   1.1916489E-05   2.4062320E-02
   1.0000000E+00   3.5462079E+03   2.0497585E+03   5.5959664E+03   2.7782044E-02   4.4519214E-06   1.7604923E-02
