   0.0000000E+00   5.2763047E+05   2.4395270E+05   7.7158316E+05   4.9900961E-02   7.6288391E-05   3.4099649E-02
   5.0000000E-02   2.0613748E+05   9.9058037E+04   3.0513186E+05   1.9268344E-02   6.8641427E-05   1.2953250E-02
   1.0000000E-01   1.1452790E+05   5.3698878E+04   1.6822677E+05   1.5690349E-02   1.1022454E-04   1.0675226E-02
   1.5000000E-01   8.2123951E+04   4.0743665E+04   1.2286762E+05   2.4775360E-03   4.3350462E-05   1.6438124E-03
   2.0000000E-01   6.2675217E+04   3.1401270E+04   9.4060571E+04   9.8507888E-03   1.2859540E-05   6.5675678E-03
   2.5000000E-01   5.0598540E+04   2.4611720E+04   7.5210260E+04   5.4410858E-03   5.9285275E-05   3.6411584E-03
   3.0000000E-01   4.2558032E+04   2.1093335E+04   6.3651367E+04   7.2569721E-03   8.6723875E-05   4.8740481E-03
   3.5000000E-01   3.6878474E+04   1.8043623E+04   5.4913003E+04   3.6966365E-03   4.9554175E-05   2.5637092E-03
   4.0000000E-01   3.0971552E+04   1.6727185E+04   4.7690779E+04   5.1630908E-03   3.8353057E-05   3.3561990E-03
   4.5000000E-01   2.7926387E+04   1.4168327E+04   4.2087641E+04   2.6433368E-03   3.5528960E-05   1.7443647E-03
   5.0000000E-01   2.4598988E+04   1.2465015E+04   3.7064003E+04   2.3290773E-03   5.9187538E-05   1.5302084E-03
   5.5000000E-01   2.1870783E+04   1.1221870E+04   3.3086866E+04   5.0844590E-03   1.0588236E-05   3.3636039E-03
   6.0000000E-01   1.8748452E+04   1.0095729E+04   2.8838876E+04   5.5501909E-03   6.4685211E-05   3.6195993E-03
   6.5000000E-01   1.7095689E+04   8.8979856E+03   2.5988778E+04   1.1814533E-03   3.5449862E-05   8.1518021E-04
   7.0000000E-01   1.4946923E+04   7.7804031E+03   2.2727326E+04   5.7220502E-03   6.9401110E-05   3.7408503E-03
   7.5000000E-01   1.3322330E+04   6.6547987E+03   1.9977128E+04   1.2237520E-02   7.2323168E-05   8.1398130E-03
   8.0000000E-01   1.1630247E+04   5.8330287E+03   1.7463276E+04   9.8832489E-03   1.5438871E-04   6.6326615E-03
   8.5000000E-01   9.7028343E+03   4.7671586E+03   1.4469993E+04   1.3748232E-02   2.6735305E-06   9.2189474E-03
   9.0000000E-01   7.5191869E+03   3.9010645E+03   1.1420251E+04   1.8889757E-02   2.1651646E-05   1.2434744E-02
   9.5000000E-01   5.2973466E+03   3.1529432E+03   8.4502898E+03   2.2025889E-02   1.1612302E-05   1.3809459E-02
   1.0000000E+00   3.1312261E+03   1.6787899E+03   4.8100161E+03   2.6122362E-02   2.8227753E-06   1.7005961E-02
