   0.0000000E+00   5.8187047E+06   6.9203116E+06   1.2712533E+07   1.7941769E-02   7.5603286E-07   8.1488374E-03
   5.0000000E-02   2.5471157E+05   1.0300508E+05   3.5765299E+05   1.5355304E-01   8.4725401E-06   1.0932872E-01
   1.0000000E-01   1.3002959E+05   5.2775779E+04   1.8248706E+05   1.4732694E-01   2.9179674E-06   1.0492556E-01
   1.5000000E-01   8.8023294E+04   3.1809768E+04   1.1979062E+05   1.4089575E-01   3.4375364E-05   1.0352242E-01
   2.0000000E-01   6.4075780E+04   2.3188875E+04   8.7169162E+04   1.3246661E-01   3.0889579E-05   9.7274031E-02
   2.5000000E-01   4.9554483E+04   1.8283720E+04   6.7812738E+04   1.3438645E-01   5.4761623E-06   9.8141051E-02
   3.0000000E-01   4.0308642E+04   1.4758968E+04   5.5035779E+04   1.4003786E-01   3.5100171E-06   1.0244677E-01
   3.5000000E-01   3.2185677E+04   1.2341329E+04   4.4499722E+04   1.3912782E-01   1.6584053E-05   1.0062502E-01
   4.0000000E-01   2.6658453E+04   9.7641558E+03   3.6390778E+04   1.3890151E-01   2.2683346E-06   1.0183275E-01
   4.5000000E-01   2.2776841E+04   8.1133653E+03   3.0897280E+04   1.2875676E-01   1.5087226E-06   9.4953285E-02
   5.0000000E-01   1.9238650E+04   6.9264231E+03   2.6152340E+04   1.3317723E-01   1.0546753E-05   9.7939898E-02
   5.5000000E-01   1.6534752E+04   5.6080414E+03   2.2142793E+04   1.3663033E-01   7.6771403E-06   1.0197938E-01
   6.0000000E-01   1.4796105E+04   4.9762446E+03   1.9767044E+04   1.4214165E-01   1.6678515E-05   1.0639273E-01
   6.5000000E-01   1.1978246E+04   3.8931748E+03   1.5866524E+04   1.5678613E-01   1.7168315E-06   1.1828893E-01
   7.0000000E-01   9.8130391E+03   3.3695375E+03   1.3182577E+04   1.5736345E-01   6.0627749E-06   1.1713937E-01
   7.5000000E-01   8.0383857E+03   2.8732772E+03   1.0907419E+04   1.6776649E-01   2.4168074E-06   1.2373496E-01
   8.0000000E-01   6.9272189E+03   2.4151763E+03   9.3423952E+03   1.8255461E-01   3.7737216E-06   1.3536195E-01
   8.5000000E-01   5.7857503E+03   1.9360731E+03   7.7218234E+03   1.9480018E-01   9.4041006E-06   1.4595608E-01
   9.0000000E-01   4.3325512E+03   1.5950862E+03   5.9276374E+03   2.0613233E-01   2.1563218E-07   1.5066360E-01
   9.5000000E-01   3.2367089E+03   1.0152410E+03   4.2519500E+03   2.1200082E-01   1.5734147E-05   1.6138464E-01
   1.0000000E+00   1.5215999E+03   4.0869417E+02   1.9302940E+03   2.2506529E-01   4.8238165E-06   1.7741226E-01
