   0.0000000E+00   4.0336229E+05   1.8283720E+05   5.8619949E+05   4.5720916E-03   6.6416071E-03   4.3871834E-03
   5.0000000E-02   1.7226931E+05   8.8426486E+04   2.6069580E+05   5.8101647E-03   4.0984191E-03   3.6743668E-03
   1.0000000E-01   1.0494677E+05   5.1980004E+04   1.5692677E+05   2.9060490E-03   9.0105430E-03   4.9280614E-03
   1.5000000E-01   7.8452777E+04   4.0276811E+04   1.1872959E+05   2.4800458E-03   9.0555783E-03   4.0220754E-03
   2.0000000E-01   6.0080991E+04   3.0907890E+04   9.0988881E+04   2.2507036E-03   3.5567360E-03   1.1529626E-03
   2.5000000E-01   5.1146033E+04   2.4980960E+04   7.6126992E+04   2.5536093E-03   7.3015062E-03   4.0821407E-03
   3.0000000E-01   4.1295403E+04   2.0817467E+04   6.2112869E+04   2.5150808E-03   6.0151239E-03   3.1788616E-03
   3.5000000E-01   3.7315013E+04   1.8698432E+04   5.6013445E+04   3.1267619E-03   6.3204329E-03   1.5501467E-03
   4.0000000E-01   3.2746130E+04   1.6249720E+04   4.8995849E+04   5.0580681E-03   3.9083433E-03   3.4817625E-03
   4.5000000E-01   2.8280065E+04   1.4486637E+04   4.2766702E+04   2.2798645E-03   8.5708102E-04   1.6281704E-03
   5.0000000E-01   2.5713073E+04   1.2471381E+04   3.8184454E+04   6.5215542E-03   4.7873932E-03   2.9911805E-03
   5.5000000E-01   2.2709964E+04   1.1378132E+04   3.4082308E+04   4.6461560E-03   2.9792470E-03   2.3394022E-03
   6.0000000E-01   1.9496481E+04   1.0207137E+04   2.9703618E+04   5.2263794E-03   9.9558397E-03   9.0955036E-04
   6.5000000E-01   1.7781280E+04   8.7755587E+03   2.6551942E+04   4.0940068E-03   2.9375772E-03   3.4429032E-03
   7.0000000E-01   1.5751792E+04   7.9531999E+03   2.3704992E+04   2.7345318E-03   6.7305567E-03   5.9778296E-04
   7.5000000E-01   1.3356283E+04   6.9646203E+03   2.0320903E+04   8.1449648E-04   4.7824204E-03   2.1528548E-03
   8.0000000E-01   1.1988346E+04   5.8887329E+03   1.7877079E+04   2.5757963E-03   4.8536937E-03   3.0861861E-03
   8.5000000E-01   1.0024889E+04   5.2127925E+03   1.5237681E+04   3.9126529E-03   1.7091444E-03   2.3596075E-03
   9.0000000E-01   8.2583732E+03   3.9364323E+03   1.2194805E+04   2.6197243E-03   7.1768645E-03   1.6772299E-03
   9.5000000E-01   5.6592147E+03   2.9686585E+03   8.6278732E+03   6.9093994E-03   2.9847391E-03   3.8650308E-03
   1.0000000E+00   3.1815270E+03   1.6033387E+03   4.7848656E+03   2.0743683E-03   1.5891390E-02   6.1127313E-03
