   0.0000000E+00   3.7723541E+06   1.5757613E+06   5.3445503E+06   6.9696379E-02   8.5666417E-06   4.9122076E-02
   5.0000000E-02   1.1376395E+06   5.0751328E+05   1.6413331E+06   4.0957538E-02   1.3863048E-06   2.8299046E-02
   1.0000000E-01   4.2236539E+05   1.9980312E+05   6.2070428E+05   2.1493398E-02   3.0586266E-05   1.4579116E-02
   1.5000000E-01   2.0231776E+05   1.0202893E+05   3.0368885E+05   1.7979108E-02   1.7659791E-05   1.1970308E-02
   2.0000000E-01   1.0348254E+05   5.4096765E+04   1.5737241E+05   1.4950040E-02   1.8197043E-05   9.8791080E-03
   2.5000000E-01   5.4965751E+04   3.1232566E+04   8.6109190E+04   1.2304687E-02   7.2046307E-06   7.6125666E-03
   3.0000000E-01   2.9581599E+04   1.7623757E+04   4.7173525E+04   2.0566456E-02   1.0029016E-05   1.2850523E-02
   3.5000000E-01   1.7206923E+04   1.0567888E+04   2.7783906E+04   9.8459302E-03   8.2003335E-05   6.0304716E-03
   4.0000000E-01   8.9206346E+03   6.1433808E+03   1.5064015E+04   1.7342728E-02   1.6412169E-04   1.0336278E-02
   4.5000000E-01   5.1990615E+03   3.7136153E+03   8.9126768E+03   1.2637317E-02   1.7805027E-04   7.3663032E-03
   5.0000000E-01   3.0303101E+03   2.3682256E+03   5.3985357E+03   9.1124715E-03   4.3977199E-07   5.1149914E-03
   5.5000000E-01   1.6031243E+03   1.3947760E+03   2.9979004E+03   2.1758510E-02   1.0634938E-06   1.1635715E-02
   6.0000000E-01   9.0187801E+02   7.9046955E+02   1.6923476E+03   2.3110317E-02   2.2680797E-05   1.2305602E-02
   6.5000000E-01   5.7785487E+02   4.1625139E+02   9.9410626E+02   4.0792637E-02   2.7593273E-05   2.3721885E-02
   7.0000000E-01   3.9561372E+02   2.5919519E+02   6.5480891E+02   3.2821811E-02   1.9432586E-05   1.9831615E-02
   7.5000000E-01   2.0371833E+02   1.8249767E+02   3.8621600E+02   6.8652690E-02   1.9534968E-03   3.5928862E-02
   8.0000000E-01   8.3556345E+01   1.3528170E+02   2.1883805E+02   5.9469946E-02   4.5814530E-06   2.2709495E-02
   8.5000000E-01   5.2427511E+01   7.8641266E+01   1.3106878E+02   8.3934680E-02   3.9923155E-06   3.3574060E-02
   9.0000000E-01   4.2441318E+01   3.8904542E+01   8.1345860E+01   4.3524718E-02   2.6219110E-05   2.2711330E-02
   9.5000000E-01   1.0051891E+01   2.3454413E+01   3.3506304E+01   7.0298405E-02   6.4878062E-06   2.1086553E-02
   1.0000000E+00   0.0000000E+00   6.2876027E+00   6.2876027E+00   0.0000000E+00   2.8633556E-04   2.8633556E-04
