   0.0000000E+00   2.9565132E+07   1.5794791E+07   4.5064022E+07   9.4006023E-04   6.3540404E-09   6.1497998E-04
   5.0000000E-02   5.8632681E+04   1.4260283E+04   7.2829302E+04   1.8448411E-01   2.7098723E-06   1.4852208E-01
   1.0000000E-01   2.6642537E+04   7.7667612E+03   3.4409299E+04   1.8877340E-01   2.9042485E-06   1.4616470E-01
   1.5000000E-01   1.6912865E+04   4.4987797E+03   2.1411645E+04   2.0674717E-01   8.6817816E-08   1.6330773E-01
   2.0000000E-01   1.1602395E+04   2.9284510E+03   1.4514931E+04   2.2637253E-01   4.3844571E-06   1.8078941E-01
   2.5000000E-01   8.2887894E+03   2.5210143E+03   1.0809804E+04   2.2976421E-01   4.8640009E-06   1.7617849E-01
   3.0000000E-01   6.5465733E+03   1.5703288E+03   8.1169021E+03   2.3148262E-01   7.7208200E-05   1.8668412E-01
   3.5000000E-01   4.8110266E+03   1.2095776E+03   6.0206041E+03   2.5035413E-01   5.4121950E-06   2.0005749E-01
   4.0000000E-01   3.7719722E+03   1.1220423E+03   4.8940145E+03   2.5063177E-01   2.5217809E-05   1.9316407E-01
   4.5000000E-01   3.2467608E+03   8.7004702E+02   4.1168079E+03   2.6761647E-01   8.1302783E-06   2.1105663E-01
   5.0000000E-01   2.2409016E+03   6.3025357E+02   2.8711552E+03   2.7098411E-01   3.8689810E-06   2.1150064E-01
   5.5000000E-01   1.9908837E+03   5.8453270E+02   2.5696289E+03   2.8735666E-01   3.1534459E-06   2.2167507E-01
   6.0000000E-01   1.6764321E+03   4.8807516E+02   2.1645072E+03   2.9163852E-01   2.7385817E-06   2.2587628E-01
   6.5000000E-01   1.2242688E+03   3.9666309E+02   1.6209319E+03   2.9825744E-01   4.3414040E-05   2.2528059E-01
   7.0000000E-01   9.2764595E+02   2.4100606E+02   1.1686520E+03   3.2253936E-01   4.8271468E-07   2.5602351E-01
   7.5000000E-01   7.2999067E+02   1.8674180E+02   9.1673247E+02   3.3236016E-01   3.7881852E-06   2.6465659E-01
   8.0000000E-01   6.5253527E+02   1.7109156E+02   8.2362683E+02   3.4300936E-01   9.9110816E-06   2.7175415E-01
   8.5000000E-01   5.2427511E+02   1.1608949E+02   6.4036459E+02   3.5725177E-01   8.5930188E-06   2.9248527E-01
   9.0000000E-01   3.2892022E+02   7.7809083E+01   4.0672930E+02   3.5459742E-01   5.8365807E-06   2.8676028E-01
   9.5000000E-01   2.2114161E+02   5.3610086E+01   2.7475169E+02   3.8386240E-01   5.4544872E-05   3.0895795E-01
   1.0000000E+00   8.8026438E+01   1.8862808E+01   1.0688925E+02   3.7362344E-01   1.2116838E-05   3.0769202E-01
