   0.0000000E+00   5.4749300E+05   2.5719439E+05   8.0468739E+05   2.4552709E-03   9.0674205E-03   4.3575639E-03
   5.0000000E-02   2.2421748E+05   1.1344564E+05   3.3766313E+05   4.8921535E-03   7.1104419E-03   9.1426101E-04
   1.0000000E-01   1.1732902E+05   6.0574371E+04   1.7790340E+05   2.6581920E-03   1.6396401E-03   1.7803819E-03
   1.5000000E-01   8.4076251E+04   4.1783478E+04   1.2585973E+05   1.1130397E-03   2.1097528E-03   1.3923128E-03
   2.0000000E-01   6.3582400E+04   3.2754087E+04   9.6336487E+04   7.4908183E-03   3.4710938E-03   3.7866284E-03
   2.5000000E-01   5.0496680E+04   2.5757636E+04   7.6254316E+04   2.1262514E-03   2.7771576E-03   1.5771474E-03
   3.0000000E-01   4.3396248E+04   2.0721974E+04   6.4118221E+04   1.7182961E-03   4.2839376E-03   2.4523050E-03
   3.5000000E-01   3.7169500E+04   1.9071309E+04   5.6240810E+04   2.5418152E-03   6.6759715E-03   2.4228431E-03
   4.0000000E-01   3.0820355E+04   1.5883663E+04   4.6704018E+04   9.1031593E-04   4.0393914E-03   1.2716108E-03
   4.5000000E-01   2.7586857E+04   1.3418530E+04   4.1005387E+04   2.6419638E-03   3.1332355E-03   2.7875471E-03
   5.0000000E-01   2.4567157E+04   1.1949353E+04   3.6516510E+04   2.2903117E-03   2.4145045E-03   7.5075009E-04
   5.5000000E-01   2.1425149E+04   1.1100334E+04   3.2525483E+04   2.0611660E-03   2.4978140E-03   1.5995262E-03
   6.0000000E-01   1.9682161E+04   9.6235689E+03   2.9305730E+04   1.8386895E-03   2.1091228E-03   1.2411619E-03
   6.5000000E-01   1.7262190E+04   8.8441178E+03   2.6106308E+04   1.6050024E-03   5.4265160E-03   9.6139071E-04
   7.0000000E-01   1.4824146E+04   7.5393970E+03   2.2363543E+04   1.4857528E-03   8.6516450E-03   3.8952545E-03
   7.5000000E-01   1.2936114E+04   6.7524137E+03   1.9688527E+04   3.6000078E-04   7.9878213E-03   2.7009803E-03
   8.0000000E-01   1.1017501E+04   5.5624653E+03   1.6579966E+04   4.5879489E-03   3.0232169E-03   4.0577453E-03
   8.5000000E-01   9.3058831E+03   4.5836624E+03   1.3889546E+04   7.9568049E-03   9.3781787E-03   5.4646780E-03
   9.0000000E-01   7.3105171E+03   3.7136153E+03   1.1024132E+04   4.7948174E-03   3.2285595E-03   2.4274860E-03
   9.5000000E-01   4.9589330E+03   2.5263753E+03   7.4853083E+03   3.5301386E-03   2.4026350E-03   2.7441170E-03
   1.0000000E+00   2.5464791E+03   1.3455470E+03   3.8920261E+03   4.3132572E-03   2.1157025E-02   9.9661670E-03
