   0.0000000E+00   6.3254541E+05   3.5039552E+05   9.8294093E+05   4.4131854E-03   2.3587727E-04   2.8900507E-03
   5.0000000E-02   2.5178312E+05   1.3139832E+05   3.8318144E+05   1.8027977E-02   3.8469816E-05   1.1857625E-02
   1.0000000E-01   1.3241691E+05   6.7163386E+04   1.9958030E+05   1.6013283E-02   6.5960368E-05   1.0646603E-02
   1.5000000E-01   8.9678505E+04   4.6303478E+04   1.3598198E+05   1.8886269E-02   9.9441110E-05   1.2423348E-02
   2.0000000E-01   6.7815921E+04   3.4584369E+04   1.0240029E+05   2.4963058E-02   1.2409377E-04   1.6566370E-02
   2.5000000E-01   5.5895216E+04   2.6648904E+04   8.2544120E+04   3.1567411E-02   1.4971402E-04   2.1423272E-02
   3.0000000E-01   4.4361788E+04   2.2281692E+04   6.6643480E+04   2.9628662E-02   5.5266332E-05   1.9705353E-02
   3.5000000E-01   3.8160808E+04   1.8416501E+04   5.6577309E+04   3.3853440E-02   1.8092642E-04   2.2883744E-02
   4.0000000E-01   3.1584298E+04   1.5525565E+04   4.7109863E+04   2.6306227E-02   6.9571268E-05   1.7618356E-02
   4.5000000E-01   2.7233179E+04   1.3708546E+04   4.0941725E+04   3.5447158E-02   1.0848310E-05   2.3578658E-02
   5.0000000E-01   2.3866875E+04   1.1312733E+04   3.5179609E+04   4.5037462E-02   1.8758553E-04   3.0511915E-02
   5.5000000E-01   2.0377620E+04   1.0747299E+04   3.1124919E+04   4.0092645E-02   1.1426900E-04   2.6263445E-02
   6.0000000E-01   1.8371786E+04   9.1248834E+03   2.7496669E+04   4.4931890E-02   5.3794065E-05   3.0037716E-02
   6.5000000E-01   1.5969362E+04   7.7912466E+03   2.3760609E+04   4.9094762E-02   1.1389001E-04   3.3025034E-02
   7.0000000E-01   1.3755534E+04   6.9937229E+03   2.0749257E+04   4.9774232E-02   1.4536028E-04   3.3023640E-02
   7.5000000E-01   1.1853860E+04   6.1455029E+03   1.7999363E+04   5.5562443E-02   2.2717152E-04   3.6658305E-02
   8.0000000E-01   1.0269473E+04   4.7945427E+03   1.5064015E+04   5.0508830E-02   6.6542492E-05   3.4432315E-02
   8.5000000E-01   8.1974158E+03   4.1567526E+03   1.2354168E+04   6.0086129E-02   1.1265842E-04   3.9874266E-02
   9.0000000E-01   6.8436626E+03   3.2043195E+03   1.0047982E+04   7.0573867E-02   2.4307409E-04   4.8123633E-02
   9.5000000E-01   4.5468054E+03   2.1779097E+03   6.7247152E+03   8.9515778E-02   1.7275339E-04   6.0498881E-02
   1.0000000E+00   2.2572494E+03   1.1694941E+03   3.4267435E+03   8.4950160E-02   2.5254731E-04   5.6042166E-02
