   0.0000000E+00   3.6160003E+05   7.3593246E+05   1.0975325E+06   9.9944386E-02   2.8229844E-04   3.2964398E-02
   5.0000000E-02   1.3903776E+05   8.5434373E+04   2.2447213E+05   9.2310284E-02   2.6745553E-03   5.7262354E-02
   1.0000000E-01   8.5084233E+04   5.0356624E+04   1.3537719E+05   7.0046282E-02   2.6539801E-03   4.4469040E-02
   1.5000000E-01   6.7269489E+04   3.6329768E+04   1.0355682E+05   5.4107126E-02   2.7456570E-03   3.5467524E-02
   2.0000000E-01   5.3698878E+04   2.8568312E+04   8.2251275E+04   4.3664217E-02   3.2826054E-03   2.9131454E-02
   2.5000000E-01   4.6511441E+04   2.4420734E+04   7.0919443E+04   4.0046858E-02   2.9794418E-03   2.7265652E-02
   3.0000000E-01   3.9512867E+04   2.0647701E+04   6.0139348E+04   2.8855619E-02   3.8483952E-03   2.0280045E-02
   3.5000000E-01   3.6696583E+04   1.7070504E+04   5.3757992E+04   3.0631315E-02   3.9233519E-03   2.2063634E-02
   4.0000000E-01   3.2793876E+04   1.5191339E+04   4.7961342E+04   3.0402671E-02   5.9818579E-03   2.2669731E-02
   4.5000000E-01   2.9383539E+04   1.4182474E+04   4.3558940E+04   3.0886476E-02   5.5426659E-03   2.1707521E-02
   5.0000000E-01   2.6044115E+04   1.2375888E+04   3.8413637E+04   2.4809538E-02   8.0270886E-03   1.9406772E-02
   5.5000000E-01   2.3398670E+04   1.0782024E+04   3.4163332E+04   3.3496369E-02   3.1747683E-03   2.3898522E-02
   6.0000000E-01   2.0371833E+04   9.9206581E+03   3.0276575E+04   3.3955977E-02   8.0184908E-03   2.5401991E-02
   6.5000000E-01   1.9176946E+04   8.6580289E+03   2.7820284E+04   3.6216429E-02   8.6540526E-03   2.7649088E-02
   7.0000000E-01   1.6588492E+04   7.6394373E+03   2.4223382E+04   3.6071585E-02   9.9094794E-03   2.7459594E-02
   7.5000000E-01   1.5160039E+04   6.8712494E+03   2.2031288E+04   4.7155278E-02   5.9142859E-03   3.4137821E-02
   8.0000000E-01   1.3444614E+04   5.7932399E+03   1.9229896E+04   4.7836927E-02   8.7077037E-03   3.5839191E-02
   8.5000000E-01   1.1395494E+04   4.9094619E+03   1.6308701E+04   5.1854806E-02   1.0324300E-02   3.9269876E-02
   9.0000000E-01   9.3158693E+03   4.0955872E+03   1.3411457E+04   5.9833078E-02   2.0619353E-02   4.7805805E-02
   9.5000000E-01   6.7615721E+03   3.0390218E+03   9.8005939E+03   6.7698367E-02   1.6411585E-02   5.1682165E-02
   1.0000000E+00   3.8983137E+03   1.5027370E+03   5.4010507E+03   9.2647168E-02   2.1134997E-02   7.1498672E-02
