   0.0000000E+00   3.1364983E+07   1.5896650E+07   4.6879661E+07   2.7295733E-04   1.1256995E-04   2.1871745E-04
   5.0000000E-02   2.3682256E+04   8.5307049E+03   3.2212960E+04   1.5694026E-01   6.6318353E-02   1.3294147E-01
   1.0000000E-01   1.1236339E+04   3.7242257E+03   1.4960565E+04   1.4527838E-01   9.4835949E-02   1.3271964E-01
   1.5000000E-01   7.4908927E+03   2.9284510E+03   1.0419344E+04   1.5915556E-01   8.8853338E-02   1.3938733E-01
   2.0000000E-01   5.3953526E+03   2.2281692E+03   7.6235218E+03   1.6047087E-01   8.9882597E-02   1.3983659E-01
   2.5000000E-01   4.2016905E+03   1.5151551E+03   5.7168456E+03   1.5596780E-01   9.3019442E-02   1.3928253E-01
   3.0000000E-01   3.0876059E+03   1.2414086E+03   4.3290145E+03   1.6760130E-01   9.5414291E-02   1.4689981E-01
   3.5000000E-01   2.6283302E+03   1.2368613E+03   3.8651915E+03   1.7270044E-01   1.3115512E-01   1.5940342E-01
   4.0000000E-01   2.4191551E+03   8.5147895E+02   3.2706341E+03   1.8675055E-01   1.4287608E-01   1.7532776E-01
   4.5000000E-01   1.8674180E+03   7.8516439E+02   2.6525824E+03   1.9416565E-01   1.2330925E-01   1.7319126E-01
   5.0000000E-01   1.5342537E+03   7.1938034E+02   2.2536340E+03   2.2588115E-01   1.6099480E-01   2.0516827E-01
   5.5000000E-01   1.3369015E+03   5.3823308E+02   1.8751346E+03   2.0323429E-01   1.2391743E-01   1.8046674E-01
   6.0000000E-01   1.0875588E+03   5.1990615E+02   1.6074649E+03   2.1585095E-01   1.7228194E-01   2.0175630E-01
   6.5000000E-01   9.9410626E+02   4.2114846E+02   1.4152547E+03   2.2499042E-01   1.2831622E-01   1.9619396E-01
   7.0000000E-01   7.4575459E+02   3.7287730E+02   1.1186319E+03   2.5094956E-01   1.3139324E-01   2.1109743E-01
   7.5000000E-01   6.9179349E+02   3.0982162E+02   1.0016151E+03   2.3091219E-01   1.6577298E-01   2.1075479E-01
   8.0000000E-01   6.2070428E+02   2.4669016E+02   8.6739444E+02   2.8197532E-01   1.5649476E-01   2.4628530E-01
   8.5000000E-01   4.6435795E+02   1.9098593E+02   6.5534388E+02   2.6376380E-01   1.8464769E-01   2.4070609E-01
   9.0000000E-01   4.1026608E+02   1.5561817E+02   5.6588424E+02   2.8753770E-01   1.9029564E-01   2.6079605E-01
   9.5000000E-01   2.2449224E+02   1.0051891E+02   3.2501115E+02   2.9382776E-01   1.5677706E-01   2.5144034E-01
   1.0000000E+00   1.0060164E+02   5.6588424E+01   1.5719007E+02   3.1710359E-01   1.8924377E-01   2.7107406E-01
