   0.0000000E+00   3.8757412E+05   1.7061410E+05   5.5818822E+05   2.5864490E-02   5.3709290E-03   1.9245159E-02
   5.0000000E-02   1.6399325E+05   8.6452965E+04   2.5044622E+05   2.8405129E-03   7.9641023E-03   2.4108665E-03
   1.0000000E-01   1.0389635E+05   5.2775779E+04   1.5667213E+05   1.3427624E-03   3.3417346E-03   1.8852104E-03
   1.5000000E-01   7.7158316E+04   4.0043384E+04   1.1718048E+05   6.6820429E-03   3.7828835E-03   3.4255459E-03
   2.0000000E-01   6.2563808E+04   2.9555073E+04   9.2118881E+04   5.7196349E-04   9.4549972E-03   3.2697003E-03
   2.5000000E-01   5.1706258E+04   2.5502988E+04   7.7209246E+04   2.6922446E-03   8.1766720E-03   1.6625079E-03
   3.0000000E-01   4.2186670E+04   2.0870518E+04   6.3057188E+04   2.3192832E-03   4.0577754E-03   4.5369894E-04
   3.5000000E-01   3.6105436E+04   1.7934488E+04   5.4030830E+04   4.1786594E-03   2.9955150E-03   3.7347007E-03
   4.0000000E-01   3.1759369E+04   1.5915494E+04   4.7674863E+04   3.0409220E-03   5.0723844E-03   1.8403903E-03
   4.5000000E-01   2.8421536E+04   1.4048076E+04   4.2469612E+04   1.7898436E-03   1.7659944E-03   1.6449230E-03
   5.0000000E-01   2.5401129E+04   1.2528677E+04   3.7923440E+04   6.1616417E-04   1.0167880E-03   4.9082706E-04
   5.5000000E-01   2.2466891E+04   1.1163996E+04   3.3630886E+04   3.2078161E-03   9.5612917E-03   3.0614792E-03
   6.0000000E-01   2.0133100E+04   1.0079813E+04   3.0212913E+04   2.8254413E-03   3.4127625E-03   2.5911823E-03
   6.5000000E-01   1.8319958E+04   8.9273680E+03   2.7242429E+04   3.8451217E-03   5.3137189E-03   1.0590378E-03
   7.0000000E-01   1.5779076E+04   8.0987130E+03   2.3877789E+04   4.2511247E-03   1.3615467E-03   2.8057274E-03
   7.5000000E-01   1.4166912E+04   7.0113058E+03   2.1173974E+04   1.7589897E-03   3.0610334E-03   1.4678983E-04
   8.0000000E-01   1.2235036E+04   5.8011977E+03   1.8036234E+04   5.4906072E-03   1.5794791E-03   3.2521976E-03
   8.5000000E-01   1.0021144E+04   5.0892134E+03   1.5110358E+04   1.7301346E-03   8.5853105E-03   1.7638214E-03
   9.0000000E-01   7.9365265E+03   4.0637562E+03   1.2000283E+04   3.4679149E-03   6.3394502E-03   9.8054207E-04
   9.5000000E-01   5.9507196E+03   2.9418535E+03   8.8925730E+03   3.2689337E-03   4.6354518E-03   3.6422134E-03
   1.0000000E+00   3.5210575E+03   1.7793916E+03   5.3004491E+03   1.1101574E-02   1.2953960E-02   8.3870649E-03
