   0.0000000E+00   9.6766205E+05   2.3009985E+06   3.2671327E+06   6.0661879E-02   2.0147898E-04   1.7981144E-02
   5.0000000E-02   1.8379213E+05   9.2946487E+04   2.7673862E+05   1.2184837E-01   2.9923253E-03   8.1710851E-02
   1.0000000E-01   1.0898931E+05   4.9560849E+04   1.5851832E+05   1.0045858E-01   4.5258246E-04   6.9134878E-02
   1.5000000E-01   7.4420851E+04   3.5417280E+04   1.0979569E+05   8.2001680E-02   2.6951255E-03   5.6440528E-02
   2.0000000E-01   5.8760005E+04   2.6499298E+04   8.5211557E+04   8.2304158E-02   3.8356920E-03   5.7847250E-02
   2.5000000E-01   4.9287103E+04   2.2268960E+04   7.1530598E+04   7.6347871E-02   4.8051103E-03   5.4083967E-02
   3.0000000E-01   4.1825919E+04   1.9459344E+04   6.1285263E+04   7.2735767E-02   2.1232462E-03   5.0283971E-02
   3.5000000E-01   3.5987206E+04   1.5933683E+04   5.1911795E+04   6.6294706E-02   6.9682452E-03   4.8031518E-02
   4.0000000E-01   3.1679791E+04   1.3273522E+04   4.4929440E+04   6.3852340E-02   5.6912552E-03   4.6678099E-02
   4.5000000E-01   2.8287139E+04   1.2258467E+04   4.0538532E+04   6.3193536E-02   5.2401972E-03   4.5369204E-02
   5.0000000E-01   2.5101918E+04   1.1223607E+04   3.6300059E+04   6.1617274E-02   4.9627696E-03   4.4060771E-02
   5.5000000E-01   2.1847633E+04   9.4740597E+03   3.1321693E+04   6.8250256E-02   9.2371762E-03   5.0209337E-02
   6.0000000E-01   1.9125119E+04   8.8967613E+03   2.8005965E+04   6.7858628E-02   9.2204087E-03   4.9118255E-02
   6.5000000E-01   1.6968365E+04   7.4092747E+03   2.4382537E+04   7.6353328E-02   1.2407524E-02   5.6851602E-02
   7.0000000E-01   1.5438029E+04   6.7845479E+03   2.2208935E+04   7.5542144E-02   1.1571360E-02   5.5678898E-02
   7.5000000E-01   1.3487851E+04   5.5980099E+03   1.9081617E+04   8.4387865E-02   1.3142032E-02   6.3391615E-02
   8.0000000E-01   1.1323874E+04   5.2998596E+03   1.6615776E+04   7.9741248E-02   1.1889064E-02   5.7779500E-02
   8.5000000E-01   9.9874408E+03   4.3065455E+03   1.4282752E+04   9.2285699E-02   1.2333202E-02   6.8049944E-02
   9.0000000E-01   7.9931149E+03   3.5297030E+03   1.1522818E+04   1.0462334E-01   2.0817653E-02   7.8861301E-02
   9.5000000E-01   5.7027729E+03   2.4995703E+03   8.2023432E+03   1.1869522E-01   1.8517416E-02   8.8099440E-02
   1.0000000E+00   3.2255402E+03   1.3769850E+03   4.6025252E+03   1.2795527E-01   2.7430715E-02   9.7592370E-02
