   0.0000000E+00   4.8077525E+05   2.3682256E+05   7.1759781E+05   9.2855117E-02   1.7229881E-04   6.2248889E-02
   5.0000000E-02   1.9544227E+05   9.9249023E+04   2.9469129E+05   8.1998385E-02   1.6905072E-04   5.4337394E-02
   1.0000000E-01   1.0902114E+05   5.5704230E+04   1.6472537E+05   5.7780146E-02   2.5957751E-04   3.8291296E-02
   1.5000000E-01   7.9344044E+04   3.8197186E+04   1.1754123E+05   3.8070415E-02   7.3578702E-05   2.5633240E-02
   2.0000000E-01   5.8569019E+04   2.9968876E+04   8.8537895E+04   3.2910545E-02   1.0578184E-05   2.1770496E-02
   2.5000000E-01   5.0573075E+04   2.5222875E+04   7.5783218E+04   2.5355354E-02   5.7214541E-05   1.6863852E-02
   3.0000000E-01   4.1794088E+04   2.1570800E+04   6.3343667E+04   2.5771694E-02   4.5451101E-06   1.7043398E-02
   3.5000000E-01   3.6141814E+04   1.8762094E+04   5.4894814E+04   2.5100762E-02   1.3178064E-05   1.6521428E-02
   4.0000000E-01   3.2340284E+04   1.5461903E+04   4.7802187E+04   2.1605498E-02   2.1394586E-04   1.4580833E-02
   4.5000000E-01   2.8145667E+04   1.3807576E+04   4.1953243E+04   2.6039003E-02   4.9405983E-06   1.7469042E-02
   5.0000000E-01   2.4974594E+04   1.2267663E+04   3.7235890E+04   1.2143924E-02   1.3662334E-06   8.1827586E-03
   5.5000000E-01   2.2362716E+04   1.0839898E+04   3.3196827E+04   2.1069724E-02   4.1720361E-06   1.4116962E-02
   6.0000000E-01   1.9411598E+04   9.7986393E+03   2.9204932E+04   2.0517585E-02   1.7581430E-05   1.3560463E-02
   6.5000000E-01   1.7649059E+04   8.4327634E+03   2.6072028E+04   2.3896220E-02   1.2221547E-05   1.6167690E-02
   7.0000000E-01   1.5456219E+04   7.6257954E+03   2.3072919E+04   3.2903141E-02   1.4040965E-05   2.2044788E-02
   7.5000000E-01   1.3848602E+04   6.3959066E+03   2.0244509E+04   3.3337887E-02   2.7732561E-06   2.2805845E-02
   8.0000000E-01   1.2091797E+04   5.9523949E+03   1.8032255E+04   4.1574042E-02   5.8634352E-06   2.7879491E-02
   8.5000000E-01   9.7028343E+03   4.9543998E+03   1.4657234E+04   2.5044578E-02   6.8174700E-06   1.6576793E-02
   9.0000000E-01   8.3432558E+03   3.9470426E+03   1.2290298E+04   4.1068907E-02   3.6905889E-06   2.7878694E-02
   9.5000000E-01   5.8803563E+03   3.0557749E+03   8.9361312E+03   5.7279435E-02   6.8394141E-06   3.7689982E-02
   1.0000000E+00   3.6845352E+03   1.8674180E+03   5.5519532E+03   8.0157481E-02   7.4740350E-06   5.3196582E-02
