   0.0000000E+00   1.0272497E+06   2.2663664E+06   3.2920882E+06   7.2419319E-02   9.3074274E-07   2.2588433E-02
   5.0000000E-02   2.1371326E+05   1.0854367E+05   3.2219327E+05   1.3044831E-01   5.8724532E-06   8.6387596E-02
   1.0000000E-01   1.1131297E+05   5.7263949E+04   1.6857692E+05   1.1157912E-01   1.9555300E-06   7.3676119E-02
   1.5000000E-01   7.9747237E+04   3.8260848E+04   1.1794442E+05   1.0109465E-01   6.8844393E-06   6.8294726E-02
   2.0000000E-01   6.3295921E+04   2.9236763E+04   9.2532684E+04   9.0539454E-02   8.0508425E-06   6.1934480E-02
   2.5000000E-01   5.1540737E+04   2.4127889E+04   7.5630429E+04   8.3130231E-02   2.4942890E-06   5.6607708E-02
   3.0000000E-01   4.2515590E+04   1.9427513E+04   6.1921883E+04   8.3723530E-02   1.5820265E-05   5.7431536E-02
   3.5000000E-01   3.6687488E+04   1.5960967E+04   5.2630266E+04   7.8232926E-02   8.6565680E-07   5.4523070E-02
   4.0000000E-01   3.2364158E+04   1.3480424E+04   4.5836624E+04   8.0813432E-02   1.0433084E-05   5.7023190E-02
   4.5000000E-01   2.7240253E+04   1.2095776E+04   3.9314808E+04   7.4986191E-02   1.5478439E-05   5.1925862E-02
   5.0000000E-01   2.3911439E+04   1.0835269E+04   3.4721242E+04   8.0322430E-02   3.7423246E-05   5.5314764E-02
   5.5000000E-01   2.0892703E+04   9.0978753E+03   2.9973216E+04   7.5384067E-02   5.7459981E-06   5.2486161E-02
   6.0000000E-01   1.8875776E+04   8.4670430E+03   2.7337514E+04   8.5274617E-02   2.6658919E-06   5.8882833E-02
   6.5000000E-01   1.7154454E+04   7.1938034E+03   2.4328669E+04   8.5302237E-02   2.4250073E-05   6.0023332E-02
   7.0000000E-01   1.4414891E+04   6.3616504E+03   2.0776541E+04   8.8825039E-02   5.4548064E-06   6.1627111E-02
   7.5000000E-01   1.2651757E+04   5.6701601E+03   1.8321917E+04   9.0138671E-02   2.4601355E-06   6.2243833E-02
   8.0000000E-01   1.0671339E+04   4.6115145E+03   1.5282853E+04   1.0452339E-01   3.7559668E-06   7.2984883E-02
   8.5000000E-01   9.4594209E+03   3.7373325E+03   1.3196753E+04   1.1759847E-01   1.7385778E-06   8.4294961E-02
   9.0000000E-01   7.4519881E+03   2.9355245E+03   1.0387513E+04   1.2817094E-01   6.4058528E-06   9.1947981E-02
   9.5000000E-01   5.3878137E+03   2.1779097E+03   7.5657234E+03   1.3986418E-01   1.2335205E-05   9.9604011E-02
   1.0000000E+00   2.9174476E+03   1.1883569E+03   4.1058046E+03   1.7285019E-01   4.1382591E-06   1.2282265E-01
