   0.0000000E+00   3.2035216E+07   1.6362147E+07   4.8043402E+07   2.4165473E-04   5.3165598E-05   1.7527466E-04
   5.0000000E-02   1.5660846E+04   6.1752118E+03   2.1836058E+04   1.6150434E-01   1.1774781E-01   1.4912592E-01
   1.0000000E-01   7.0983105E+03   2.7692960E+03   9.8676065E+03   1.5675050E-01   8.4243910E-02   1.3640075E-01
   1.5000000E-01   4.3077938E+03   1.8249767E+03   6.1327705E+03   1.5548199E-01   7.5820229E-02   1.3177439E-01
   2.0000000E-01   3.3581693E+03   1.4960565E+03   4.8542258E+03   1.5878890E-01   1.1321188E-01   1.4473719E-01
   2.5000000E-01   2.7247326E+03   1.2223100E+03   3.9470426E+03   1.8487639E-01   1.3723086E-01   1.7011108E-01
   3.0000000E-01   2.2069485E+03   9.0187801E+02   3.1088266E+03   1.8492516E-01   1.0059040E-01   1.6045676E-01
   3.5000000E-01   1.8007245E+03   7.3666002E+02   2.5373845E+03   1.9028096E-01   1.2941042E-01   1.7260399E-01
   4.0000000E-01   1.4562677E+03   5.7295780E+02   2.0292255E+03   1.7703150E-01   1.6724404E-01   1.7426798E-01
   4.5000000E-01   1.2520189E+03   5.1636937E+02   1.7683883E+03   1.9525009E-01   1.0657204E-01   1.6933798E-01
   5.0000000E-01   8.5943669E+02   3.1194369E+02   1.1713804E+03   2.2391387E-01   9.3266677E-02   1.8911873E-01
   5.5000000E-01   8.3918061E+02   5.0929582E+02   1.3484764E+03   2.2917455E-01   1.0416209E-01   1.8189612E-01
   6.0000000E-01   5.6765263E+02   3.3422538E+02   9.0187801E+02   2.3605748E-01   1.6008746E-01   2.0783497E-01
   6.5000000E-01   6.2682562E+02   2.6933913E+02   8.9616476E+02   2.3862351E-01   2.1335076E-01   2.3102441E-01
   7.0000000E-01   6.0024150E+02   2.1826964E+02   8.1851114E+02   2.2030560E-01   1.5961306E-01   2.0412059E-01
   7.5000000E-01   4.0319252E+02   1.7400940E+02   5.7720193E+02   2.5368191E-01   1.4739961E-01   2.2152850E-01
   8.0000000E-01   4.5359159E+02   1.5517607E+02   6.0876766E+02   2.7265974E-01   1.0519654E-01   2.2997220E-01
   8.5000000E-01   3.2954435E+02   1.1608949E+02   4.4563384E+02   2.6534865E-01   1.4392576E-01   2.3371556E-01
   9.0000000E-01   1.9452271E+02   1.2732395E+02   3.2184666E+02   2.7635511E-01   1.7038877E-01   2.3440688E-01
   9.5000000E-01   2.0773908E+02   8.0415129E+01   2.8815421E+02   3.0101706E-01   1.9473101E-01   2.7133099E-01
   1.0000000E+00   6.9163630E+01   1.2575205E+01   8.1738835E+01   3.2646505E-01   3.5749096E-06   2.7623911E-01
