   0.0000000E+00   3.1832517E+07   1.6260288E+07   4.7695044E+07   2.9767922E-04   3.9478692E-09   1.9978201E-04
   5.0000000E-02   1.8589297E+04   5.0929582E+03   2.3682256E+04   1.7766241E-01   1.1139640E-02   1.4185103E-01
   1.0000000E-01   9.1991557E+03   2.5464791E+03   1.1745635E+04   1.7893013E-01   1.3197781E-03   1.4042379E-01
   1.5000000E-01   5.8144606E+03   1.4005635E+03   7.2150241E+03   1.8056891E-01   7.6636520E-03   1.4700485E-01
   2.0000000E-01   4.5200004E+03   1.0345071E+03   5.5545075E+03   2.1055038E-01   1.0122367E-02   1.7279272E-01
   2.5000000E-01   3.5268735E+03   7.8940852E+02   4.3162821E+03   1.9936935E-01   5.0364606E-03   1.6382753E-01
   3.0000000E-01   2.7799063E+03   6.6845076E+02   3.4483571E+03   2.1438053E-01   1.4621494E-02   1.7565800E-01
   3.5000000E-01   2.1554127E+03   6.1843064E+02   2.7738433E+03   2.2735839E-01   2.0974162E-05   1.7667333E-01
   4.0000000E-01   1.8302818E+03   4.3767609E+02   2.2679579E+03   2.4844153E-01   3.6674985E-07   2.0049660E-01
   4.5000000E-01   1.5844759E+03   4.4563384E+02   2.0301097E+03   2.5544658E-01   6.7317085E-03   2.0085063E-01
   5.0000000E-01   1.2859719E+03   3.5650707E+02   1.6424790E+03   2.5105147E-01   5.9908729E-03   1.9707566E-01
   5.5000000E-01   9.7229202E+02   3.4145970E+02   1.3137517E+03   2.6697560E-01   7.2511355E-03   1.9947012E-01
   6.0000000E-01   9.4962449E+02   2.3342725E+02   1.1830517E+03   2.6428091E-01   9.5963711E-03   2.1402923E-01
   6.5000000E-01   7.4925250E+02   2.4975083E+02   9.9900334E+02   3.0156637E-01   6.7277062E-03   2.2785615E-01
   7.0000000E-01   6.8209261E+02   2.3191149E+02   9.1400410E+02   3.1264860E-01   5.9776021E-03   2.3483649E-01
   7.5000000E-01   5.1778408E+02   1.9947420E+02   7.1725828E+02   3.4525243E-01   2.7264314E-02   2.5681750E-01
   8.0000000E-01   4.2176060E+02   1.1140846E+02   5.3316906E+02   3.4810696E-01   1.5044465E-02   2.7851139E-01
   8.5000000E-01   3.4077882E+02   8.2386088E+01   4.2316491E+02   3.6360374E-01   1.9189172E-02   2.9654957E-01
   9.0000000E-01   2.5464791E+02   7.7809083E+01   3.3245699E+02   3.7632217E-01   2.1767678E-02   2.9316362E-01
   9.5000000E-01   1.9768719E+02   6.0311347E+01   2.5799854E+02   3.8865633E-01   2.2787222E-05   2.9780693E-01
   1.0000000E+00   8.8026438E+01   2.5150411E+01   1.1317685E+02   4.2046574E-01   5.2951683E-04   3.2714658E-01
