   0.0000000E+00   5.5360455E+05   2.3784115E+05   7.9144570E+05   4.5386218E-02   4.9622210E-06   3.1745567E-02
   5.0000000E-02   2.1116678E+05   1.0389635E+05   3.1499946E+05   8.3001973E-03   4.3197905E-05   5.5917055E-03
   1.0000000E-01   1.1214057E+05   5.4303667E+04   1.6638058E+05   1.3283214E-02   3.0867417E-04   9.0954722E-03
   1.5000000E-01   8.0426298E+04   3.9385543E+04   1.1979062E+05   6.0869504E-03   1.1470015E-04   4.0773474E-03
   2.0000000E-01   6.1370146E+04   3.0971552E+04   9.2341698E+04   3.2662033E-03   1.1828743E-04   2.1658781E-03
   2.5000000E-01   5.0598540E+04   2.5261073E+04   7.5859612E+04   2.7161211E-03   3.6555003E-05   1.8169050E-03
   3.0000000E-01   4.2717187E+04   2.0753805E+04   6.3470991E+04   3.0116238E-03   3.1601411E-04   2.0907304E-03
   3.5000000E-01   3.6923947E+04   1.7743503E+04   5.4667449E+04   6.9959051E-03   1.0677424E-04   4.7407744E-03
   4.0000000E-01   3.2555144E+04   1.5461903E+04   4.8017046E+04   6.7132013E-03   1.1253691E-04   4.5181408E-03
   4.5000000E-01   2.7601004E+04   1.4359313E+04   4.1960317E+04   7.6447517E-03   1.3163507E-04   5.0503839E-03
   5.0000000E-01   2.4637185E+04   1.2770593E+04   3.7407778E+04   8.8224176E-03   2.7445436E-04   5.9017073E-03
   5.5000000E-01   2.1766609E+04   1.1239233E+04   3.3005841E+04   1.5750420E-03   2.3968430E-04   9.6773003E-04
   6.0000000E-01   1.9247138E+04   9.8516910E+03   2.9093524E+04   3.5327100E-03   1.7625907E-04   2.3298709E-03
   6.5000000E-01   1.6997748E+04   8.6286465E+03   2.5621497E+04   9.3898146E-03   9.5399390E-06   6.2078846E-03
   7.0000000E-01   1.5506239E+04   7.6803628E+03   2.3186602E+04   5.7577407E-03   1.0878355E-04   3.8456552E-03
   7.5000000E-01   1.3462386E+04   6.7269489E+03   2.0185091E+04   5.7370062E-03   3.9738728E-06   3.8250959E-03
   8.0000000E-01   1.1467114E+04   5.6659160E+03   1.7133030E+04   5.5016967E-03   1.6577743E-04   3.7346593E-03
   8.5000000E-01   9.7777307E+03   5.1191719E+03   1.4896903E+04   5.2704522E-03   4.4665724E-06   3.4606641E-03
   9.0000000E-01   7.5156501E+03   4.0036310E+03   1.1515744E+04   4.6573653E-03   1.9883440E-06   3.0402382E-03
   9.5000000E-01   5.3509567E+03   2.7642701E+03   8.1152268E+03   3.9912497E-03   1.2217248E-04   2.6551408E-03
   1.0000000E+00   3.0494873E+03   1.5907635E+03   4.6402508E+03   8.6315087E-03   4.8670474E-06   5.6739531E-03
