   0.0000000E+00   4.3748511E+05   2.1492284E+05   6.5240794E+05   8.9333482E-03   9.6593752E-03   6.5199706E-03
   5.0000000E-02   1.9563326E+05   9.4474374E+04   2.9010763E+05   1.7173612E-03   4.6859904E-03   1.2559533E-03
   1.0000000E-01   1.1430508E+05   5.7836906E+04   1.7214199E+05   3.0568106E-03   6.1639010E-03   2.8475322E-03
   1.5000000E-01   8.0341415E+04   3.9427985E+04   1.1976940E+05   2.6808188E-03   2.2582179E-03   1.1421199E-03
   2.0000000E-01   6.2388738E+04   3.1210284E+04   9.3599022E+04   2.5505694E-03   7.7593481E-03   1.4415109E-03
   2.5000000E-01   4.9338032E+04   2.4548058E+04   7.3886091E+04   6.8721716E-04   6.1440095E-03   2.4909113E-03
   3.0000000E-01   4.2759628E+04   2.1061504E+04   6.3810522E+04   2.2922715E-03   2.4089450E-03   1.9406335E-03
   3.5000000E-01   3.5441532E+04   1.8762094E+04   5.4203626E+04   2.5059845E-03   4.4011979E-04   1.4876043E-03
   4.0000000E-01   3.2014017E+04   1.6568030E+04   4.8574089E+04   4.3355153E-03   5.5141406E-03   4.3255396E-03
   4.5000000E-01   2.8555934E+04   1.4316871E+04   4.2872805E+04   1.0385284E-03   2.8988689E-03   2.7970105E-04
   5.0000000E-01   2.4675382E+04   1.2522311E+04   3.7191327E+04   4.2768292E-04   2.7711667E-03   1.1089116E-03
   5.5000000E-01   2.2455316E+04   1.1297107E+04   3.3752423E+04   2.9676291E-03   5.5756771E-03   2.1636230E-03
   6.0000000E-01   2.0016387E+04   1.0175306E+04   3.0186388E+04   2.5081157E-03   4.6438669E-03   1.3882589E-03
   6.5000000E-01   1.7634368E+04   8.7608675E+03   2.6395235E+04   6.2117774E-03   6.5010627E-03   6.1290532E-03
   7.0000000E-01   1.5174287E+04   7.7349302E+03   2.2909217E+04   5.7703986E-03   1.1020074E-03   4.0056853E-03
   7.5000000E-01   1.3538780E+04   6.6081132E+03   2.0146894E+04   6.7605628E-03   1.1975388E-02   7.4050203E-03
   8.0000000E-01   1.1415388E+04   5.7096836E+03   1.7125072E+04   3.4056429E-03   2.6286803E-03   2.9004392E-03
   8.5000000E-01   9.5904896E+03   4.9469101E+03   1.4537400E+04   1.4939335E-03   1.5754879E-03   7.9850657E-04
   9.0000000E-01   7.8657910E+03   3.8515496E+03   1.1717341E+04   4.0137921E-03   7.0632564E-03   2.3070052E-03
   9.5000000E-01   5.4313718E+03   2.7575688E+03   8.1889407E+03   2.6506687E-03   7.4415723E-03   4.2334647E-03
   1.0000000E+00   3.0557749E+03   1.6662147E+03   4.7219896E+03   8.1062632E-03   1.1348931E-02   8.1022940E-03
