   0.0000000E+00   1.5046126E+07   1.1076675E+07   2.5976124E+07   5.4399407E-03   1.8083965E-05   3.1402521E-03
   5.0000000E-02   1.8672058E+05   5.8059723E+04   2.4465298E+05   1.6921804E-01   4.3500308E-06   1.2901543E-01
   1.0000000E-01   9.0590994E+04   2.8011270E+04   1.1857043E+05   1.7378463E-01   4.6653336E-04   1.3280610E-01
   1.5000000E-01   5.9651273E+04   1.8207325E+04   7.7837378E+04   1.6904346E-01   3.1064192E-06   1.2962709E-01
   2.0000000E-01   4.2987750E+04   1.3766903E+04   5.6706906E+04   1.6406249E-01   3.5805219E-04   1.2407219E-01
   2.5000000E-01   3.3944566E+04   1.0466029E+04   4.4397863E+04   1.7665277E-01   5.0464434E-04   1.3508695E-01
   3.0000000E-01   2.7353430E+04   8.1911744E+03   3.5523383E+04   1.7791719E-01   9.5608439E-06   1.3700054E-01
   3.5000000E-01   2.1226722E+04   6.5480891E+03   2.7747528E+04   1.8154671E-01   9.8121761E-04   1.3884136E-01
   4.0000000E-01   1.7618452E+04   5.4828878E+03   2.3101340E+04   1.7993620E-01   9.9942477E-04   1.3736650E-01
   4.5000000E-01   1.5399125E+04   4.4209706E+03   1.9820096E+04   1.8881584E-01   5.7602242E-04   1.4682724E-01
   5.0000000E-01   1.2808790E+04   4.2335215E+03   1.7035945E+04   1.9958849E-01   1.5544857E-05   1.5006043E-01
   5.5000000E-01   1.0411627E+04   3.4782589E+03   1.3884098E+04   2.0413952E-01   6.1622609E-06   1.5298620E-01
   6.0000000E-01   9.3370900E+03   2.8488735E+03   1.2180658E+04   2.1292559E-01   2.3210135E-07   1.6308297E-01
   6.5000000E-01   7.9626442E+03   2.3897727E+03   1.0347520E+04   2.2332507E-01   1.1107509E-05   1.7160368E-01
   7.0000000E-01   6.6208456E+03   2.0690143E+03   8.6898599E+03   2.3709490E-01   8.8717855E-04   1.8052416E-01
   7.5000000E-01   5.7847517E+03   1.6976527E+03   7.4781603E+03   2.4712626E-01   1.4190559E-05   1.9116269E-01
   8.0000000E-01   4.6234511E+03   1.4005635E+03   6.0240146E+03   2.5819639E-01   3.5940866E-04   1.9824551E-01
   8.5000000E-01   3.7672911E+03   1.1608949E+03   4.9244412E+03   2.6618346E-01   6.7361883E-04   2.0376211E-01
   9.0000000E-01   2.8647890E+03   9.0187801E+02   3.7631302E+03   2.9527048E-01   5.9859151E-06   2.2478441E-01
   9.5000000E-01   2.0003263E+03   5.7965906E+02   2.5799854E+03   3.0875043E-01   1.4005314E-03   2.3965130E-01
   1.0000000E+00   8.5511397E+02   2.3264130E+02   1.0877553E+03   3.2063945E-01   4.2288755E-06   2.5206248E-01
