   0.0000000E+00   2.3934866E+07   1.4352975E+07   3.8075465E+07   1.7711564E-03   1.0846749E-09   1.1064123E-03
   5.0000000E-02   9.8930713E+04   2.3809579E+04   1.2274029E+05   1.8159002E-01   2.1867966E-07   1.4636461E-01
   1.0000000E-01   4.7014370E+04   1.2955212E+04   5.9969583E+04   1.8093282E-01   5.1010939E-06   1.4184706E-01
   1.5000000E-01   2.9878688E+04   8.8065735E+03   3.8685262E+04   1.7884521E-01   4.1199105E-05   1.3812231E-01
   2.0000000E-01   2.2854650E+04   5.4908455E+03   2.8329580E+04   1.9422193E-01   5.9322044E-05   1.5669840E-01
   2.5000000E-01   1.6883156E+04   4.5836624E+03   2.1466819E+04   1.9819074E-01   2.8811262E-05   1.5586631E-01
   3.0000000E-01   1.3772208E+04   3.8727703E+03   1.7644978E+04   2.0412156E-01   1.3469929E-05   1.5932333E-01
   3.5000000E-01   1.0622456E+04   2.8375053E+03   1.3450866E+04   2.1837581E-01   1.6067811E-05   1.7245296E-01
   4.0000000E-01   9.3901416E+03   2.3395777E+03   1.1729719E+04   2.1469897E-01   6.4582560E-07   1.7187558E-01
   4.5000000E-01   7.8445703E+03   2.0796246E+03   9.9241949E+03   2.3331475E-01   5.5877528E-05   1.8443513E-01
   5.0000000E-01   6.6526766E+03   1.9225917E+03   8.5752683E+03   2.4190469E-01   3.7488690E-07   1.8766912E-01
   5.5000000E-01   5.5443795E+03   1.4873753E+03   7.0317548E+03   2.5758328E-01   6.2380012E-06   2.0309991E-01
   6.0000000E-01   5.1353995E+03   1.3846480E+03   6.5200475E+03   2.5390750E-01   2.1744225E-05   1.9998112E-01
   6.5000000E-01   3.9715280E+03   9.6472381E+02   4.9362518E+03   2.6832614E-01   4.3058376E-06   2.1588458E-01
   7.0000000E-01   3.6196381E+03   1.0958955E+03   4.7155336E+03   2.8383222E-01   8.1198056E-07   2.1786913E-01
   7.5000000E-01   2.9751364E+03   7.8516439E+02   3.7603008E+03   2.9286470E-01   2.1236009E-05   2.3171785E-01
   8.0000000E-01   2.3634509E+03   7.6394373E+02   3.1273946E+03   3.1054017E-01   4.2036399E-05   2.3469329E-01
   8.5000000E-01   2.0109695E+03   5.8793708E+02   2.5989066E+03   3.4092828E-01   1.7703042E-05   2.6380585E-01
   9.0000000E-01   1.5243507E+03   4.7746483E+02   2.0018155E+03   3.4783087E-01   2.0450735E-05   2.6486284E-01
   9.5000000E-01   1.0822536E+03   3.0155673E+02   1.3838103E+03   3.6617920E-01   7.0664400E-06   2.8638319E-01
   1.0000000E+00   4.1498178E+02   1.3203966E+02   5.4702143E+02   3.8129187E-01   2.6761767E-05   2.8926227E-01
