   0.0000000E+00   2.5641007E+07   1.4498124E+07   3.9824386E+07   1.3769267E-03   9.3563571E-05   9.0599224E-04
   5.0000000E-02   8.0277753E+04   2.2663664E+04   1.0294142E+05   1.7323254E-01   2.3774172E-02   1.4030440E-01
   1.0000000E-01   3.7083102E+04   1.2254931E+04   4.9306201E+04   1.7216240E-01   3.5463978E-02   1.3800206E-01
   1.5000000E-01   2.5019157E+04   6.4086390E+03   3.1406575E+04   1.7650690E-01   3.8680380E-02   1.4850161E-01
   2.0000000E-01   1.7873100E+04   5.4112681E+03   2.3284368E+04   1.7887075E-01   3.5831050E-02   1.4562776E-01
   2.5000000E-01   1.4056565E+04   4.0361694E+03   1.8080002E+04   1.8577581E-01   3.7524617E-02   1.5256641E-01
   3.0000000E-01   1.0971081E+04   3.1937092E+03   1.4154180E+04   1.9506196E-01   4.9531388E-02   1.6208094E-01
   3.5000000E-01   8.9217714E+03   2.9466401E+03   1.1868411E+04   2.0107720E-01   3.3469883E-02   1.5944660E-01
   4.0000000E-01   7.8940852E+03   2.3157044E+03   1.0209790E+04   2.1270677E-01   4.2369872E-02   1.7404929E-01
   4.5000000E-01   6.2459473E+03   1.9805948E+03   8.2265422E+03   2.1749993E-01   3.4452551E-02   1.7334975E-01
   5.0000000E-01   5.5385920E+03   1.8780283E+03   7.4166203E+03   2.3516000E-01   3.6249493E-02   1.8477918E-01
   5.5000000E-01   4.9366970E+03   1.6031243E+03   6.5398213E+03   2.3944481E-01   4.0520982E-02   1.9060733E-01
   6.0000000E-01   4.1221130E+03   1.2573241E+03   5.3794371E+03   2.4495974E-01   4.9358177E-02   1.9924062E-01
   6.5000000E-01   3.5258941E+03   1.1263273E+03   4.6522214E+03   2.5837209E-01   5.1259254E-02   2.0822876E-01
   7.0000000E-01   2.8375053E+03   1.0868009E+03   3.9243062E+03   2.5544559E-01   4.8470352E-02   1.9812191E-01
   7.5000000E-01   2.3215401E+03   7.6394373E+02   3.0854838E+03   2.7976772E-01   4.6953170E-02   2.2210562E-01
   8.0000000E-01   2.0690143E+03   6.3661977E+02   2.7056340E+03   3.0077684E-01   3.5028164E-02   2.3820011E-01
   8.5000000E-01   1.6514666E+03   5.1678546E+02   2.1682520E+03   3.1021777E-01   5.5386243E-02   2.4947467E-01
   9.0000000E-01   1.2060408E+03   4.0319252E+02   1.6092333E+03   3.3689244E-01   6.5450368E-02   2.6883197E-01
   9.5000000E-01   8.9126768E+02   2.9820610E+02   1.1894738E+03   3.3788720E-01   7.1709534E-02   2.7110268E-01
   1.0000000E+00   2.8294212E+02   1.3832726E+02   4.2126938E+02   3.7052429E-01   6.3551681E-02   2.6961187E-01
