   0.0000000E+00   1.5660846E+07   1.1422487E+07   2.6981983E+07   4.6383936E-03   3.7462747E-08   2.6881966E-03
   5.0000000E-02   1.7316058E+05   4.9783666E+04   2.2294424E+05   1.6817856E-01   2.2325897E-06   1.3062363E-01
   1.0000000E-01   8.3238035E+04   2.6324228E+04   1.0946677E+05   1.6813125E-01   3.7592565E-06   1.2767135E-01
   1.5000000E-01   5.4324887E+04   1.5639626E+04   6.9964513E+04   1.7492620E-01   6.0125433E-06   1.3582246E-01
   2.0000000E-01   4.0298032E+04   1.1809297E+04   5.2091413E+04   1.7293167E-01   2.1547450E-04   1.3377968E-01
   2.5000000E-01   3.0901524E+04   9.4983670E+03   4.0374426E+04   1.7121035E-01   5.3649428E-07   1.3095463E-01
   3.0000000E-01   2.4711457E+04   7.9046955E+03   3.2605543E+04   1.8509030E-01   6.9674520E-06   1.4027850E-01
   3.5000000E-01   2.0890223E+04   5.8569019E+03   2.6738030E+04   1.8900553E-01   2.8686334E-05   1.4755365E-01
   4.0000000E-01   1.6560072E+04   5.2202821E+03   2.1772396E+04   1.9174145E-01   6.7517785E-06   1.4584002E-01
   4.5000000E-01   1.5491081E+04   4.1168079E+03   1.9607889E+04   1.9655115E-01   1.6116812E-05   1.5529302E-01
   5.0000000E-01   1.2445917E+04   3.5141411E+03   1.5960058E+04   2.0609497E-01   6.1524253E-05   1.6072981E-01
   5.5000000E-01   1.1250808E+04   3.1541616E+03   1.4393394E+04   2.1695676E-01   5.5842999E-07   1.6958740E-01
   6.0000000E-01   8.9869491E+03   2.9815026E+03   1.1968452E+04   2.2548922E-01   8.4138263E-07   1.6931690E-01
   6.5000000E-01   8.3446161E+03   2.3065224E+03   1.0651138E+04   2.2665592E-01   1.7856030E-05   1.7757706E-01
   7.0000000E-01   7.0846686E+03   2.0553724E+03   9.1400410E+03   2.4376030E-01   1.6265871E-05   1.8894806E-01
   7.5000000E-01   5.8484136E+03   1.7485823E+03   7.5969960E+03   2.5177130E-01   7.0124520E-05   1.9380556E-01
   8.0000000E-01   4.9417610E+03   1.4841198E+03   6.4258808E+03   2.8007819E-01   1.7595384E-05   2.1539547E-01
   8.5000000E-01   4.0706217E+03   1.1945983E+03   5.2689648E+03   2.9247715E-01   4.3524117E-05   2.2614247E-01
   9.0000000E-01   2.9532084E+03   9.8676065E+02   3.9364323E+03   3.0187715E-01   5.6105655E-06   2.2647710E-01
   9.5000000E-01   2.0706896E+03   6.3997040E+02   2.7106600E+03   3.1907923E-01   7.7151012E-06   2.4374474E-01
   1.0000000E+00   1.0626049E+03   2.2006609E+02   1.2826709E+03   3.3463570E-01   2.1156192E-06   2.7722239E-01
