   0.0000000E+00   5.5003948E+05   2.9946594E+05   8.4950542E+05   9.4904148E-03   3.7239702E-03   6.7819078E-03
   5.0000000E-02   2.2319889E+05   1.1535550E+05   3.3855439E+05   3.2129826E-03   7.9935082E-03   4.5477305E-03
   1.0000000E-01   1.2213550E+05   6.2325076E+04   1.8446058E+05   1.0211699E-03   5.4772202E-03   2.5216940E-03
   1.5000000E-01   8.5200946E+04   4.1910802E+04   1.2711175E+05   2.7580954E-03   4.6362565E-03   2.7613445E-03
   2.0000000E-01   6.5524090E+04   3.3311130E+04   9.8835220E+04   1.5082366E-03   1.7889897E-03   7.6051952E-04
   2.5000000E-01   5.1795385E+04   2.6305129E+04   7.8100514E+04   6.3011522E-04   4.4377192E-03   1.6788893E-03
   3.0000000E-01   4.4266295E+04   2.1751176E+04   6.6017470E+04   3.2403566E-03   5.2976136E-03   7.1509373E-04
   3.5000000E-01   3.6551070E+04   1.8243704E+04   5.4794773E+04   4.3658902E-03   3.1237620E-03   3.9508031E-03
   4.0000000E-01   3.2053806E+04   1.5843875E+04   4.7897680E+04   5.5874989E-03   4.6676376E-03   2.4052890E-03
   4.5000000E-01   2.7968829E+04   1.4628108E+04   4.2589863E+04   2.1692201E-03   1.9898142E-03   2.0683442E-03
   5.0000000E-01   2.4840904E+04   1.2783325E+04   3.7624229E+04   2.0851287E-03   2.8904165E-03   1.5997325E-03
   5.5000000E-01   2.1442511E+04   1.0758874E+04   3.2201386E+04   1.6134784E-03   9.5774164E-04   1.3135862E-03
   6.0000000E-01   1.8918218E+04   9.5599069E+03   2.8478124E+04   2.1021867E-03   2.6065596E-03   1.3856656E-03
   6.5000000E-01   1.7095689E+04   8.1144536E+03   2.5205246E+04   2.7601802E-03   6.0067379E-03   3.7273266E-03
   7.0000000E-01   1.4692275E+04   7.1437833E+03   2.1836058E+04   4.3584664E-03   8.1545325E-03   2.7993746E-03
   7.5000000E-01   1.2600827E+04   6.3407329E+03   1.8941560E+04   1.4255986E-03   2.6908659E-03   1.5496494E-03
   8.0000000E-01   1.0671339E+04   5.3476061E+03   1.6018945E+04   1.5637632E-03   4.0606745E-03   1.5406604E-03
   8.5000000E-01   8.9875733E+03   4.3926764E+03   1.3380250E+04   1.3919295E-03   5.8540660E-03   1.6258943E-03
   9.0000000E-01   7.0912369E+03   3.4023790E+03   1.0493616E+04   2.8908107E-03   2.7321764E-03   1.9568002E-03
   9.5000000E-01   4.7612458E+03   2.3688957E+03   7.1301415E+03   6.6539068E-03   1.2107944E-02   7.4975404E-03
   1.0000000E+00   2.5904923E+03   1.1757817E+03   3.7662740E+03   8.0791918E-03   1.7533956E-02   2.6795148E-03
