   0.0000000E+00   1.5019134E+06   6.3865696E+05   2.1405703E+06   3.3704372E-02   8.9405601E-05   2.3623332E-02
   5.0000000E-02   4.9611779E+05   2.2784622E+05   7.2390034E+05   7.3931508E-03   4.0406250E-05   5.0542974E-03
   1.0000000E-01   2.3669523E+05   1.1016705E+05   3.4683045E+05   6.3848647E-03   1.0775559E-06   4.3646492E-03
   1.5000000E-01   1.4092640E+05   6.8245640E+04   2.0912960E+05   1.0466077E-02   6.0354505E-05   7.0913017E-03
   2.0000000E-01   9.6240994E+04   4.6520990E+04   1.4271424E+05   2.0547008E-03   1.7577275E-05   1.3569456E-03
   2.5000000E-01   6.9238766E+04   3.5408792E+04   1.0462209E+05   6.9330436E-03   1.8676266E-04   4.6757165E-03
   3.0000000E-01   5.0070145E+04   2.5019157E+04   7.5078692E+04   4.5657686E-03   1.1357160E-04   3.0506843E-03
   3.5000000E-01   3.8206281E+04   1.9580605E+04   5.7786886E+04   7.0572981E-03   1.3038706E-05   4.7192108E-03
   4.0000000E-01   2.9189017E+04   1.5358452E+04   4.4531553E+04   2.3212682E-03   9.7311325E-05   1.4689342E-03
   4.5000000E-01   2.1772396E+04   1.1487450E+04   3.3259846E+04   9.6617636E-03   2.9059721E-04   6.4142241E-03
   5.0000000E-01   1.7908114E+04   9.3646769E+03   2.7272791E+04   4.6125993E-03   1.1684333E-04   2.9959224E-03
   5.5000000E-01   1.3623663E+04   7.2516780E+03   2.0869554E+04   7.5680560E-03   2.0236477E-04   4.9870093E-03
   6.0000000E-01   1.0483006E+04   5.9311742E+03   1.6408875E+04   5.1511276E-03   2.6629255E-04   3.3871105E-03
   6.5000000E-01   8.3984839E+03   4.8089278E+03   1.3207412E+04   3.1228600E-03   3.6373978E-06   1.9852491E-03
   7.0000000E-01   6.5344472E+03   3.8470023E+03   1.0381450E+04   6.1440039E-03   1.7666241E-04   3.8032951E-03
   7.5000000E-01   5.3094089E+03   3.2297843E+03   8.5391932E+03   6.7469688E-03   1.4956759E-04   4.2283836E-03
   8.0000000E-01   3.9589792E+03   2.4350706E+03   6.3940498E+03   2.3541083E-03   5.6700831E-04   1.2416540E-03
   8.5000000E-01   2.7973822E+03   1.8199836E+03   4.6173658E+03   1.1781526E-02   1.4428987E-05   7.1360462E-03
   9.0000000E-01   2.2317060E+03   1.3262912E+03   3.5579972E+03   2.7663677E-03   6.5748960E-06   1.7329009E-03
   9.5000000E-01   1.5278875E+03   8.7786516E+02   2.4057526E+03   2.9368263E-02   1.0506076E-03   1.9006949E-02
   1.0000000E+00   7.4822472E+02   3.9611897E+02   1.1443437E+03   4.9503652E-02   1.3310452E-05   3.2365508E-02
