   0.0000000E+00   3.2187496E+05   1.2885184E+05   4.5072680E+05   4.3154359E-02   9.6543930E-03   3.0731117E-02
   5.0000000E-02   1.4082029E+05   6.4744231E+04   2.0556452E+05   4.7526250E-03   3.1547256E-03   3.8621966E-03
   1.0000000E-01   9.0209022E+04   4.2971835E+04   1.3314903E+05   3.0692350E-03   6.1753040E-03   4.0362943E-03
   1.5000000E-01   6.6335780E+04   3.4483571E+04   1.0081935E+05   6.9278453E-04   2.9044162E-03   1.2736690E-03
   2.0000000E-01   5.4335498E+04   2.7310988E+04   8.1630570E+04   8.9599187E-04   5.4593334E-03   2.1405672E-03
   2.5000000E-01   4.6829750E+04   2.2841917E+04   6.9671668E+04   2.0685599E-03   4.3771527E-03   2.3741212E-03
   3.0000000E-01   4.0160097E+04   2.0637091E+04   6.0797188E+04   5.9349717E-03   3.7340191E-03   2.8359223E-03
   3.5000000E-01   3.5796220E+04   1.7798070E+04   5.3594290E+04   5.8047985E-03   2.1236519E-03   3.1896802E-03
   4.0000000E-01   3.2236834E+04   1.6018945E+04   4.8255779E+04   1.6675642E-03   4.1608800E-03   2.4932669E-03
   4.5000000E-01   2.8089079E+04   1.4090518E+04   4.2172523E+04   5.2443050E-03   7.0707997E-03   5.6620676E-03
   5.0000000E-01   2.5197411E+04   1.2796057E+04   3.7993468E+04   3.5924363E-03   4.6672263E-03   3.6697140E-03
   5.5000000E-01   2.3068786E+04   1.1192933E+04   3.4261719E+04   6.4143228E-03   2.5296086E-03   4.0916295E-03
   6.0000000E-01   2.1602631E+04   1.0398123E+04   3.2000754E+04   3.5929165E-03   5.0258230E-03   1.1092813E-03
   6.5000000E-01   1.8834151E+04   9.4317668E+03   2.8265918E+04   2.6039407E-03   1.2005578E-02   5.4866405E-03
   7.0000000E-01   1.7256943E+04   8.8672040E+03   2.6115053E+04   2.3213672E-03   4.0806171E-03   2.0721809E-03
   7.5000000E-01   1.5121842E+04   7.6054842E+03   2.2723082E+04   1.8391548E-03   2.2742089E-03   1.9684143E-03
   8.0000000E-01   1.3297395E+04   6.9033457E+03   2.0200741E+04   1.9704854E-03   4.3009486E-03   2.4376377E-03
   8.5000000E-01   1.1268170E+04   5.6059988E+03   1.6874169E+04   6.0200977E-03   2.6726966E-03   4.3710654E-03
   9.0000000E-01   9.2698912E+03   4.8772148E+03   1.4147106E+04   3.9285611E-03   6.8298317E-03   3.9081157E-03
   9.5000000E-01   6.9994669E+03   3.4746037E+03   1.0474071E+04   1.1508506E-02   1.1952334E-02   1.1652646E-02
   1.0000000E+00   4.4893483E+03   2.4836031E+03   6.9729514E+03   8.8224932E-03   1.1357993E-02   9.1871337E-03
