   0.0000000E+00   3.8961130E+05   2.1237636E+05   6.0198766E+05   7.9190413E-02   2.1050592E-02   5.8677613E-02
   5.0000000E-02   1.6342030E+05   7.7094654E+04   2.4051495E+05   7.2067286E-02   3.4804841E-02   6.0123103E-02
   1.0000000E-01   9.8612403E+04   4.9847328E+04   1.4842790E+05   4.4780250E-02   2.6079634E-02   3.8461694E-02
   1.5000000E-01   7.3763011E+04   3.5502163E+04   1.0926517E+05   3.3486686E-02   1.6393710E-02   2.7750031E-02
   2.0000000E-01   5.8744089E+04   2.8695636E+04   8.7439726E+04   2.5210118E-02   1.6369730E-02   2.2171553E-02
   2.5000000E-01   4.9261638E+04   2.4051495E+04   7.3287668E+04   1.3271351E-02   1.5724566E-02   1.3953016E-02
   3.0000000E-01   4.0011553E+04   2.0849298E+04   6.0850240E+04   1.6904684E-02   1.9674980E-02   1.7771703E-02
   3.5000000E-01   3.5677991E+04   1.7770786E+04   5.3457872E+04   1.3977792E-02   1.8007750E-02   1.5301071E-02
   4.0000000E-01   3.2165214E+04   1.6894297E+04   4.9051553E+04   1.5317934E-02   1.5762093E-02   1.5275075E-02
   4.5000000E-01   2.8966200E+04   1.4253209E+04   4.3212335E+04   1.7350299E-02   1.0743774E-02   1.4936269E-02
   5.0000000E-01   2.5362932E+04   1.2318593E+04   3.7668792E+04   1.4841386E-02   1.4383945E-02   1.4570875E-02
   5.5000000E-01   2.2582640E+04   1.1331832E+04   3.3914472E+04   1.5466677E-02   1.3775696E-02   1.4733177E-02
   6.0000000E-01   2.0430190E+04   1.0456480E+04   3.0876059E+04   1.8165125E-02   1.7708551E-02   1.7166705E-02
   6.5000000E-01   1.8491356E+04   9.5884732E+03   2.8074932E+04   2.0657861E-02   1.8808164E-02   1.9948756E-02
   7.0000000E-01   1.5801812E+04   7.9850309E+03   2.3786843E+04   1.5946640E-02   1.3159918E-02   1.4960933E-02
   7.5000000E-01   1.3912264E+04   6.9943292E+03   2.0906593E+04   2.5022182E-02   2.0465376E-02   2.3416846E-02
   8.0000000E-01   1.2354402E+04   6.2627470E+03   1.8613171E+04   2.6727287E-02   1.3486761E-02   2.1866926E-02
   8.5000000E-01   1.0747640E+04   5.4786749E+03   1.6222570E+04   2.8195554E-02   3.6096777E-02   3.0618594E-02
   9.0000000E-01   8.6297347E+03   4.3360880E+03   1.2965823E+04   3.6589724E-02   3.2596135E-02   3.5249319E-02
   9.5000000E-01   6.3896521E+03   3.3539810E+03   9.7436331E+03   3.8596795E-02   3.9384788E-02   3.8860518E-02
   1.0000000E+00   4.0052029E+03   2.1189221E+03   6.1241250E+03   6.7544417E-02   6.0483873E-02   6.4945129E-02
