   0.0000000E+00   3.0202261E+07   1.5977628E+07   4.5772962E+07   4.6252977E-04   3.2563191E-05   3.1655617E-04
   5.0000000E-02   3.4122820E+04   9.2309867E+03   4.3353806E+04   1.6105748E-01   3.5870283E-02   1.3440231E-01
   1.0000000E-01   1.6615776E+04   4.5200004E+03   2.1135776E+04   1.7875371E-01   4.4749205E-02   1.5008484E-01
   1.5000000E-01   1.0440564E+04   2.9921129E+03   1.3432677E+04   1.7269515E-01   4.1957265E-02   1.4353690E-01
   2.0000000E-01   7.3847894E+03   2.3395777E+03   9.7243670E+03   1.9231384E-01   4.5952788E-02   1.5709305E-01
   2.5000000E-01   5.8823667E+03   1.5660846E+03   7.4484513E+03   1.8827250E-01   3.9810792E-02   1.5705437E-01
   3.0000000E-01   5.0080755E+03   1.2626292E+03   6.2707048E+03   1.9975571E-01   5.8570496E-02   1.7131894E-01
   3.5000000E-01   3.6378273E+03   1.0640645E+03   4.7018917E+03   2.0347610E-01   5.7655321E-02   1.7047584E-01
   4.0000000E-01   2.9204932E+03   9.0718318E+02   3.8276764E+03   2.3115554E-01   5.8289460E-02   1.9017306E-01
   4.5000000E-01   2.5606262E+03   7.3564951E+02   3.2962757E+03   2.2339565E-01   6.1609407E-02   1.8728237E-01
   5.0000000E-01   2.6292397E+03   6.8118316E+02   3.3104228E+03   2.4351178E-01   4.5539417E-02   2.0272656E-01
   5.5000000E-01   2.0313958E+03   6.5976958E+02   2.6911654E+03   2.5148420E-01   5.8668120E-02   2.0421193E-01
   6.0000000E-01   1.6286856E+03   4.9338032E+02   2.1220659E+03   2.7550587E-01   6.1214023E-02   2.2566327E-01
   6.5000000E-01   1.4250489E+03   4.0156016E+02   1.8266090E+03   2.7613078E-01   6.4251870E-02   2.2955105E-01
   7.0000000E-01   1.0822536E+03   3.4104631E+02   1.4232999E+03   2.9830409E-01   5.7511355E-02   2.4044005E-01
   7.5000000E-01   1.0822536E+03   3.6075120E+02   1.4430048E+03   3.1239769E-01   6.8202992E-02   2.5134204E-01
   8.0000000E-01   8.4352120E+02   2.9841552E+02   1.1419367E+03   3.2324315E-01   9.2329911E-02   2.6288592E-01
   8.5000000E-01   6.9653693E+02   2.2843415E+02   9.2497108E+02   3.3931771E-01   6.5321228E-02   2.7158588E-01
   9.0000000E-01   4.4563384E+02   1.4854461E+02   5.9417845E+02   3.3784229E-01   6.4010483E-02   2.6938297E-01
   9.5000000E-01   2.7140106E+02   1.2062269E+02   3.9202375E+02   3.6898148E-01   1.0977365E-01   2.8922307E-01
   1.0000000E+00   1.2575205E+02   5.0300822E+01   1.7605288E+02   4.0568082E-01   1.4246463E-01   3.3032629E-01
