   0.0000000E+00   4.6957074E+05   2.4395270E+05   7.1352344E+05   5.8829850E-03   4.1108715E-03   3.1930275E-03
   5.0000000E-02   2.0473692E+05   1.0746142E+05   3.1219834E+05   2.8861594E-03   6.8915086E-03   2.0719748E-03
   1.0000000E-01   1.1758367E+05   5.8791836E+04   1.7637551E+05   2.7829297E-03   4.8136325E-03   2.2963563E-03
   1.5000000E-01   8.1190242E+04   4.1910802E+04   1.2310104E+05   5.8968012E-03   3.4476281E-03   2.8812129E-03
   2.0000000E-01   6.1481555E+04   2.9841552E+04   9.1323106E+04   9.2201910E-04   3.1493291E-03   1.5972905E-03
   2.5000000E-01   5.2266483E+04   2.5719439E+04   7.7985922E+04   3.5384891E-03   6.6372887E-03   1.8447856E-04
   3.0000000E-01   4.2865731E+04   2.1156997E+04   6.4012118E+04   6.9474336E-04   9.2135938E-03   2.5823809E-03
   3.5000000E-01   3.8078957E+04   1.8098191E+04   5.6177148E+04   4.1064430E-03   1.8786433E-03   2.1831895E-03
   4.0000000E-01   3.1441059E+04   1.6297466E+04   4.7738525E+04   2.7573730E-03   5.0627313E-03   1.1764279E-03
   4.5000000E-01   2.8018344E+04   1.3821723E+04   4.1840066E+04   1.5613703E-03   3.0135291E-04   9.5006310E-04
   5.0000000E-01   2.4681749E+04   1.2471381E+04   3.7153130E+04   3.8404592E-03   6.3880707E-03   1.3593008E-03
   5.5000000E-01   2.2351141E+04   1.0758874E+04   3.3104228E+04   2.7984280E-03   2.2695673E-03   2.2899233E-03
   6.0000000E-01   1.9310800E+04   9.6766205E+03   2.8987420E+04   6.0355508E-03   3.2995103E-03   3.0534172E-03
   6.5000000E-01   1.7624574E+04   8.8147353E+03   2.6439309E+04   5.4173778E-03   2.8594836E-03   3.0209904E-03
   7.0000000E-01   1.5306158E+04   7.3438638E+03   2.2650022E+04   5.9694303E-03   4.9203276E-03   5.4643038E-03
   7.5000000E-01   1.3339306E+04   6.6972400E+03   2.0036546E+04   3.9914376E-03   3.3011518E-03   3.5936420E-03
   8.0000000E-01   1.1204508E+04   5.5346131E+03   1.6739121E+04   8.8964010E-04   8.3409471E-03   2.1644258E-03
   8.5000000E-01   9.5979793E+03   4.7634138E+03   1.4361393E+04   5.2090567E-03   2.5692267E-03   2.6407301E-03
   9.0000000E-01   7.5510179E+03   3.7631302E+03   1.1314148E+04   2.4924201E-03   3.3010280E-03   1.3126939E-03
   9.5000000E-01   5.1030101E+03   2.5565310E+03   7.6595411E+03   4.9948644E-03   4.9505068E-03   1.8368256E-03
   1.0000000E+00   2.7791204E+03   1.3329718E+03   4.1120922E+03   2.5193286E-03   7.0738928E-03   2.1712110E-03
