   0.0000000E+00   3.4428397E+05   4.7721018E+05   8.2149415E+05   8.4694838E-02   5.9582325E-03   3.8932230E-02
   5.0000000E-02   1.5157917E+05   7.4675499E+04   2.2625467E+05   8.7267429E-02   7.3234056E-03   6.0881535E-02
   1.0000000E-01   9.1991557E+04   4.5231835E+04   1.3709607E+05   5.8613576E-02   1.4625182E-02   4.3828023E-02
   1.5000000E-01   6.8839818E+04   3.3825731E+04   1.0264433E+05   4.3208431E-02   1.2334260E-02   3.2993318E-02
   2.0000000E-01   5.7486765E+04   2.5958171E+04   8.3460852E+04   3.4979103E-02   1.1808335E-02   2.7702416E-02
   2.5000000E-01   4.7249920E+04   2.3287551E+04   7.0537471E+04   3.2551263E-02   5.1108410E-03   2.3393076E-02
   3.0000000E-01   4.1613712E+04   2.0393053E+04   6.2006766E+04   2.1882869E-02   1.0673269E-02   1.8189340E-02
   3.5000000E-01   3.7478715E+04   1.7470665E+04   5.4940286E+04   2.5134142E-02   8.8135280E-03   1.9822748E-02
   4.0000000E-01   3.2308453E+04   1.6472537E+04   4.8765075E+04   2.3869430E-02   1.5650035E-02   2.0783036E-02
   4.5000000E-01   2.9220848E+04   1.4062223E+04   4.3268924E+04   2.1125712E-02   1.5512376E-02   1.9300410E-02
   5.0000000E-01   2.5127382E+04   1.3540903E+04   3.8661919E+04   2.4786357E-02   2.0444800E-02   2.3222648E-02
   5.5000000E-01   2.2362716E+04   1.1754316E+04   3.4105457E+04   1.9664418E-02   1.3004777E-02   1.7221577E-02
   6.0000000E-01   2.0780330E+04   1.0042677E+04   3.0817702E+04   2.5038490E-02   1.1664752E-02   2.0417564E-02
   6.5000000E-01   1.8946784E+04   8.9910300E+03   2.7932917E+04   2.8823937E-02   2.2492148E-02   2.6742274E-02
   7.0000000E-01   1.6433885E+04   7.7212884E+03   2.4155173E+04   3.1378989E-02   2.2574099E-02   2.8150572E-02
   7.5000000E-01   1.4137203E+04   7.0664795E+03   2.1203683E+04   2.8600464E-02   2.4744154E-02   2.7183096E-02
   8.0000000E-01   1.2756269E+04   6.5372893E+03   1.9289579E+04   3.0255443E-02   2.0831497E-02   2.6993656E-02
   8.5000000E-01   1.0949860E+04   5.5236127E+03   1.6473473E+04   3.5843853E-02   3.7457491E-02   3.6384081E-02
   9.0000000E-01   8.6792496E+03   4.3962132E+03   1.3071926E+04   4.1670040E-02   3.7188422E-02   3.9582299E-02
   9.5000000E-01   6.9492074E+03   3.3137734E+03   1.0262981E+04   5.5730653E-02   4.5479306E-02   5.2408302E-02
   1.0000000E+00   4.0303533E+03   1.7731040E+03   5.8034573E+03   6.4513821E-02   5.7497335E-02   6.2368778E-02
