   0.0000000E+00   6.3865696E+05   9.7682938E+05   1.6144677E+06   1.1058848E-01   7.0484433E-06   4.3802583E-02
   5.0000000E-02   2.2307157E+05   1.1401860E+05   3.3683552E+05   1.2472577E-01   5.7832349E-06   8.2529653E-02
   1.0000000E-01   1.2181719E+05   6.2229583E+04   1.8398311E+05   8.9421660E-02   4.3842981E-06   5.9207937E-02
   1.5000000E-01   8.6283200E+04   4.2313994E+04   1.2859719E+05   7.5336066E-02   3.7403265E-06   5.0548417E-02
   2.0000000E-01   6.5094372E+04   3.0907890E+04   9.5954515E+04   6.2364948E-02   2.2794499E-06   4.2162880E-02
   2.5000000E-01   5.3272343E+04   2.6330594E+04   7.9590204E+04   5.5013444E-02   3.9704463E-06   3.6821050E-02
   3.0000000E-01   4.4510332E+04   2.0859908E+04   6.5370240E+04   5.4782158E-02   1.1937143E-05   3.7297146E-02
   3.5000000E-01   3.8015295E+04   1.7925394E+04   5.5922500E+04   5.1157116E-02   8.7086902E-06   3.4774661E-02
   4.0000000E-01   3.1894651E+04   1.5255001E+04   4.7141694E+04   4.6577216E-02   1.7548526E-05   3.1502938E-02
   4.5000000E-01   2.7013899E+04   1.3425604E+04   4.0418282E+04   5.0267816E-02   1.5603032E-05   3.3591821E-02
   5.0000000E-01   2.4197918E+04   1.1764733E+04   3.5949919E+04   4.7548570E-02   3.6224109E-05   3.1949204E-02
   5.5000000E-01   2.1558260E+04   1.0139617E+04   3.1703665E+04   5.0623165E-02   2.3551205E-05   3.4416531E-02
   6.0000000E-01   1.8955354E+04   8.9498130E+03   2.7894556E+04   4.8158883E-02   2.8442709E-06   3.2725840E-02
   6.5000000E-01   1.6581497E+04   7.8206290E+03   2.4392331E+04   4.9987860E-02   6.1153063E-06   3.4027528E-02
   7.0000000E-01   1.4410343E+04   6.6435821E+03   2.1049378E+04   6.0446042E-02   4.6755868E-06   4.1420385E-02
   7.5000000E-01   1.2507456E+04   5.7380662E+03   1.8237034E+04   5.7725101E-02   3.7532874E-06   3.9533305E-02
   8.0000000E-01   1.0436585E+04   4.7905638E+03   1.5227149E+04   6.8380843E-02   9.4072472E-06   4.6869273E-02
   8.5000000E-01   8.5419394E+03   3.8833806E+03   1.2425320E+04   7.3594382E-02   5.3976168E-06   5.0594090E-02
   9.0000000E-01   7.2220976E+03   3.2892022E+03   1.0500689E+04   9.1214839E-02   4.0969606E-05   6.2909562E-02
   9.5000000E-01   5.2906454E+03   2.4526614E+03   7.7399562E+03   1.0380597E-01   6.3376579E-06   7.0957497E-02
   1.0000000E+00   2.9928989E+03   1.2700957E+03   4.2629946E+03   1.2320629E-01   1.3181349E-06   8.6498947E-02
