   0.0000000E+00   2.9443919E+07   1.5859981E+07   4.4977951E+07   6.8662870E-04   4.8211001E-10   4.4471520E-04
   5.0000000E-02   4.5836624E+04   1.1459156E+04   5.7295780E+04   1.8231044E-01   1.6612483E-05   1.4584503E-01
   1.0000000E-01   2.2281692E+04   4.7746483E+03   2.7056340E+04   1.7522940E-01   7.2603895E-06   1.4430784E-01
   1.5000000E-01   1.3114367E+04   3.8833806E+03   1.6997748E+04   1.9686029E-01   1.8291789E-05   1.5188890E-01
   2.0000000E-01   8.9126768E+03   2.6738030E+03   1.1586480E+04   1.9456078E-01   4.6078317E-06   1.4966108E-01
   2.5000000E-01   7.2701978E+03   1.7061410E+03   8.9636064E+03   2.1123091E-01   2.0113595E-06   1.7132467E-01
   3.0000000E-01   5.7507986E+03   1.5278875E+03   7.2786861E+03   2.2018305E-01   2.4169432E-05   1.7395879E-01
   3.5000000E-01   5.2111876E+03   1.1550102E+03   6.3661977E+03   2.3344514E-01   9.5629428E-06   1.9109326E-01
   4.0000000E-01   4.1778173E+03   9.8676065E+02   5.1645779E+03   2.3231237E-01   4.4126137E-06   1.8792687E-01
   4.5000000E-01   3.1265104E+03   8.7712058E+02   4.0036310E+03   2.5213238E-01   1.1075747E-05   1.9689733E-01
   5.0000000E-01   2.7310988E+03   7.1301415E+02   3.4377468E+03   2.6065724E-01   9.0370019E-06   2.0707583E-01
   5.5000000E-01   2.3034061E+03   7.2343156E+02   3.0268376E+03   2.7111660E-01   1.0844410E-05   2.0632048E-01
   6.0000000E-01   2.1061504E+03   5.7826296E+02   2.6844134E+03   2.8016141E-01   6.7221116E-06   2.1980900E-01
   6.5000000E-01   1.8315061E+03   5.1419289E+02   2.3456990E+03   2.8978790E-01   3.5598922E-06   2.2626369E-01
   7.0000000E-01   1.3687325E+03   3.8197186E+02   1.7507044E+03   3.1272191E-01   1.8542053E-06   2.4449127E-01
   7.5000000E-01   1.1544039E+03   3.3104228E+02   1.4854461E+03   3.2767380E-01   1.4584992E-06   2.5464903E-01
   8.0000000E-01   9.7880290E+02   2.2281692E+02   1.2016198E+03   3.4413291E-01   7.7608040E-06   2.8031875E-01
   8.5000000E-01   8.5007464E+02   2.3592380E+02   1.0859984E+03   3.6052111E-01   9.9425794E-07   2.8220120E-01
   9.0000000E-01   6.0478878E+02   1.8037560E+02   7.8516439E+02   3.7950710E-01   9.1041199E-06   2.9232513E-01
   9.5000000E-01   4.4563384E+02   1.5077837E+02   5.9641221E+02   3.8853101E-01   2.1053201E-06   2.9030635E-01
   1.0000000E+00   1.5719007E+02   3.7725616E+01   1.9491568E+02   3.9364111E-01   1.2198073E-06   3.1745227E-01
