   0.0000000E+00   8.7955388E+06   4.0142696E+06   1.2801660E+07   8.3388416E-03   1.0839462E-05   5.7105213E-03
   5.0000000E-02   1.7463117E+06   8.6733078E+05   2.6111597E+06   2.6269921E-03   2.8429834E-05   1.7300887E-03
   1.0000000E-01   4.0142060E+05   2.0871579E+05   6.0991357E+05   1.4135394E-04   2.0284326E-04   1.8482769E-04
   1.5000000E-01   1.1316977E+05   6.6017470E+04   1.7914480E+05   5.2517794E-03   3.0102050E-04   3.4164102E-03
   2.0000000E-01   3.5125496E+04   2.1358593E+04   5.6484089E+04   4.6090869E-03   5.7498974E-04   3.0620410E-03
   2.5000000E-01   1.0975325E+04   6.6463104E+03   1.7621635E+04   1.4354353E-02   9.3923503E-04   9.2401935E-03
   3.0000000E-01   3.9364323E+03   2.5570894E+03   6.4935217E+03   1.9526216E-02   5.2198757E-03   1.3787981E-02
   3.5000000E-01   1.3005232E+03   1.0549699E+03   2.3554932E+03   5.9054339E-02   9.6142298E-03   3.6888966E-02
   4.0000000E-01   6.3661977E+02   2.8647890E+02   9.2309867E+02   8.1784846E-02   9.2463475E-03   5.9144832E-02
   4.5000000E-01   2.3342725E+02   1.4854461E+02   3.8197186E+02   7.8617208E-02   2.2193317E-02   5.4240570E-02
   5.0000000E-01   1.5278875E+02   7.6394373E+01   2.2918312E+02   1.4081922E-01   6.1687116E-02   1.1425091E-01
   5.5000000E-01   8.1024335E+01   6.9449430E+01   1.5047376E+02   1.5056040E-01   1.1626449E-01   1.3412072E-01
   6.0000000E-01   6.8967142E+01   3.1830989E+01   1.0079813E+02   1.6705816E-01   7.0683694E-02   1.3608948E-01
   6.5000000E-01   5.8764902E+01   2.4485376E+01   8.3250278E+01   2.3901879E-01   1.3591344E-01   2.0777871E-01
   7.0000000E-01   4.0925557E+01   4.5472841E+00   4.5472841E+01   1.7210453E-01   1.7974951E-01   1.7260039E-01
   7.5000000E-01   3.3953055E+01   4.2441318E+00   3.8197186E+01   2.1301931E-01   1.5936040E-01   2.0687207E-01
   8.0000000E-01   4.3767609E+01   3.9788736E+00   4.7746483E+01   2.2330487E-01   1.4854906E-01   2.1698729E-01
   8.5000000E-01   4.1193044E+01   1.1234467E+01   5.2427511E+01   1.6644892E-01   2.2577770E-01   1.7859811E-01
   9.0000000E-01   1.4147106E+01   7.0735530E+00   2.1220659E+01   1.6936838E-01   2.6094801E-01   1.9984443E-01
   9.5000000E-01   6.7012608E+00   3.3506304E+00   1.0051891E+01   1.4073047E-01   2.6624851E-01   1.8101676E-01
   1.0000000E+00   1.2575205E+01   0.0000000E+00   1.2575205E+01   2.0088424E-01   0.0000000E+00   2.0088424E-01
