   0.0000000E+00   7.9302452E+06   8.0010373E+06   1.5905308E+07   1.2274395E-02   1.5974454E-07   6.1132566E-03
   5.0000000E-02   2.2262593E+05   7.9386486E+04   3.0188510E+05   1.5928688E-01   1.8049141E-06   1.1739841E-01
   1.0000000E-01   1.1366846E+05   3.9438595E+04   1.5307522E+05   1.4950652E-01   5.6977155E-05   1.1099965E-01
   1.5000000E-01   7.4208645E+04   2.6525824E+04   1.0069203E+05   1.5377298E-01   8.7263063E-06   1.1325712E-01
   2.0000000E-01   5.7566343E+04   1.9400988E+04   7.6935499E+04   1.4863658E-01   1.7081226E-05   1.1122036E-01
   2.5000000E-01   4.3532060E+04   1.4553128E+04   5.8059723E+04   1.4858887E-01   2.2454632E-06   1.1129802E-01
   3.0000000E-01   3.5618876E+04   1.1989672E+04   4.7608549E+04   1.5145052E-01   2.5891002E-06   1.1330887E-01
   3.5000000E-01   2.9411833E+04   9.8948902E+03   3.9306724E+04   1.5102368E-01   2.8649017E-06   1.1300507E-01
   4.0000000E-01   2.5146481E+04   8.5386627E+03   3.3685144E+04   1.4726503E-01   2.4365566E-06   1.0993505E-01
   4.5000000E-01   2.1086262E+04   7.1301415E+03   2.8216403E+04   1.4921112E-01   3.2658497E-06   1.1150564E-01
   5.0000000E-01   1.7971776E+04   6.2006766E+03   2.4134256E+04   1.5638102E-01   1.5157893E-05   1.1636272E-01
   5.5000000E-01   1.5793958E+04   5.3533935E+03   2.1141564E+04   1.6440777E-01   2.6325914E-06   1.2282270E-01
   6.0000000E-01   1.3841175E+04   4.7958690E+03   1.8631739E+04   1.7149867E-01   7.1597746E-06   1.2740354E-01
   6.5000000E-01   1.1963555E+04   3.8148216E+03   1.5773479E+04   1.7736842E-01   1.9920210E-06   1.3441411E-01
   7.0000000E-01   1.0363260E+04   3.4923142E+03   1.3851027E+04   1.8465945E-01   4.1628576E-06   1.3816210E-01
   7.5000000E-01   8.7598881E+03   2.9581599E+03   1.1718048E+04   2.0465321E-01   3.4862351E-05   1.5299288E-01
   8.0000000E-01   7.3489795E+03   2.5265847E+03   9.8676065E+03   2.1115355E-01   1.4319992E-06   1.5714402E-01
   8.5000000E-01   5.9767362E+03   2.0446729E+03   8.0176643E+03   2.3545767E-01   1.6227348E-05   1.7530566E-01
   9.0000000E-01   4.5270739E+03   1.4712990E+03   5.9983730E+03   2.3648858E-01   1.9050379E-06   1.7848154E-01
   9.5000000E-01   3.1730470E+03   1.1492662E+03   4.3223132E+03   2.6275714E-01   1.8736607E-05   1.9288822E-01
   1.0000000E+00   1.4838742E+03   5.1558342E+02   1.9994577E+03   2.5817813E-01   1.3556152E-05   1.9160402E-01
