   0.0000000E+00   1.7689881E+07   1.1593610E+07   2.9145472E+07   3.2044045E-03   3.3793967E-04   2.0788411E-03
   5.0000000E-02   1.4572227E+05   4.7046201E+04   1.9276847E+05   1.5914248E-01   3.2303696E-02   1.2816876E-01
   1.0000000E-01   7.5694091E+04   2.3363946E+04   9.9026206E+04   1.5744968E-01   3.2686435E-02   1.2804925E-01
   1.5000000E-01   4.7173525E+04   1.5342537E+04   6.2516062E+04   1.5607017E-01   3.4015694E-02   1.2610577E-01
   2.0000000E-01   3.5587045E+04   1.1968452E+04   4.7555497E+04   1.5999790E-01   3.4596879E-02   1.2838541E-01
   2.5000000E-01   2.7336453E+04   9.1545923E+03   3.6478313E+04   1.6635934E-01   3.5893842E-02   1.3361620E-01
   3.0000000E-01   2.1347983E+04   7.2256344E+03   2.8563007E+04   1.7750723E-01   4.2756626E-02   1.4344563E-01
   3.5000000E-01   1.7643462E+04   5.8750910E+03   2.3509459E+04   1.6870217E-01   3.6920497E-02   1.3565518E-01
   4.0000000E-01   1.5350494E+04   5.3635216E+03   2.0706058E+04   1.8379476E-01   4.7143688E-02   1.4834112E-01
   4.5000000E-01   1.3022411E+04   4.2724260E+03   1.7280690E+04   1.8620346E-01   3.8971132E-02   1.4977850E-01
   5.0000000E-01   1.1605578E+04   3.7178595E+03   1.5323438E+04   1.8686429E-01   4.7472407E-02   1.5302205E-01
   5.5000000E-01   9.4914221E+03   3.1078620E+03   1.2599284E+04   1.9770847E-01   5.0358985E-02   1.6136159E-01
   6.0000000E-01   8.2654467E+03   2.9549768E+03   1.1220423E+04   1.9801875E-01   4.8774220E-02   1.5869397E-01
   6.5000000E-01   7.3896864E+03   2.6444206E+03   1.0034107E+04   2.0945967E-01   6.0221479E-02   1.7010667E-01
   7.0000000E-01   6.3343667E+03   2.1508654E+03   8.4852321E+03   2.1526001E-01   6.1011632E-02   1.7607541E-01
   7.5000000E-01   5.0802258E+03   1.8759063E+03   6.9561320E+03   2.3049800E-01   6.5087319E-02   1.8585628E-01
   8.0000000E-01   4.2932046E+03   1.4682044E+03   5.7614089E+03   2.4233099E-01   6.5893402E-02   1.9734060E-01
   8.5000000E-01   3.5126432E+03   1.2957085E+03   4.8083517E+03   2.5518524E-01   7.8885312E-02   2.0767482E-01
   9.0000000E-01   2.7197811E+03   9.2309867E+02   3.6393430E+03   2.7183464E-01   9.6609441E-02   2.2761999E-01
   9.5000000E-01   1.9701707E+03   6.1651599E+02   2.5866867E+03   2.8023549E-01   8.6710658E-02   2.3409826E-01
   1.0000000E+00   8.1110075E+02   2.7665452E+02   1.0877553E+03   2.8815128E-01   4.7816423E-02   2.2594150E-01
