   0.0000000E+00   5.8874597E+05   2.6992678E+05   8.5867275E+05   1.8890093E-02   1.3214367E-05   1.2952429E-02
   5.0000000E-02   2.1810593E+05   1.0631550E+05   3.2442144E+05   2.2892152E-03   5.4997202E-06   1.5372230E-03
   1.0000000E-01   1.2102142E+05   5.9332963E+04   1.8035438E+05   6.1751291E-03   3.5747154E-04   4.0260626E-03
   1.5000000E-01   8.3927707E+04   4.0170708E+04   1.2409841E+05   6.3158554E-03   1.5359192E-04   4.3175506E-03
   2.0000000E-01   6.4123527E+04   3.0621411E+04   9.4713107E+04   2.8569631E-03   1.4515184E-04   1.9392303E-03
   2.5000000E-01   4.9821863E+04   2.4688115E+04   7.4509978E+04   1.8793312E-03   1.7491366E-04   1.2679477E-03
   3.0000000E-01   4.3279534E+04   2.1581410E+04   6.4860944E+04   2.6839997E-03   2.7719584E-04   1.7010934E-03
   3.5000000E-01   3.6751150E+04   1.7788975E+04   5.4540125E+04   2.8670912E-03   1.1943062E-04   1.9010975E-03
   4.0000000E-01   3.1886693E+04   1.5438029E+04   4.7316765E+04   2.1119093E-03   3.6533028E-05   1.4879291E-03
   4.5000000E-01   2.6872428E+04   1.3510486E+04   4.0382914E+04   5.7370579E-03   3.4487220E-04   3.9258669E-03
   5.0000000E-01   2.5019157E+04   1.2509579E+04   3.7528736E+04   8.9027010E-03   1.5426830E-04   5.9610740E-03
   5.5000000E-01   2.1951807E+04   1.0608400E+04   3.2560208E+04   3.6301887E-03   1.3807077E-04   2.4809526E-03
   6.0000000E-01   1.9597279E+04   9.6978412E+03   2.9300425E+04   3.2632696E-03   4.8958237E-05   2.1700726E-03
   6.5000000E-01   1.7340543E+04   8.5894699E+03   2.5930013E+04   3.9513016E-03   4.3164245E-05   2.6324849E-03
   7.0000000E-01   1.4946923E+04   7.2438236E+03   2.2190746E+04   2.9554879E-03   8.5688406E-05   1.9796136E-03
   7.5000000E-01   1.3245935E+04   6.5656719E+03   1.9807363E+04   8.2943327E-03   7.8127072E-05   5.5594453E-03
   8.0000000E-01   1.1280107E+04   5.4868667E+03   1.6766973E+04   2.7766588E-03   5.7172273E-04   1.9895593E-03
   8.5000000E-01   9.3695451E+03   4.7783931E+03   1.4147938E+04   6.7431717E-03   2.4771820E-05   4.4726626E-03
   9.0000000E-01   7.5404075E+03   3.7136153E+03   1.1254023E+04   1.6273635E-03   1.6007980E-06   1.0904551E-03
   9.5000000E-01   5.2035290E+03   2.6402967E+03   7.8438257E+03   9.8241493E-03   1.7861457E-05   6.5177592E-03
   1.0000000E+00   2.9111600E+03   1.3895602E+03   4.3007202E+03   2.4503098E-02   2.8069740E-06   1.6585437E-02
