   0.0000000E+00   2.8802716E+07   1.5639456E+07   4.4176319E+07   9.6826841E-04   1.1656977E-08   6.2817233E-04
   5.0000000E-02   6.1179160E+04   1.6042818E+04   7.7221978E+04   1.8927859E-01   5.7355689E-06   1.4995727E-01
   1.0000000E-01   2.8807045E+04   7.0346485E+03   3.5841693E+04   1.9115054E-01   7.0972410E-06   1.5363203E-01
   1.5000000E-01   1.7804133E+04   5.1353995E+03   2.2939532E+04   1.9258948E-01   1.3437721E-04   1.4950518E-01
   2.0000000E-01   1.2780142E+04   3.0557749E+03   1.5835917E+04   1.9892928E-01   6.1401439E-06   1.6054411E-01
   2.5000000E-01   9.2309867E+03   2.4573523E+03   1.1675607E+04   2.2024664E-01   8.4508846E-06   1.7413030E-01
   3.0000000E-01   7.2786861E+03   1.9841316E+03   9.2628177E+03   2.2753233E-01   5.9767303E-06   1.7879274E-01
   3.5000000E-01   5.5385920E+03   1.5369820E+03   7.0755740E+03   2.3627361E-01   8.8657905E-06   1.8494748E-01
   4.0000000E-01   4.8303525E+03   1.3289438E+03   6.1592963E+03   2.4216367E-01   9.2838533E-06   1.8991189E-01
   4.5000000E-01   3.7419096E+03   9.8322387E+02   4.7251334E+03   2.5668725E-01   2.8016103E-06   2.0327528E-01
   5.0000000E-01   3.0748735E+03   8.0214091E+02   3.8770144E+03   2.6375617E-01   7.4351452E-07   2.0918577E-01
   5.5000000E-01   2.5522665E+03   7.3500646E+02   3.2872730E+03   2.7574901E-01   3.3936704E-07   2.1409386E-01
   6.0000000E-01   2.1485917E+03   5.7295780E+02   2.7215495E+03   2.8954245E-01   1.3412783E-05   2.2858351E-01
   6.5000000E-01   1.6650056E+03   5.0929582E+02   2.1743014E+03   3.0471184E-01   1.2353094E-05   2.3333565E-01
   7.0000000E-01   1.4369418E+03   4.3653927E+02   1.8734810E+03   3.1546973E-01   2.2685062E-06   2.4196275E-01
   7.5000000E-01   1.1077184E+03   2.2069485E+02   1.3284133E+03   3.1495517E-01   1.2655754E-05   2.6263245E-01
   8.0000000E-01   9.8278177E+02   2.2281692E+02   1.2055987E+03   3.3402412E-01   6.7230593E-06   2.7228905E-01
   8.5000000E-01   7.6768855E+02   1.7600664E+02   9.4369519E+02   3.4597595E-01   6.4639678E-06   2.8144749E-01
   9.0000000E-01   4.7392805E+02   1.5561817E+02   6.2954622E+02   3.7170147E-01   6.6997946E-06   2.7982184E-01
   9.5000000E-01   3.3506304E+02   1.0386954E+02   4.3893258E+02   3.8764053E-01   3.4742130E-05   2.9591702E-01
   1.0000000E+00   1.0688925E+02   1.8862808E+01   1.2575205E+02   4.2070028E-01   3.5775504E-06   3.5759470E-01
