   0.0000000E+00   2.4164559E+07   1.4363670E+07   3.8264413E+07   2.1273551E-03   2.3924090E-07   1.3425364E-03
   5.0000000E-02   1.1790198E+05   3.4504792E+04   1.5234311E+05   1.8537962E-01   3.7604757E-06   1.4347058E-01
   1.0000000E-01   5.9683104E+04   1.5724508E+04   7.5375781E+04   1.9421916E-01   3.7366089E-07   1.5366757E-01
   1.5000000E-01   3.5756811E+04   9.4856346E+03   4.5242445E+04   1.9399422E-01   5.8128998E-06   1.5332217E-01
   2.0000000E-01   2.4844087E+04   6.3502822E+03   3.1162538E+04   2.0584934E-01   2.6473067E-06   1.6405798E-01
   2.5000000E-01   1.8296452E+04   5.1820849E+03   2.3453072E+04   2.0494153E-01   5.1338076E-06   1.5983820E-01
   3.0000000E-01   1.4599813E+04   3.6923947E+03   1.8292208E+04   2.1070505E-01   4.0040768E-07   1.6817301E-01
   3.5000000E-01   1.0977144E+04   3.1285315E+03   1.4105675E+04   2.2263721E-01   1.6811893E-06   1.7325761E-01
   4.0000000E-01   9.0400008E+03   2.5385213E+03   1.1578522E+04   2.3447633E-01   2.5172842E-06   1.8306826E-01
   4.5000000E-01   7.4767455E+03   2.2423163E+03   9.7190619E+03   2.4616346E-01   2.1598960E-05   1.8937528E-01
   5.0000000E-01   5.8569019E+03   1.4896903E+03   7.3465922E+03   2.4972943E-01   1.1637788E-05   1.9908870E-01
   5.5000000E-01   5.1855574E+03   1.4005635E+03   6.5861209E+03   2.5026275E-01   9.6119374E-06   1.9704546E-01
   6.0000000E-01   3.6870895E+03   1.1724414E+03   4.8595309E+03   2.6623897E-01   4.3502277E-06   2.0200551E-01
   6.5000000E-01   3.3251140E+03   8.6188523E+02   4.1869993E+03   2.7574216E-01   5.3250102E-05   2.1897224E-01
   7.0000000E-01   2.5692155E+03   7.4120731E+02   3.3104228E+03   2.9267864E-01   2.6388114E-06   2.2714738E-01
   7.5000000E-01   2.0541598E+03   4.8807516E+02   2.5379908E+03   2.9616763E-01   4.8689052E-06   2.3970699E-01
   8.0000000E-01   1.7586621E+03   4.8144370E+02   2.2401058E+03   3.0698696E-01   1.9633740E-06   2.4100907E-01
   8.5000000E-01   1.3369015E+03   3.3328917E+02   1.6701907E+03   3.1223912E-01   2.5569932E-06   2.4993082E-01
   9.0000000E-01   9.0541479E+02   2.8294212E+02   1.1883569E+03   3.2592742E-01   2.8091327E-05   2.4831897E-01
   9.5000000E-01   6.6007419E+02   1.8763530E+02   8.4770949E+02   3.4623610E-01   1.3045481E-06   2.6959914E-01
   1.0000000E+00   2.0749089E+02   1.0688925E+02   3.1438013E+02   3.5569889E-01   2.3439855E-05   2.3476923E-01
