   0.0000000E+00   4.7058934E+05   2.3020171E+05   7.0079105E+05   6.6206818E-03   4.6973015E-03   5.9454546E-03
   5.0000000E-02   2.1460453E+05   9.9694656E+04   3.1429918E+05   6.4003115E-03   2.9941812E-03   4.9047889E-03
   1.0000000E-01   1.1697888E+05   5.7072963E+04   1.7405185E+05   6.1234202E-03   6.3312746E-03   2.0468848E-03
   1.5000000E-01   7.9980664E+04   4.1719816E+04   1.2170048E+05   3.1617619E-03   9.4462290E-03   1.2340456E-03
   2.0000000E-01   6.2563808E+04   3.1528594E+04   9.4092402E+04   1.7390980E-03   4.9542449E-03   1.8857080E-03
   2.5000000E-01   5.1324286E+04   2.5541185E+04   7.6865471E+04   4.1849218E-03   4.2793778E-03   4.0767115E-03
   3.0000000E-01   4.2536811E+04   2.1740565E+04   6.4277376E+04   2.9469009E-03   5.4680690E-03   3.7097690E-03
   3.5000000E-01   3.5550667E+04   1.8789378E+04   5.4330950E+04   4.3466312E-03   3.0995723E-03   1.8055030E-03
   4.0000000E-01   3.1226200E+04   1.6010987E+04   4.7237187E+04   2.2342726E-03   1.9678701E-03   9.9770484E-04
   4.5000000E-01   2.7961755E+04   1.4543225E+04   4.2504980E+04   8.2724066E-04   6.5431949E-03   2.3796185E-03
   5.0000000E-01   2.4770875E+04   1.2388621E+04   3.7159496E+04   4.6830337E-04   2.8064257E-03   8.1115801E-04
   5.5000000E-01   2.1645072E+04   1.0602613E+04   3.2247685E+04   2.2171607E-03   9.4163297E-03   2.8177487E-03
   6.0000000E-01   1.9469955E+04   1.0116949E+04   2.9586904E+04   4.6495903E-03   9.7731658E-03   4.5531619E-03
   6.5000000E-01   1.7575603E+04   8.4866313E+03   2.6062234E+04   4.5675729E-04   9.6841053E-03   3.4362203E-03
   7.0000000E-01   1.5197023E+04   7.5575862E+03   2.2754610E+04   3.3864690E-03   1.7608598E-03   2.8391270E-03
   7.5000000E-01   1.3385992E+04   6.8372964E+03   2.0223288E+04   3.4528782E-03   7.4418244E-03   4.5863139E-03
   8.0000000E-01   1.1001585E+04   5.6977470E+03   1.6699332E+04   6.8632568E-03   1.9825292E-03   5.1972607E-03
   8.5000000E-01   9.8413927E+03   4.8720137E+03   1.4713406E+04   3.4163880E-03   6.1739306E-03   4.2889730E-03
   9.0000000E-01   7.8834748E+03   3.5862914E+03   1.1469766E+04   3.2966054E-03   8.4933722E-03   1.5720266E-03
   9.5000000E-01   5.2269834E+03   2.6134917E+03   7.8404751E+03   4.9830015E-03   4.4733347E-03   3.8751985E-03
   1.0000000E+00   3.0997881E+03   1.3769850E+03   4.4767731E+03   2.9592996E-03   1.9865717E-02   7.3568093E-03
