   0.0000000E+00   5.5716962E+06   6.6962214E+06   1.2243981E+07   2.3837340E-02   1.5062978E-07   1.0801045E-02
   5.0000000E-02   3.4243778E+05   1.4164790E+05   4.8395835E+05   1.5055207E-01   4.4262873E-06   1.0645435E-01
   1.0000000E-01   1.6774931E+05   6.5699161E+04   2.3341664E+05   1.3983278E-01   5.5197904E-06   1.0044890E-01
   1.5000000E-01   1.0599719E+05   4.0595121E+04   1.4644377E+05   1.3437981E-01   1.2065189E-06   9.7257664E-02
   2.0000000E-01   7.3481837E+04   2.7422397E+04   1.0071325E+05   1.3356929E-01   5.9168327E-06   9.7324781E-02
   2.5000000E-01   5.5882484E+04   2.0626481E+04   7.6470767E+04   1.2517761E-01   7.8508957E-06   9.1432176E-02
   3.0000000E-01   4.2600473E+04   1.6849203E+04   5.9364794E+04   1.2785304E-01   4.6821183E-06   9.1679912E-02
   3.5000000E-01   3.3704470E+04   1.2232194E+04   4.5909380E+04   1.1659375E-01   4.1710006E-06   8.5616249E-02
   4.0000000E-01   2.6085495E+04   9.5811276E+03   3.5642750E+04   1.1743797E-01   1.9870326E-05   8.5940891E-02
   4.5000000E-01   2.1942161E+04   7.9860414E+03   2.9906982E+04   1.2029057E-01   4.8813841E-05   8.8241774E-02
   5.0000000E-01   1.7277861E+04   6.0224230E+03   2.3300284E+04   1.1981718E-01   6.5837690E-06   8.8849691E-02
   5.5000000E-01   1.4682767E+04   5.0003589E+03   1.9665764E+04   1.2592477E-01   1.9947383E-06   9.4048008E-02
   6.0000000E-01   1.1772161E+04   4.0531459E+03   1.5825307E+04   1.0984657E-01   2.8462425E-06   8.1712438E-02
   6.5000000E-01   9.3827960E+03   3.3251140E+03   1.2707910E+04   1.3504496E-01   3.3247887E-06   9.9710262E-02
   7.0000000E-01   7.9941254E+03   2.8238634E+03   1.0817989E+04   1.2683362E-01   5.1174814E-06   9.3724553E-02
   7.5000000E-01   6.4213714E+03   2.1178218E+03   8.5391932E+03   1.2514903E-01   2.5523578E-05   9.4116167E-02
   8.0000000E-01   5.0491906E+03   1.7467255E+03   6.7879583E+03   1.4723790E-01   7.0717307E-06   1.0939918E-01
   8.5000000E-01   4.1417733E+03   1.2395361E+03   5.3775647E+03   1.4512434E-01   1.9782157E-06   1.1177369E-01
   9.0000000E-01   3.1052898E+03   9.7968709E+02   4.0849769E+03   1.6485616E-01   5.7295956E-06   1.2531927E-01
   9.5000000E-01   1.8730024E+03   5.8300969E+02   2.4560121E+03   1.7983987E-01   3.1124674E-06   1.3715005E-01
   1.0000000E+00   9.1798999E+02   2.8294212E+02   1.2009321E+03   2.0664662E-01   4.1118726E-06   1.5796116E-01
