   0.0000000E+00   5.3272343E+05   2.6330594E+05   7.9602936E+05   1.1028563E-02   9.8640224E-03   7.8085541E-03
   5.0000000E-02   2.1893354E+05   1.1000790E+05   3.2894144E+05   7.3496434E-03   3.0638013E-03   5.8745116E-03
   1.0000000E-01   1.1907973E+05   6.0256061E+04   1.7933579E+05   5.1775204E-03   8.6143060E-03   2.3086619E-03
   1.5000000E-01   8.2781791E+04   4.1868360E+04   1.2465015E+05   8.9944217E-04   9.8738350E-03   3.8621019E-03
   2.0000000E-01   6.2882118E+04   3.1958313E+04   9.4840431E+04   3.4056754E-03   5.1053794E-03   3.9608064E-03
   2.5000000E-01   5.3094089E+04   2.5681242E+04   7.8775331E+04   3.7849365E-03   9.8968538E-04   2.8629235E-03
   3.0000000E-01   4.2547421E+04   2.1560190E+04   6.4107611E+04   1.4433543E-03   2.9020333E-03   1.8226020E-03
   3.5000000E-01   3.6360084E+04   1.8525635E+04   5.4885719E+04   3.4225233E-03   2.3148801E-03   2.6603086E-03
   4.0000000E-01   3.2276622E+04   1.5509649E+04   4.7786272E+04   4.3057709E-03   6.6707112E-03   3.8984813E-03
   4.5000000E-01   2.8456904E+04   1.4019782E+04   4.2476686E+04   5.5958752E-03   5.8180817E-03   4.4444189E-03
   5.0000000E-01   2.4248847E+04   1.2299494E+04   3.6541975E+04   4.8612015E-04   4.5976102E-03   1.8192514E-03
   5.5000000E-01   2.1558260E+04   1.1326044E+04   3.2884305E+04   2.2837976E-03   1.1694663E-02   4.6470409E-03
   6.0000000E-01   1.9056152E+04   9.7349774E+03   2.8791129E+04   5.0632877E-03   5.5643984E-03   5.2219998E-03
   6.5000000E-01   1.7085895E+04   8.3984839E+03   2.5484379E+04   3.2514259E-03   9.6661112E-04   2.2250435E-03
   7.0000000E-01   1.5169740E+04   7.2983910E+03   2.2468131E+04   2.3019160E-03   3.5710882E-03   2.6950868E-03
   7.5000000E-01   1.2914893E+04   6.6590428E+03   1.9573936E+04   6.6662174E-04   7.5835886E-03   2.5548818E-03
   8.0000000E-01   1.0778769E+04   5.4510568E+03   1.6229825E+04   3.0511048E-03   7.4448720E-03   1.3049262E-03
   8.5000000E-01   9.3695451E+03   4.6211106E+03   1.3990656E+04   1.2588996E-03   7.0137566E-03   2.8442189E-03
   9.0000000E-01   7.5333340E+03   3.6004385E+03   1.1133772E+04   5.9465576E-03   2.9503403E-03   3.8607116E-03
   9.5000000E-01   5.1633214E+03   2.4526614E+03   7.6159829E+03   2.0375314E-03   1.6760818E-02   5.8153428E-03
   1.0000000E+00   2.8608592E+03   1.1757817E+03   4.0366409E+03   5.2371905E-03   8.1987618E-03   3.3231449E-03
