   0.0000000E+00   3.2841941E+07   1.6833755E+07   4.9336504E+07   9.7422073E-05   2.7707793E-09   6.3411763E-05
   5.0000000E-02   6.5571837E+03   1.4005635E+03   7.9577472E+03   1.9626353E-01   1.1943235E-02   1.6382316E-01
   1.0000000E-01   3.5014087E+03   1.2414086E+03   4.7428173E+03   1.7821209E-01   7.6601821E-02   1.5161611E-01
   1.5000000E-01   1.9523006E+03   4.8807516E+02   2.4403758E+03   1.9770535E-01   3.4422035E-02   1.6504835E-01
   2.0000000E-01   1.3528170E+03   3.0239439E+02   1.6552114E+03   2.3040934E-01   2.0986605E-02   1.9214942E-01
   2.5000000E-01   1.1713804E+03   3.4377468E+02   1.5151551E+03   2.3109530E-01   4.3990932E-02   1.8864305E-01
   3.0000000E-01   8.9126768E+02   3.1830989E+02   1.2095776E+03   1.9840793E-01   3.5595600E-02   1.5556148E-01
   3.5000000E-01   6.9118718E+02   1.9098593E+02   8.8217311E+02   2.2745429E-01   2.3778425E-02   1.8335951E-01
   4.0000000E-01   6.6049301E+02   1.5915494E+02   8.1964796E+02   2.2916720E-01   2.0198104E-06   1.8466832E-01
   4.5000000E-01   4.1733963E+02   1.7683883E+02   5.9417845E+02   2.2253634E-01   5.3896609E-02   1.7234590E-01
   5.0000000E-01   5.0929582E+02   1.3369015E+02   6.4298597E+02   2.4591325E-01   1.8765554E-02   1.9868393E-01
   5.5000000E-01   4.9193346E+02   6.9449430E+01   5.6138289E+02   2.8152734E-01   1.1684529E-05   2.4669777E-01
   6.0000000E-01   3.5544604E+02   9.5492966E+01   4.5093901E+02   2.8229720E-01   8.8317568E-03   2.2438586E-01
   6.5000000E-01   2.9382451E+02   7.8353203E+01   3.7217771E+02   2.6646033E-01   5.6246524E-02   2.2220479E-01
   7.0000000E-01   2.1826964E+02   9.0945682E+01   3.0921532E+02   3.1943077E-01   5.1389199E-02   2.4059501E-01
   7.5000000E-01   2.2069485E+02   4.6685450E+01   2.6738030E+02   3.4223551E-01   7.3539504E-02   2.9532034E-01
   8.0000000E-01   1.8302818E+02   3.5809862E+01   2.1883805E+02   3.1811669E-01   1.0574080E-05   2.6606296E-01
   8.5000000E-01   1.1983431E+02   4.4937866E+01   1.6477218E+02   3.5963115E-01   1.5425539E-01   3.0361887E-01
   9.0000000E-01   1.2732395E+02   2.4757436E+01   1.5208139E+02   3.6838249E-01   6.1168806E-02   3.1837096E-01
   9.5000000E-01   8.0415129E+01   1.0051891E+01   9.0467020E+01   4.0472344E-01   1.8577296E-05   3.5975210E-01
   1.0000000E+00   2.5150411E+01   1.8862808E+01   4.4013219E+01   4.2317116E-01   5.4715637E-07   2.4181232E-01
