   0.0000000E+00   1.1484111E+07   9.1056999E+06   2.0541938E+07   6.4349302E-03   2.6688842E-04   3.7056231E-03
   5.0000000E-02   1.9015833E+05   6.2006766E+04   2.5216509E+05   1.5480554E-01   1.7993618E-02   1.2113678E-01
   1.0000000E-01   9.6734374E+04   3.2117468E+04   1.2878818E+05   1.4975370E-01   2.2392320E-02   1.1793227E-01
   1.5000000E-01   6.2643386E+04   2.0202067E+04   8.2845453E+04   1.4883355E-01   2.0074045E-02   1.1742155E-01
   2.0000000E-01   4.6648314E+04   1.6217889E+04   6.2834372E+04   1.4724392E-01   2.2996718E-02   1.1512315E-01
   2.5000000E-01   3.8120792E+04   1.2477748E+04   5.0585807E+04   1.4293051E-01   2.6722937E-02   1.1426799E-01
   3.0000000E-01   3.0759345E+04   1.0684602E+04   4.1443947E+04   1.4285595E-01   2.8279702E-02   1.1331384E-01
   3.5000000E-01   2.4318875E+04   9.2309867E+03   3.3558957E+04   1.5169323E-01   3.3734056E-02   1.1919277E-01
   4.0000000E-01   2.1390424E+04   7.5439443E+03   2.8942326E+04   1.5770038E-01   3.1499248E-02   1.2459406E-01
   4.5000000E-01   1.8900534E+04   6.6845076E+03   2.5585041E+04   1.5407775E-01   3.4365199E-02   1.2278339E-01
   5.0000000E-01   1.6010987E+04   5.5704230E+03   2.1575044E+04   1.5841176E-01   2.6785266E-02   1.2448172E-01
   5.5000000E-01   1.3571576E+04   4.6357494E+03   1.8195751E+04   1.6089047E-01   3.2109920E-02   1.2810273E-01
   6.0000000E-01   1.2334508E+04   4.3714558E+03   1.6705964E+04   1.6883542E-01   4.4898935E-02   1.3621995E-01
   6.5000000E-01   1.0225093E+04   3.6091444E+03   1.3829340E+04   1.7662397E-01   3.6075692E-02   1.3997524E-01
   7.0000000E-01   8.7535219E+03   3.0876059E+03   1.1841128E+04   1.7565524E-01   4.6880961E-02   1.4207575E-01
   7.5000000E-01   7.6012401E+03   2.7841505E+03   1.0389635E+04   1.8416547E-01   6.6164711E-02   1.5246862E-01
   8.0000000E-01   6.2866203E+03   2.3634509E+03   8.6460923E+03   2.1063382E-01   6.1345055E-02   1.6994815E-01
   8.5000000E-01   5.3401164E+03   2.0371833E+03   7.3772997E+03   2.1052789E-01   6.2700562E-02   1.6970246E-01
   9.0000000E-01   4.1592492E+03   1.5208139E+03   5.6800631E+03   2.2810069E-01   5.0656531E-02   1.8033824E-01
   9.5000000E-01   2.8949446E+03   1.0219423E+03   3.9168869E+03   2.4939129E-01   6.7932005E-02   2.0201857E-01
   1.0000000E+00   1.2952462E+03   4.0869417E+02   1.7039403E+03   2.6051221E-01   9.1965939E-02   2.1984147E-01
