   0.0000000E+00   5.8365301E+05   2.9131721E+05   8.7497022E+05   2.4089728E-03   7.2044829E-03   1.4084965E-03
   5.0000000E-02   2.2867382E+05   1.1140846E+05   3.4008228E+05   1.7481707E-03   7.6812396E-04   1.1241398E-03
   1.0000000E-01   1.1971635E+05   5.8696343E+04   1.7841269E+05   3.3141549E-03   5.5251379E-03   3.6288969E-03
   1.5000000E-01   8.1720758E+04   4.1252961E+04   1.2297372E+05   1.8442698E-03   2.1133767E-03   1.9345436E-03
   2.0000000E-01   6.2850287E+04   3.2212960E+04   9.5063248E+04   4.2054823E-03   4.3331544E-03   3.7479194E-03
   2.5000000E-01   5.1349751E+04   2.5502988E+04   7.6852739E+04   5.1831602E-03   3.7498639E-03   4.4541662E-03
   3.0000000E-01   4.3544792E+04   2.0987232E+04   6.4532024E+04   1.6150835E-03   4.2154349E-04   1.0576671E-03
   3.5000000E-01   3.6487408E+04   1.8352839E+04   5.4840246E+04   2.4557503E-03   3.6251336E-03   1.8568078E-03
   4.0000000E-01   3.2244791E+04   1.5947325E+04   4.8192117E+04   4.1120531E-03   4.3919416E-03   3.4415428E-03
   4.5000000E-01   2.8074932E+04   1.3814649E+04   4.1889581E+04   5.7046112E-03   6.6739601E-03   4.8774361E-03
   5.0000000E-01   2.4675382E+04   1.1949353E+04   3.6624736E+04   4.3302373E-03   5.5739586E-03   2.0512579E-03
   5.5000000E-01   2.2108068E+04   1.0909348E+04   3.3017416E+04   5.1595460E-03   5.6664602E-03   1.9795860E-03
   6.0000000E-01   1.9692772E+04   9.4431933E+03   2.9135965E+04   5.2901181E-03   1.2244340E-03   3.9274789E-03
   6.5000000E-01   1.6699026E+04   8.5160137E+03   2.5215040E+04   7.1517269E-03   1.0130527E-02   4.4099713E-03
   7.0000000E-01   1.5078794E+04   7.4439041E+03   2.2518151E+04   3.0454490E-03   6.5078575E-03   4.1058835E-03
   7.5000000E-01   1.3373259E+04   6.4043949E+03   1.9777654E+04   2.6183643E-03   1.9351709E-03   1.5732699E-03
   8.0000000E-01   1.1136867E+04   5.7494723E+03   1.6886339E+04   4.8853481E-03   1.7888105E-03   3.4878342E-03
   8.5000000E-01   8.8040770E+03   4.8008620E+03   1.3604939E+04   4.7649669E-03   2.2892790E-03   3.6635590E-03
   9.0000000E-01   7.0063543E+03   3.6959315E+03   1.0702286E+04   2.8717129E-04   5.6485295E-03   1.9007774E-03
   9.5000000E-01   4.8349596E+03   2.5297259E+03   7.3646856E+03   4.4708375E-03   2.5733489E-03   2.2088681E-03
   1.0000000E+00   2.4584527E+03   1.2386577E+03   3.6971104E+03   1.5490493E-02   4.0754709E-03   1.0819894E-02
