   0.0000000E+00   1.6985016E+06   1.0410007E+06   2.7395022E+06   1.5299858E-03   4.2787177E-05   9.5033147E-04
   5.0000000E-02   4.9369863E+05   3.1671834E+05   8.1035331E+05   2.4065782E-03   1.9119376E-04   1.3924160E-03
   1.0000000E-01   2.1877438E+05   1.4257100E+05   3.6134538E+05   5.1570041E-03   4.6323891E-04   3.2059808E-03
   1.5000000E-01   1.2420452E+05   8.2887894E+04   2.0709241E+05   2.3165768E-03   1.0052044E-04   1.3663208E-03
   2.0000000E-01   8.2633246E+04   5.1582117E+04   1.3421536E+05   6.1191881E-03   3.7810434E-04   3.8912602E-03
   2.5000000E-01   5.6175329E+04   3.5778031E+04   9.1953360E+04   3.6392421E-03   5.2801915E-04   2.2196615E-03
   3.0000000E-01   4.2324605E+04   2.4626575E+04   6.6951179E+04   2.6964485E-03   8.6636262E-04   2.0232137E-03
   3.5000000E-01   3.1658192E+04   1.6852235E+04   4.8510427E+04   7.5638402E-03   1.3103123E-03   4.4810499E-03
   4.0000000E-01   2.6013875E+04   1.2732395E+04   3.8746271E+04   6.3498176E-03   9.1841734E-04   4.5646747E-03
   4.5000000E-01   2.0704290E+04   9.4361197E+03   3.0140409E+04   5.5211189E-03   9.2461348E-04   3.8912330E-03
   5.0000000E-01   1.7373354E+04   6.7863668E+03   2.4159720E+04   4.2485608E-03   3.0690893E-04   2.9895530E-03
   5.5000000E-01   1.4619105E+04   4.9366970E+03   1.9555802E+04   7.1507403E-03   8.1265361E-04   5.3470899E-03
   6.0000000E-01   1.2504273E+04   3.8621600E+03   1.6366433E+04   6.1734432E-03   1.3230464E-03   4.8300425E-03
   6.5000000E-01   1.1400391E+04   2.9088627E+03   1.4309254E+04   4.5311351E-03   3.7188593E-03   3.1740495E-03
   7.0000000E-01   9.3264797E+03   2.3327567E+03   1.1659236E+04   5.4739483E-03   1.8827727E-04   4.3615899E-03
   7.5000000E-01   8.1784420E+03   1.6085260E+03   9.7869680E+03   1.1093595E-03   1.8171129E-03   1.2014858E-03
   8.0000000E-01   6.9948597E+03   1.1817255E+03   8.1765852E+03   2.7584056E-03   8.9918128E-04   2.4582897E-03
   8.5000000E-01   5.5610610E+03   8.3884017E+02   6.3999011E+03   5.7457228E-03   4.5384058E-03   5.4513004E-03
   9.0000000E-01   4.3714558E+03   5.4820036E+02   4.9196561E+03   4.8810502E-03   4.0716336E-03   4.4383930E-03
   9.5000000E-01   2.7039587E+03   3.3506304E+02   3.0390218E+03   5.7385231E-03   6.4224398E-03   4.7676771E-03
   1.0000000E+00   1.2009321E+03   1.5719007E+02   1.3581222E+03   8.9745885E-03   1.0094914E-05   7.9349421E-03
