   0.0000000E+00   8.3830092E+05   4.0539947E+05   1.2437004E+06   2.2720020E-03   2.3133940E-04   1.4960743E-03
   5.0000000E-02   2.7202763E+05   1.3700058E+05   4.0902820E+05   4.8800863E-03   1.5911065E-04   3.2252082E-03
   1.0000000E-01   1.4505382E+05   7.0028175E+04   2.1508199E+05   3.2785312E-03   8.0300031E-04   2.4654299E-03
   1.5000000E-01   9.3477003E+04   4.7873807E+04   1.4135081E+05   2.9147769E-03   1.0679740E-03   2.2551610E-03
   2.0000000E-01   6.8261555E+04   3.3884087E+04   1.0214564E+05   5.5423310E-03   5.0867808E-04   3.7985660E-03
   2.5000000E-01   5.6391779E+04   2.7081805E+04   8.3473585E+04   7.5078152E-03   1.1394520E-03   4.8546525E-03
   3.0000000E-01   4.4192023E+04   2.1284321E+04   6.5476344E+04   6.0300579E-03   5.1886342E-04   3.9100725E-03
   3.5000000E-01   3.6833001E+04   1.8416501E+04   5.5249502E+04   1.4437758E-03   4.9899594E-04   1.0592147E-03
   4.0000000E-01   3.0836270E+04   1.6106480E+04   4.6942750E+04   4.9591235E-03   3.0619180E-04   3.3610115E-03
   4.5000000E-01   2.6172146E+04   1.3298280E+04   3.9470426E+04   1.8820500E-03   6.1919252E-04   1.1305008E-03
   5.0000000E-01   2.3376678E+04   1.2229466E+04   3.5606144E+04   2.7682994E-03   7.5347404E-04   1.6538168E-03
   5.5000000E-01   2.0134547E+04   1.0301665E+04   3.0436213E+04   4.6557645E-03   5.7983481E-04   3.0383762E-03
   6.0000000E-01   1.7629063E+04   9.1673247E+03   2.6796387E+04   6.3124126E-03   7.9733968E-04   4.3824039E-03
   6.5000000E-01   1.5445375E+04   7.6492314E+03   2.3094607E+04   6.1850120E-03   2.8537186E-04   4.2307661E-03
   7.0000000E-01   1.3173482E+04   6.5344472E+03   1.9707929E+04   2.9492811E-03   5.9645985E-04   2.0438053E-03
   7.5000000E-01   1.1628921E+04   5.7805075E+03   1.7409429E+04   3.1989728E-03   4.5991214E-04   2.0790704E-03
   8.0000000E-01   9.7363036E+03   4.8860568E+03   1.4622360E+04   5.4624848E-03   2.6292726E-04   3.5537741E-03
   8.5000000E-01   7.6806303E+03   4.1604975E+03   1.1841128E+04   5.5378990E-03   1.3673256E-03   4.0640812E-03
   9.0000000E-01   6.2848519E+03   3.1548046E+03   9.4396565E+03   8.4611882E-03   4.6074884E-04   5.6976776E-03
   9.5000000E-01   4.3055600E+03   2.1209490E+03   6.4265091E+03   5.5713512E-03   2.6736346E-04   3.7640766E-03
   1.0000000E+00   1.9365816E+03   1.3015338E+03   3.2381154E+03   1.7307089E-02   5.1185432E-06   1.0351055E-02
