   0.0000000E+00   4.6855215E+05   3.5039552E+05   8.1894768E+05   1.1534971E-01   3.2006967E-06   6.5995361E-02
   5.0000000E-02   1.9162255E+05   9.7721135E+04   2.8934369E+05   1.0092847E-01   2.0729757E-06   6.6841098E-02
   1.0000000E-01   1.0383268E+05   5.7136625E+04   1.6096931E+05   6.8000373E-02   7.2699346E-06   4.3863844E-02
   1.5000000E-01   7.6988551E+04   3.9427985E+04   1.1641654E+05   5.7421973E-02   1.3540397E-05   3.7971473E-02
   2.0000000E-01   5.9141977E+04   2.9475495E+04   8.8601557E+04   4.8694685E-02   1.7676327E-05   3.2509721E-02
   2.5000000E-01   5.0802258E+04   2.5299270E+04   7.6076063E+04   4.1693125E-02   3.2427670E-06   2.7861948E-02
   3.0000000E-01   4.2589863E+04   2.1156997E+04   6.3725639E+04   3.4482496E-02   9.3107787E-05   2.3030363E-02
   3.5000000E-01   3.6651110E+04   1.9189539E+04   5.5831554E+04   2.9720540E-02   7.9645952E-05   1.9465458E-02
   4.0000000E-01   3.2141341E+04   1.5613100E+04   4.7754441E+04   3.6520588E-02   3.4342365E-06   2.4579820E-02
   4.5000000E-01   2.7091708E+04   1.3418530E+04   4.0503165E+04   3.4888418E-02   7.4533426E-06   2.3336317E-02
   5.0000000E-01   2.5273805E+04   1.1892057E+04   3.7153130E+04   3.3921418E-02   8.1877704E-06   2.3089678E-02
   5.5000000E-01   2.1627710E+04   1.1025097E+04   3.2635445E+04   2.5666514E-02   7.0093982E-06   1.7071921E-02
   6.0000000E-01   1.9825401E+04   1.0037372E+04   2.9852162E+04   4.2840344E-02   7.8054475E-05   2.8442577E-02
   6.5000000E-01   1.8413003E+04   8.6776172E+03   2.7075929E+04   4.0806424E-02   5.3528233E-06   2.7789272E-02
   7.0000000E-01   1.5574448E+04   7.5030187E+03   2.3072919E+04   3.3976439E-02   2.9514017E-06   2.2894151E-02
   7.5000000E-01   1.3661860E+04   6.4086390E+03   2.0062011E+04   4.6732442E-02   4.4214755E-05   3.1754267E-02
   8.0000000E-01   1.1769508E+04   5.4192258E+03   1.7176797E+04   3.9685758E-02   6.9609801E-05   2.7236059E-02
   8.5000000E-01   1.0238344E+04   4.8682688E+03   1.5106613E+04   5.5316122E-02   1.1575124E-05   3.7486531E-02
   9.0000000E-01   8.1982480E+03   4.1380285E+03   1.2336276E+04   6.4265946E-02   1.2748781E-05   4.2708816E-02
   9.5000000E-01   6.1584586E+03   2.8413346E+03   8.9997932E+03   7.8633180E-02   2.9889412E-04   5.3901260E-02
   1.0000000E+00   3.7474112E+03   1.7165155E+03   5.4576391E+03   9.2331832E-02   6.6084385E-06   6.3168950E-02
