   0.0000000E+00   2.9997524E+05   1.8334649E+05   4.8332173E+05   4.2949378E-02   1.0332343E-02   2.3083743E-02
   5.0000000E-02   1.5743607E+05   8.2824232E+04   2.4026030E+05   1.6133089E-02   6.3555806E-03   1.2640811E-02
   1.0000000E-01   1.0020395E+05   5.3253244E+04   1.5345720E+05   3.6024021E-03   4.3665979E-03   3.8663070E-03
   1.5000000E-01   7.2129020E+04   3.7475684E+04   1.0958348E+05   5.3445597E-03   4.5016396E-03   4.9586319E-03
   2.0000000E-01   5.9046484E+04   2.9157186E+04   8.8203669E+04   7.1735721E-03   1.0568640E-03   5.0688833E-03
   2.5000000E-01   4.9185244E+04   2.5846763E+04   7.5019274E+04   4.7741683E-03   6.8269213E-04   3.1377154E-03
   3.0000000E-01   4.1942633E+04   2.1305542E+04   6.3248174E+04   5.6121701E-03   8.6673020E-03   6.3064736E-03
   3.5000000E-01   3.5950828E+04   1.8261893E+04   5.4221815E+04   2.0439846E-03   6.1314735E-03   1.5965377E-03
   4.0000000E-01   3.2316411E+04   1.5899579E+04   4.8200075E+04   2.5671990E-03   4.2385772E-03   3.6150758E-04
   4.5000000E-01   2.8117373E+04   1.4168327E+04   4.2278626E+04   1.2638331E-03   4.9729468E-03   2.5039933E-03
   5.0000000E-01   2.5477523E+04   1.2535043E+04   3.8012567E+04   1.1920558E-03   1.4774963E-03   5.3301684E-04
   5.5000000E-01   2.2987761E+04   1.1204508E+04   3.4192269E+04   2.0740902E-03   3.0196990E-03   7.0553158E-04
   6.0000000E-01   2.0276340E+04   9.3105642E+03   2.9586904E+04   4.7505724E-03   5.8521598E-03   3.6272873E-03
   6.5000000E-01   1.8241605E+04   9.3583107E+03   2.7599916E+04   6.6204861E-03   1.6602444E-03   4.9200837E-03
   7.0000000E-01   1.6006440E+04   7.8531596E+03   2.3855052E+04   1.3307287E-03   7.2207143E-03   2.5250527E-03
   7.5000000E-01   1.3941973E+04   7.1471180E+03   2.1089091E+04   5.1046010E-03   3.9468010E-03   2.7933341E-03
   8.0000000E-01   1.2525494E+04   6.1990850E+03   1.8720600E+04   7.9764074E-03   8.1609579E-03   7.7716579E-03
   8.5000000E-01   1.0507971E+04   5.1678546E+03   1.5679571E+04   6.6063856E-03   6.4261599E-03   6.2689816E-03
   9.0000000E-01   8.6049773E+03   4.1663227E+03   1.2771300E+04   5.3144750E-03   2.5475272E-03   4.0310629E-03
   9.5000000E-01   6.6040925E+03   3.3238253E+03   9.9279178E+03   8.6902718E-03   9.3648273E-03   7.0986922E-03
   1.0000000E+00   4.3950343E+03   2.0811965E+03   6.4762308E+03   2.0249729E-02   1.4035743E-02   1.7825493E-02
