   0.0000000E+00   1.0644283E+06   4.3952229E+05   1.5029320E+06   6.0601669E-02   3.6279211E-05   4.2784623E-02
   5.0000000E-02   3.8649186E+05   1.7507044E+05   5.6143498E+05   3.2826982E-02   5.9927484E-05   2.2632893E-02
   1.0000000E-01   1.9566509E+05   9.0240853E+04   2.8584228E+05   1.2921584E-02   5.6116471E-05   8.8351247E-03
   1.5000000E-01   1.2348302E+05   5.7974841E+04   1.8141541E+05   1.0255964E-02   1.5489374E-05   6.9674505E-03
   2.0000000E-01   8.4813669E+04   4.1491694E+04   1.2625762E+05   3.5842845E-03   3.9630354E-05   2.4299155E-03
   2.5000000E-01   6.5979273E+04   3.0837862E+04   9.6728008E+04   6.5525737E-03   4.3664490E-05   4.4694106E-03
   3.0000000E-01   4.9030333E+04   2.5008547E+04   7.4028269E+04   8.7129926E-03   4.8617933E-05   5.7621647E-03
   3.5000000E-01   3.8870184E+04   1.9416903E+04   5.8268898E+04   7.4777786E-03   6.0780673E-05   4.9960076E-03
   4.0000000E-01   3.1472890E+04   1.5859790E+04   4.7316765E+04   6.7340974E-03   4.2710102E-05   4.4536241E-03
   4.5000000E-01   2.5075745E+04   1.3489266E+04   3.8565011E+04   6.7515089E-03   7.1069675E-05   4.4146582E-03
   5.0000000E-01   2.0753805E+04   1.0835269E+04   3.1582707E+04   8.8148606E-03   5.7250758E-05   5.7833455E-03
   5.5000000E-01   1.6667863E+04   9.1673247E+03   2.5835188E+04   9.0554006E-03   5.3564508E-05   5.8309936E-03
   6.0000000E-01   1.3804039E+04   7.5174185E+03   2.1316152E+04   4.3903886E-03   5.9361115E-06   2.8446878E-03
   6.5000000E-01   1.1135949E+04   6.1017557E+03   1.7232808E+04   1.2018043E-02   1.3243997E-04   7.8128317E-03
   7.0000000E-01   9.1764193E+03   5.2521131E+03   1.4428532E+04   1.3724448E-03   1.2692145E-04   9.1019314E-04
   7.5000000E-01   7.4781603E+03   4.1168079E+03   1.1594968E+04   1.5559271E-02   2.0251729E-05   1.0042072E-02
   8.0000000E-01   5.9046484E+03   3.4934510E+03   9.3980994E+03   8.6923120E-03   1.2247830E-04   5.4567138E-03
   8.5000000E-01   4.5611934E+03   2.7299754E+03   7.2911688E+03   1.6178319E-02   1.1001095E-05   1.0118575E-02
   9.0000000E-01   3.4518939E+03   2.2918312E+03   5.7437251E+03   1.1539031E-02   3.7024078E-06   6.9353152E-03
   9.5000000E-01   2.3789476E+03   1.6083026E+03   3.9872502E+03   2.3272248E-02   1.4518735E-04   1.3918104E-02
   1.0000000E+00   1.4084230E+03   6.7906109E+02   2.0874841E+03   5.2718237E-02   2.3324375E-05   3.5574730E-02
