   0.0000000E+00   4.1827065E+06   2.0004248E+06   6.1831313E+06   1.4739464E-03   7.2255653E-03   3.1174887E-03
   1.4492754E-02   4.1516393E+06   2.0663479E+06   6.2179872E+06   4.8988013E-03   4.5483795E-03   2.8757124E-03
   2.8985507E-02   4.1012498E+06   1.9973939E+06   6.0986437E+06   1.1159898E-03   1.3601924E-03   3.6153087E-04
   4.3478261E-02   3.5664140E+06   1.7602223E+06   5.3266363E+06   2.8438366E-03   2.1040966E-03   1.9236530E-03
   5.7971014E-02   2.5202322E+06   1.2629576E+06   3.7831898E+06   1.1097734E-03   1.5352055E-03   1.2196382E-03
   7.2463768E-02   1.4860732E+06   7.5622121E+05   2.2422944E+06   2.1613985E-03   2.6094998E-03   1.1164271E-03
   8.6956522E-02   8.5308522E+05   4.2786865E+05   1.2809539E+06   1.1417569E-03   3.0072678E-04   6.7067359E-04
   1.0144928E-01   4.5301829E+05   2.2180035E+05   6.7481864E+05   5.1466310E-03   1.4326958E-03   3.8194631E-03
   1.1594203E-01   1.3771864E+05   7.3879327E+04   2.1159797E+05   3.1447914E-02   7.9300416E-03   2.3170538E-02
   1.3043478E-01   4.0412623E+03   1.9364382E+03   5.9777005E+03   1.3552294E-01   5.1066876E-02   1.0722554E-01
   1.4492754E-01   1.4396997E+03   3.7886834E+02   1.8185680E+03   1.6341033E-01   6.0067230E-02   1.3035346E-01
   1.5942029E-01   1.0332773E+03   7.5773668E+02   1.7910140E+03   2.0160340E-01   4.3511256E-02   1.1400706E-01
   1.7391304E-01   1.2628945E+03   3.1572362E+02   1.5786181E+03   2.5349636E-01   1.1634545E-01   2.2596681E-01
   1.8840580E-01   6.9944925E+02   4.0801206E+02   1.1074613E+03   2.2509395E-01   7.4805932E-02   1.6957708E-01
   2.0289855E-01   3.7886834E+02   1.0824810E+02   4.8711644E+02   1.9931230E-01   2.2908071E-06   1.5502097E-01
   2.1739130E-01   3.5361045E+02   1.5154734E+02   5.0515779E+02   2.0863691E-01   1.5407786E-01   1.9193146E-01
   2.3188406E-01   2.3679271E+02   1.8943417E+02   4.2622688E+02   1.5900300E-01   7.4928098E-02   1.2090207E-01
   2.4637681E-01   4.4572746E+01   0.0000000E+00   4.4572746E+01   3.5135115E-01   0.0000000E+00   3.5135115E-01
   2.6086957E-01   4.2096482E+01   1.2628945E+02   1.6838593E+02   3.1496745E-01   2.6984064E-06   7.8742638E-02
   2.7536232E-01   3.9880878E+01   3.9880878E+01   7.9761756E+01   4.4104036E-01   5.9230765E-07   2.2052045E-01
   2.8985507E-01   0.0000000E+00   0.0000000E+00   0.0000000E+00   0.0000000E+00   0.0000000E+00   0.0000000E+00
   3.0434783E-01   0.0000000E+00   0.0000000E+00   0.0000000E+00   0.0000000E+00   0.0000000E+00   0.0000000E+00
   3.1884058E-01   0.0000000E+00   3.4442577E+01   3.4442577E+01   0.0000000E+00   4.5557047E-07   4.5557047E-07
   3.3333333E-01   9.8835220E+01   0.0000000E+00   9.8835220E+01   2.8977727E-01   0.0000000E+00   2.8977727E-01
   3.4782609E-01   0.0000000E+00   0.0000000E+00   0.0000000E+00   0.0000000E+00   0.0000000E+00   0.0000000E+00
   3.6231884E-01   6.0618935E+01   0.0000000E+00   6.0618935E+01   1.6976139E-01   0.0000000E+00   1.6976139E-01
   3.7681159E-01   2.9143719E+01   0.0000000E+00   2.9143719E+01   4.0175203E-01   0.0000000E+00   4.0175203E-01
   3.9130435E-01   0.0000000E+00   0.0000000E+00   0.0000000E+00   0.0000000E+00   0.0000000E+00   0.0000000E+00
   4.0579710E-01   0.0000000E+00   2.7062024E+01   2.7062024E+01   0.0000000E+00   9.1004848E-06   9.1004848E-06
   4.2028986E-01   0.0000000E+00   0.0000000E+00   0.0000000E+00   0.0000000E+00   0.0000000E+00   0.0000000E+00
   4.3478261E-01   0.0000000E+00   0.0000000E+00   0.0000000E+00   0.0000000E+00   0.0000000E+00   0.0000000E+00
   4.4927536E-01   0.0000000E+00   2.4443119E+01   2.4443119E+01   0.0000000E+00   4.5841378E-06   4.5841378E-06
   4.6376812E-01   0.0000000E+00   0.0000000E+00   0.0000000E+00   0.0000000E+00   0.0000000E+00   0.0000000E+00
   4.7826087E-01   0.0000000E+00   0.0000000E+00   0.0000000E+00   0.0000000E+00   0.0000000E+00   0.0000000E+00
   4.9275362E-01   0.0000000E+00   0.0000000E+00   0.0000000E+00   0.0000000E+00   0.0000000E+00   0.0000000E+00
   5.0724638E-01   0.0000000E+00   0.0000000E+00   0.0000000E+00   0.0000000E+00   0.0000000E+00   0.0000000E+00
   5.2173913E-01   0.0000000E+00   0.0000000E+00   0.0000000E+00   0.0000000E+00   0.0000000E+00   0.0000000E+00
   5.3623188E-01   0.0000000E+00   0.0000000E+00   0.0000000E+00   0.0000000E+00   0.0000000E+00   0.0000000E+00
   5.5072464E-01   0.0000000E+00   0.0000000E+00   0.0000000E+00   0.0000000E+00   0.0000000E+00   0.0000000E+00
   5.6521739E-01   0.0000000E+00   0.0000000E+00   0.0000000E+00   0.0000000E+00   0.0000000E+00   0.0000000E+00
   5.7971014E-01   0.0000000E+00   0.0000000E+00   0.0000000E+00   0.0000000E+00   0.0000000E+00   0.0000000E+00
   5.9420290E-01   0.0000000E+00   0.0000000E+00   0.0000000E+00   0.0000000E+00   0.0000000E+00   0.0000000E+00
   6.0869565E-01   0.0000000E+00   0.0000000E+00   0.0000000E+00   0.0000000E+00   0.0000000E+00   0.0000000E+00
   6.2318841E-01   0.0000000E+00   0.0000000E+00   0.0000000E+00   0.0000000E+00   0.0000000E+00   0.0000000E+00
   6.3768116E-01   0.0000000E+00   0.0000000E+00   0.0000000E+00   0.0000000E+00   0.0000000E+00   0.0000000E+00
   6.5217391E-01   0.0000000E+00   0.0000000E+00   0.0000000E+00   0.0000000E+00   0.0000000E+00   0.0000000E+00
   6.6666667E-01   0.0000000E+00   1.6472537E+01   1.6472537E+01   0.0000000E+00   1.4418753E-05   1.4418753E-05
   6.8115942E-01   0.0000000E+00   0.0000000E+00   0.0000000E+00   0.0000000E+00   0.0000000E+00   0.0000000E+00
   6.9565217E-01   0.0000000E+00   0.0000000E+00   0.0000000E+00   0.0000000E+00   0.0000000E+00   0.0000000E+00
   7.1014493E-01   0.0000000E+00   0.0000000E+00   0.0000000E+00   0.0000000E+00   0.0000000E+00   0.0000000E+00
   7.2463768E-01   0.0000000E+00   0.0000000E+00   0.0000000E+00   0.0000000E+00   0.0000000E+00   0.0000000E+00
   7.3913043E-01   0.0000000E+00   0.0000000E+00   0.0000000E+00   0.0000000E+00   0.0000000E+00   0.0000000E+00
   7.5362319E-01   0.0000000E+00   0.0000000E+00   0.0000000E+00   0.0000000E+00   0.0000000E+00   0.0000000E+00
   7.6811594E-01   0.0000000E+00   0.0000000E+00   0.0000000E+00   0.0000000E+00   0.0000000E+00   0.0000000E+00
   7.8260870E-01   0.0000000E+00   0.0000000E+00   0.0000000E+00   0.0000000E+00   0.0000000E+00   0.0000000E+00
   7.9710145E-01   0.0000000E+00   0.0000000E+00   0.0000000E+00   0.0000000E+00   0.0000000E+00   0.0000000E+00
   8.1159420E-01   0.0000000E+00   0.0000000E+00   0.0000000E+00   0.0000000E+00   0.0000000E+00   0.0000000E+00
   8.2608696E-01   0.0000000E+00   0.0000000E+00   0.0000000E+00   0.0000000E+00   0.0000000E+00   0.0000000E+00
   8.4057971E-01   0.0000000E+00   0.0000000E+00   0.0000000E+00   0.0000000E+00   0.0000000E+00   0.0000000E+00
   8.5507246E-01   0.0000000E+00   0.0000000E+00   0.0000000E+00   0.0000000E+00   0.0000000E+00   0.0000000E+00
   8.6956522E-01   0.0000000E+00   0.0000000E+00   0.0000000E+00   0.0000000E+00   0.0000000E+00   0.0000000E+00
   8.8405797E-01   0.0000000E+00   0.0000000E+00   0.0000000E+00   0.0000000E+00   0.0000000E+00   0.0000000E+00
   8.9855072E-01   0.0000000E+00   0.0000000E+00   0.0000000E+00   0.0000000E+00   0.0000000E+00   0.0000000E+00
   9.1304348E-01   0.0000000E+00   0.0000000E+00   0.0000000E+00   0.0000000E+00   0.0000000E+00   0.0000000E+00
   9.2753623E-01   0.0000000E+00   0.0000000E+00   0.0000000E+00   0.0000000E+00   0.0000000E+00   0.0000000E+00
   9.4202899E-01   0.0000000E+00   0.0000000E+00   0.0000000E+00   0.0000000E+00   0.0000000E+00   0.0000000E+00
   9.5652174E-01   0.0000000E+00   0.0000000E+00   0.0000000E+00   0.0000000E+00   0.0000000E+00   0.0000000E+00
   9.7101449E-01   0.0000000E+00   0.0000000E+00   0.0000000E+00   0.0000000E+00   0.0000000E+00   0.0000000E+00
   9.8550725E-01   0.0000000E+00   0.0000000E+00   0.0000000E+00   0.0000000E+00   0.0000000E+00   0.0000000E+00
   1.0000000E+00   0.0000000E+00   0.0000000E+00   0.0000000E+00   0.0000000E+00   0.0000000E+00   0.0000000E+00
