   0.0000000E+00   7.3894481E+06   3.7886834E+06   1.1178132E+07   4.0959559E-03   9.3793359E-05   2.7311070E-03
   1.4492754E-02   8.6821469E+06   4.2933361E+06   1.2975483E+07   1.6883230E-04   8.6025925E-05   1.1726191E-04
   2.8985507E-02   7.2784397E+06   3.6913143E+06   1.0969754E+07   5.5104787E-04   1.0161746E-04   3.5266251E-04
   4.3478261E-02   4.1741188E+06   2.1251988E+06   6.2993176E+06   1.3312528E-03   4.8122726E-04   7.2683290E-04
   5.7971014E-02   2.5026148E+06   1.2366263E+06   3.7392411E+06   1.3839116E-03   4.7157822E-04   8.8586838E-04
   7.2463768E-02   4.5100487E+05   2.1898590E+05   6.6999078E+05   5.0844840E-03   1.6570946E-03   3.3702126E-03
   8.6956522E-02   1.3310908E+05   6.3271013E+04   1.9638009E+05   1.0768258E-02   1.1981725E-03   7.6605893E-03
   1.0144928E-01   6.9170534E+04   3.4422895E+04   1.0359343E+05   7.1454405E-03   1.1504228E-03   5.0588688E-03
   1.1594203E-01   2.4910593E+04   1.1366050E+04   3.6276644E+04   1.9220823E-02   3.3539185E-03   1.3837841E-02
   1.3043478E-01   8.4192965E+02   5.8935075E+02   1.4312804E+03   2.0765222E-01   9.5267846E-06   1.2215142E-01
   1.4492754E-01   4.5464201E+02   3.0309467E+02   7.5773668E+02   1.0776721E-01   5.9569060E-02   6.8812008E-02
   1.5942029E-01   4.8219607E+02   2.7554061E+02   7.5773668E+02   1.3021684E-01   2.0862543E-05   8.2872607E-02
   1.7391304E-01   2.5257889E+02   1.2628945E+02   3.7886834E+02   2.3243683E-01   2.4820993E-06   1.5495760E-01
   1.8840580E-01   4.0801206E+02   2.3314975E+02   6.4116181E+02   1.7137115E-01   4.5096165E-06   1.0905548E-01
   2.0289855E-01   2.1649620E+02   5.4124049E+01   2.7062024E+02   1.3388279E-01   2.7285966E-06   1.0710570E-01
   2.1739130E-01   1.0103156E+02   0.0000000E+00   1.0103156E+02   5.4984366E-02   0.0000000E+00   5.4984366E-02
   2.3188406E-01   9.4717086E+01   0.0000000E+00   9.4717086E+01   9.8451250E-02   0.0000000E+00   9.8451250E-02
   2.4637681E-01   4.4572746E+01   4.4572746E+01   8.9145492E+01   3.4254384E-01   5.5550899E-05   1.7129790E-01
   2.6086957E-01   4.2096482E+01   8.4192965E+01   1.2628945E+02   1.2711555E-01   9.8733219E-07   4.2371702E-02
   2.7536232E-01   3.9880878E+01   0.0000000E+00   3.9880878E+01   4.8934514E-01   0.0000000E+00   4.8934514E-01
   2.8985507E-01   3.7886834E+01   0.0000000E+00   3.7886834E+01   3.0809297E-01   0.0000000E+00   3.0809297E-01
   3.0434783E-01   7.2165398E+01   0.0000000E+00   7.2165398E+01   1.8203240E-01   0.0000000E+00   1.8203240E-01
   3.1884058E-01   3.4442577E+01   0.0000000E+00   3.4442577E+01   2.4336797E-01   0.0000000E+00   2.4336797E-01
   3.3333333E-01   0.0000000E+00   3.2945073E+01   3.2945073E+01   0.0000000E+00   2.4289536E-01   2.4289536E-01
   3.4782609E-01   0.0000000E+00   0.0000000E+00   0.0000000E+00   0.0000000E+00   0.0000000E+00   0.0000000E+00
   3.6231884E-01   3.0309467E+01   0.0000000E+00   3.0309467E+01   3.0123968E-01   0.0000000E+00   3.0123968E-01
   3.7681159E-01   0.0000000E+00   2.9143719E+01   2.9143719E+01   0.0000000E+00   1.2162595E-06   1.2162595E-06
   3.9130435E-01   2.8064322E+01   0.0000000E+00   2.8064322E+01   3.5881963E-01   0.0000000E+00   3.5881963E-01
   4.0579710E-01   0.0000000E+00   0.0000000E+00   0.0000000E+00   0.0000000E+00   0.0000000E+00   0.0000000E+00
   4.2028986E-01   0.0000000E+00   0.0000000E+00   0.0000000E+00   0.0000000E+00   0.0000000E+00   0.0000000E+00
   4.3478261E-01   2.5257889E+01   2.5257889E+01   5.0515779E+01   4.4663161E-01   1.2074324E-05   2.2331180E-01
   4.4927536E-01   0.0000000E+00   0.0000000E+00   0.0000000E+00   0.0000000E+00   0.0000000E+00   0.0000000E+00
   4.6376812E-01   0.0000000E+00   0.0000000E+00   0.0000000E+00   0.0000000E+00   0.0000000E+00   0.0000000E+00
   4.7826087E-01   0.0000000E+00   0.0000000E+00   0.0000000E+00   0.0000000E+00   0.0000000E+00   0.0000000E+00
   4.9275362E-01   2.2286373E+01   0.0000000E+00   2.2286373E+01   3.5004842E-01   0.0000000E+00   3.5004842E-01
   5.0724638E-01   0.0000000E+00   0.0000000E+00   0.0000000E+00   0.0000000E+00   0.0000000E+00   0.0000000E+00
   5.2173913E-01   0.0000000E+00   2.1048241E+01   2.1048241E+01   0.0000000E+00   2.0242396E-05   2.0242396E-05
   5.3623188E-01   0.0000000E+00   0.0000000E+00   0.0000000E+00   0.0000000E+00   0.0000000E+00   0.0000000E+00
   5.5072464E-01   0.0000000E+00   0.0000000E+00   0.0000000E+00   0.0000000E+00   0.0000000E+00   0.0000000E+00
   5.6521739E-01   0.0000000E+00   0.0000000E+00   0.0000000E+00   0.0000000E+00   0.0000000E+00   0.0000000E+00
   5.7971014E-01   0.0000000E+00   0.0000000E+00   0.0000000E+00   0.0000000E+00   0.0000000E+00   0.0000000E+00
   5.9420290E-01   0.0000000E+00   0.0000000E+00   0.0000000E+00   0.0000000E+00   0.0000000E+00   0.0000000E+00
   6.0869565E-01   0.0000000E+00   0.0000000E+00   0.0000000E+00   0.0000000E+00   0.0000000E+00   0.0000000E+00
   6.2318841E-01   0.0000000E+00   0.0000000E+00   0.0000000E+00   0.0000000E+00   0.0000000E+00   0.0000000E+00
   6.3768116E-01   0.0000000E+00   0.0000000E+00   0.0000000E+00   0.0000000E+00   0.0000000E+00   0.0000000E+00
   6.5217391E-01   0.0000000E+00   0.0000000E+00   0.0000000E+00   0.0000000E+00   0.0000000E+00   0.0000000E+00
   6.6666667E-01   0.0000000E+00   0.0000000E+00   0.0000000E+00   0.0000000E+00   0.0000000E+00   0.0000000E+00
   6.8115942E-01   0.0000000E+00   0.0000000E+00   0.0000000E+00   0.0000000E+00   0.0000000E+00   0.0000000E+00
   6.9565217E-01   0.0000000E+00   0.0000000E+00   0.0000000E+00   0.0000000E+00   0.0000000E+00   0.0000000E+00
   7.1014493E-01   0.0000000E+00   0.0000000E+00   0.0000000E+00   0.0000000E+00   0.0000000E+00   0.0000000E+00
   7.2463768E-01   1.5154734E+01   0.0000000E+00   1.5154734E+01   3.8225277E-01   0.0000000E+00   3.8225277E-01
   7.3913043E-01   0.0000000E+00   0.0000000E+00   0.0000000E+00   0.0000000E+00   0.0000000E+00   0.0000000E+00
   7.5362319E-01   0.0000000E+00   0.0000000E+00   0.0000000E+00   0.0000000E+00   0.0000000E+00   0.0000000E+00
   7.6811594E-01   0.0000000E+00   0.0000000E+00   0.0000000E+00   0.0000000E+00   0.0000000E+00   0.0000000E+00
   7.8260870E-01   0.0000000E+00   0.0000000E+00   0.0000000E+00   0.0000000E+00   0.0000000E+00   0.0000000E+00
   7.9710145E-01   0.0000000E+00   0.0000000E+00   0.0000000E+00   0.0000000E+00   0.0000000E+00   0.0000000E+00
   8.1159420E-01   0.0000000E+00   0.0000000E+00   0.0000000E+00   0.0000000E+00   0.0000000E+00   0.0000000E+00
   8.2608696E-01   0.0000000E+00   0.0000000E+00   0.0000000E+00   0.0000000E+00   0.0000000E+00   0.0000000E+00
   8.4057971E-01   0.0000000E+00   0.0000000E+00   0.0000000E+00   0.0000000E+00   0.0000000E+00   0.0000000E+00
   8.5507246E-01   0.0000000E+00   0.0000000E+00   0.0000000E+00   0.0000000E+00   0.0000000E+00   0.0000000E+00
   8.6956522E-01   0.0000000E+00   0.0000000E+00   0.0000000E+00   0.0000000E+00   0.0000000E+00   0.0000000E+00
   8.8405797E-01   0.0000000E+00   0.0000000E+00   0.0000000E+00   0.0000000E+00   0.0000000E+00   0.0000000E+00
   8.9855072E-01   0.0000000E+00   0.0000000E+00   0.0000000E+00   0.0000000E+00   0.0000000E+00   0.0000000E+00
   9.1304348E-01   0.0000000E+00   0.0000000E+00   0.0000000E+00   0.0000000E+00   0.0000000E+00   0.0000000E+00
   9.2753623E-01   0.0000000E+00   0.0000000E+00   0.0000000E+00   0.0000000E+00   0.0000000E+00   0.0000000E+00
   9.4202899E-01   0.0000000E+00   0.0000000E+00   0.0000000E+00   0.0000000E+00   0.0000000E+00   0.0000000E+00
   9.5652174E-01   0.0000000E+00   0.0000000E+00   0.0000000E+00   0.0000000E+00   0.0000000E+00   0.0000000E+00
   9.7101449E-01   0.0000000E+00   0.0000000E+00   0.0000000E+00   0.0000000E+00   0.0000000E+00   0.0000000E+00
   9.8550725E-01   0.0000000E+00   0.0000000E+00   0.0000000E+00   0.0000000E+00   0.0000000E+00   0.0000000E+00
   1.0000000E+00   0.0000000E+00   0.0000000E+00   0.0000000E+00   0.0000000E+00   0.0000000E+00   0.0000000E+00
