   0.0000000E+00   2.5265972E+07   1.3184618E+07   3.8450590E+07   7.9600200E-04   3.5164096E-04   6.4341925E-04
   1.4492754E-02   2.4260455E+07   1.3071716E+07   3.7332171E+07   8.6412928E-04   3.0476110E-04   5.7919692E-04
   2.8985507E-02   2.3317452E+07   1.2797794E+07   3.6114488E+07   1.4196753E-04   1.4930478E-04   4.5050171E-05
   4.3478261E-02   2.2196128E+07   1.1888889E+07   3.4084764E+07   1.8233581E-04   3.6538874E-05   1.0946871E-04
   5.7971014E-02   2.0388421E+07   1.0775016E+07   3.1163058E+07   1.5490700E-04   7.3216899E-05   1.2220322E-04
   7.2463768E-02   1.7585553E+07   9.1633097E+06   2.6748408E+07   5.5204916E-04   9.0429684E-05   3.6299718E-04
   8.6956522E-02   1.4544629E+07   7.1271450E+06   2.1671522E+07   8.5085520E-04   1.6333086E-04   6.2453914E-04
   1.0144928E-01   1.0483179E+07   4.7930093E+06   1.5276080E+07   1.5162129E-03   1.8456248E-04   1.0946979E-03
   1.1594203E-01   4.0192248E+06   1.4601586E+06   5.4793834E+06   6.4380618E-03   5.8222452E-04   4.8730369E-03
   1.3043478E-01   5.9945391E+04   1.4312804E+04   7.4258195E+04   2.6390502E-02   2.8640969E-03   2.1012641E-02
   1.4492754E-01   2.5838821E+04   7.5773668E+03   3.3416188E+04   4.3090894E-02   5.1780818E-03   3.4402634E-02
   1.5942029E-01   1.5016963E+04   3.1687170E+03   1.8185680E+04   5.6858470E-02   8.8243137E-06   4.6952160E-02
   1.7391304E-01   1.1302906E+04   2.1469206E+03   1.3449826E+04   4.2867217E-02   3.2713456E-02   3.9452671E-02
   1.8840580E-01   7.4025045E+03   1.1657487E+03   8.5682533E+03   6.2545132E-02   1.6525319E-06   5.4035666E-02
   2.0289855E-01   4.4922961E+03   1.5695974E+03   6.0618935E+03   6.5649620E-02   1.9879077E-06   4.8651517E-02
   2.1739130E-01   3.5866203E+03   6.5670513E+02   4.2433254E+03   5.5043691E-02   2.8904257E-06   4.6524936E-02
   2.3188406E-01   2.9835882E+03   6.1566106E+02   3.5992492E+03   8.8136191E-02   4.0501174E-06   7.3059591E-02
   2.4637681E-01   1.5154734E+03   4.0115472E+02   1.9166281E+03   5.0732119E-02   1.4080837E-05   4.0110877E-02
   2.6086957E-01   1.4733769E+03   2.1048241E+02   1.6838593E+03   1.5566489E-01   3.1255920E-06   1.3620714E-01
   2.7536232E-01   1.1166646E+03   1.5952351E+02   1.2761881E+03   4.5955998E-02   1.0402276E-05   4.0212731E-02
   2.8985507E-01   8.7139719E+02   1.5154734E+02   1.0229445E+03   7.0074021E-02   1.6795179E-06   5.9692436E-02
   3.0434783E-01   6.4948859E+02   1.4433080E+02   7.9381938E+02   4.9070653E-02   9.7362725E-06   4.0150219E-02
   3.1884058E-01   4.8219607E+02   3.4442577E+01   5.1663865E+02   6.8634899E-02   9.6508438E-06   6.4058634E-02
   3.3333333E-01   4.6123103E+02   1.9767044E+02   6.5890146E+02   5.4164798E-02   3.7610682E-06   3.7914245E-02
   3.4782609E-01   3.4729598E+02   0.0000000E+00   3.4729598E+02   7.3028116E-02   0.0000000E+00   7.3028116E-02
   3.6231884E-01   4.2433254E+02   6.0618935E+01   4.8495148E+02   4.9222132E-02   3.4061881E-06   4.3069782E-02
   3.7681159E-01   1.4571859E+02   2.9143719E+01   1.7486231E+02   1.0299476E-01   7.2325646E-06   8.5829931E-02
   3.9130435E-01   1.4032161E+02   2.8064322E+01   1.6838593E+02   2.3271758E-01   4.9162914E-06   1.9393059E-01
   4.0579710E-01   2.9768227E+02   0.0000000E+00   2.9768227E+02   4.8173066E-04   0.0000000E+00   4.8173066E-04
   4.2028986E-01   1.8290196E+02   2.6128851E+01   2.0903081E+02   5.2061696E-02   1.0663982E-04   4.5540656E-02
   4.3478261E-01   5.0515779E+01   2.5257889E+01   7.5773668E+01   2.1015408E-01   4.4854328E-06   1.4010123E-01
   4.4927536E-01   1.2221559E+02   2.4443119E+01   1.4665871E+02   1.5445590E-05   1.7458706E-06   1.3161559E-05
   4.6376812E-01   7.1037814E+01   0.0000000E+00   7.1037814E+01   1.5348675E-01   0.0000000E+00   1.5348675E-01
   4.7826087E-01   6.8885153E+01   2.2961718E+01   9.1846871E+01   2.1239551E-01   1.2490990E-06   1.5929632E-01
   4.9275362E-01   2.2286373E+01   0.0000000E+00   2.2286373E+01   1.4455558E-05   0.0000000E+00   1.4455558E-05
   5.0724638E-01   2.1649620E+01   2.1649620E+01   4.3299239E+01   7.4311534E-06   1.4298283E-05   3.8948448E-06
   5.2173913E-01   6.3144724E+01   0.0000000E+00   6.3144724E+01   4.2956619E-03   0.0000000E+00   4.2956619E-03
   5.3623188E-01   2.0479370E+01   0.0000000E+00   2.0479370E+01   4.2640329E-01   0.0000000E+00   4.2640329E-01
   5.5072464E-01   0.0000000E+00   0.0000000E+00   0.0000000E+00   0.0000000E+00   0.0000000E+00   0.0000000E+00
   5.6521739E-01   0.0000000E+00   0.0000000E+00   0.0000000E+00   0.0000000E+00   0.0000000E+00   0.0000000E+00
   5.7971014E-01   1.8943417E+01   1.8943417E+01   3.7886834E+01   3.4158884E-01   3.2239538E-06   1.7079284E-01
   5.9420290E-01   3.6962765E+01   0.0000000E+00   3.6962765E+01   8.0074651E-07   0.0000000E+00   8.0074651E-07
   6.0869565E-01   0.0000000E+00   0.0000000E+00   0.0000000E+00   0.0000000E+00   0.0000000E+00   0.0000000E+00
   6.2318841E-01   3.5243567E+01   0.0000000E+00   3.5243567E+01   2.1270965E-01   0.0000000E+00   2.1270965E-01
   6.3768116E-01   0.0000000E+00   0.0000000E+00   0.0000000E+00   0.0000000E+00   0.0000000E+00   0.0000000E+00
   6.5217391E-01   1.6838593E+01   0.0000000E+00   1.6838593E+01   6.5261919E-07   0.0000000E+00   6.5261919E-07
   6.6666667E-01   0.0000000E+00   0.0000000E+00   0.0000000E+00   0.0000000E+00   0.0000000E+00   0.0000000E+00
   6.8115942E-01   0.0000000E+00   0.0000000E+00   0.0000000E+00   0.0000000E+00   0.0000000E+00   0.0000000E+00
   6.9565217E-01   3.1572362E+01   1.5786181E+01   4.7358543E+01   1.3550191E-01   7.2254765E-06   9.0332239E-02
   7.1014493E-01   1.5464014E+01   1.5464014E+01   3.0928028E+01   4.0182871E-05   2.7409370E-06   1.8723266E-05
   7.2463768E-01   1.5154734E+01   0.0000000E+00   1.5154734E+01   8.5419481E-08   0.0000000E+00   8.5419481E-08
   7.3913043E-01   1.4857582E+01   0.0000000E+00   1.4857582E+01   4.2574587E-05   0.0000000E+00   4.2574587E-05
   7.5362319E-01   0.0000000E+00   0.0000000E+00   0.0000000E+00   0.0000000E+00   0.0000000E+00   0.0000000E+00
   7.6811594E-01   0.0000000E+00   0.0000000E+00   0.0000000E+00   0.0000000E+00   0.0000000E+00   0.0000000E+00
   7.8260870E-01   0.0000000E+00   1.4032161E+01   1.4032161E+01   0.0000000E+00   5.8510262E-06   5.8510262E-06
   7.9710145E-01   0.0000000E+00   0.0000000E+00   0.0000000E+00   0.0000000E+00   0.0000000E+00   0.0000000E+00
   8.1159420E-01   0.0000000E+00   1.3531012E+01   1.3531012E+01   0.0000000E+00   3.9911956E-05   3.9911956E-05
   8.2608696E-01   0.0000000E+00   0.0000000E+00   0.0000000E+00   0.0000000E+00   0.0000000E+00   0.0000000E+00
   8.4057971E-01   0.0000000E+00   0.0000000E+00   0.0000000E+00   0.0000000E+00   0.0000000E+00   0.0000000E+00
   8.5507246E-01   0.0000000E+00   0.0000000E+00   0.0000000E+00   0.0000000E+00   0.0000000E+00   0.0000000E+00
   8.6956522E-01   0.0000000E+00   0.0000000E+00   0.0000000E+00   0.0000000E+00   0.0000000E+00   0.0000000E+00
   8.8405797E-01   0.0000000E+00   1.2421913E+01   1.2421913E+01   0.0000000E+00   1.8749751E-05   1.8749751E-05
   8.9855072E-01   0.0000000E+00   0.0000000E+00   0.0000000E+00   0.0000000E+00   0.0000000E+00   0.0000000E+00
   9.1304348E-01   1.2027566E+01   0.0000000E+00   1.2027566E+01   1.9768060E-05   0.0000000E+00   1.9768060E-05
   9.2753623E-01   0.0000000E+00   0.0000000E+00   0.0000000E+00   0.0000000E+00   0.0000000E+00   0.0000000E+00
   9.4202899E-01   0.0000000E+00   0.0000000E+00   0.0000000E+00   0.0000000E+00   0.0000000E+00   0.0000000E+00
   9.5652174E-01   0.0000000E+00   0.0000000E+00   0.0000000E+00   0.0000000E+00   0.0000000E+00   0.0000000E+00
   9.7101449E-01   0.0000000E+00   0.0000000E+00   0.0000000E+00   0.0000000E+00   0.0000000E+00   0.0000000E+00
   9.8550725E-01   0.0000000E+00   0.0000000E+00   0.0000000E+00   0.0000000E+00   0.0000000E+00   0.0000000E+00
   1.0000000E+00   0.0000000E+00   0.0000000E+00   0.0000000E+00   0.0000000E+00   0.0000000E+00   0.0000000E+00
