   0.0000000E+00   3.5486324E+07   1.8870674E+07   5.4356999E+07   1.7857821E-04   2.7087041E-04   1.7313693E-04
   1.4492754E-02   3.4811181E+07   1.8622137E+07   5.3433318E+07   2.2907766E-04   6.7290102E-05   1.5037228E-04
   2.8985507E-02   3.2586087E+07   1.7451812E+07   5.0037521E+07   1.7769344E-04   1.9519631E-05   1.0995072E-04
   4.3478261E-02   2.8910180E+07   1.5191358E+07   4.4101033E+07   6.9007385E-05   2.0108265E-05   4.8924096E-05
   5.7971014E-02   2.3832902E+07   1.2340879E+07   3.6173402E+07   7.9705674E-05   4.6521243E-05   5.9699632E-05
   7.2463768E-02   1.7602678E+07   8.7827744E+06   2.6385149E+07   2.1621346E-04   3.2704072E-05   1.4791025E-04
   8.6956522E-02   1.1684426E+07   5.5313515E+06   1.7215399E+07   2.1836884E-04   4.1100098E-05   1.3609054E-04
   1.0144928E-01   6.5480357E+06   2.8157495E+06   9.3636769E+06   4.7210847E-04   1.5610313E-04   3.6124912E-04
   1.1594203E-01   1.7731986E+06   6.2257540E+05   2.3957740E+06   2.1957131E-03   1.3251917E-04   1.6590281E-03
   1.3043478E-01   1.8354066E+04   4.0412623E+03   2.2395329E+04   2.5339512E-02   7.4983177E-06   2.0768201E-02
   1.4492754E-01   6.4407618E+03   1.8943417E+03   8.3351035E+03   4.4776109E-02   1.3843613E-05   3.4600371E-02
   1.5942029E-01   4.4775350E+03   1.0332773E+03   5.5108122E+03   4.3850505E-02   2.2826305E-06   3.5628616E-02
   1.7391304E-01   1.8311970E+03   6.9459196E+02   2.5257889E+03   4.9486192E-02   1.3697486E-05   3.5880902E-02
   1.8840580E-01   2.2149226E+03   1.7486231E+02   2.3897849E+03   3.3011355E-02   9.0516667E-02   3.6531404E-02
   2.0289855E-01   1.0283569E+03   1.0824810E+02   1.1366050E+03   4.1018388E-02   2.7771738E-05   3.7111934E-02
   2.1739130E-01   8.5876824E+02   1.0103156E+02   9.5979980E+02   3.4548553E-02   1.1257480E-05   3.0910685E-02
   2.3188406E-01   3.7886834E+02   9.4717086E+01   4.7358543E+02   5.6239371E-02   1.7383910E-06   4.4991749E-02
   2.4637681E-01   4.4572746E+02   8.9145492E+01   5.3487295E+02   3.6168935E-02   4.8687496E-05   3.0133447E-02
   2.6086957E-01   3.7886834E+02   0.0000000E+00   3.7886834E+02   8.3935836E-02   0.0000000E+00   8.3935836E-02
   2.7536232E-01   1.9940439E+02   3.9880878E+01   2.3928527E+02   4.0034200E-06   7.7300470E-06   2.3906795E-06
   2.8985507E-01   1.1366050E+02   3.7886834E+01   1.5154734E+02   2.2756130E-01   2.9233889E-06   1.7067026E-01
   3.0434783E-01   1.0824810E+02   0.0000000E+00   1.0824810E+02   1.8084263E-05   0.0000000E+00   1.8084263E-05
   3.1884058E-01   0.0000000E+00   3.4442577E+01   3.4442577E+01   0.0000000E+00   2.7215726E-05   2.7215726E-05
   3.3333333E-01   0.0000000E+00   0.0000000E+00   0.0000000E+00   0.0000000E+00   0.0000000E+00   0.0000000E+00
   3.4782609E-01   6.3144724E+01   0.0000000E+00   6.3144724E+01   4.7416259E-04   0.0000000E+00   4.7416259E-04
   3.6231884E-01   0.0000000E+00   0.0000000E+00   0.0000000E+00   0.0000000E+00   0.0000000E+00   0.0000000E+00
   3.7681159E-01   5.8287437E+01   0.0000000E+00   5.8287437E+01   3.7804835E-01   0.0000000E+00   3.7804835E-01
   3.9130435E-01   2.8064322E+01   0.0000000E+00   2.8064322E+01   1.6386541E-06   0.0000000E+00   1.6386541E-06
   4.0579710E-01   0.0000000E+00   0.0000000E+00   0.0000000E+00   0.0000000E+00   0.0000000E+00   0.0000000E+00
   4.2028986E-01   2.6128851E+01   0.0000000E+00   2.6128851E+01   1.4907229E-05   0.0000000E+00   1.4907229E-05
   4.3478261E-01   0.0000000E+00   2.5257889E+01   2.5257889E+01   0.0000000E+00   3.9316799E-06   3.9316799E-06
   4.4927536E-01   0.0000000E+00   0.0000000E+00   0.0000000E+00   0.0000000E+00   0.0000000E+00   0.0000000E+00
   4.6376812E-01   2.3679271E+01   0.0000000E+00   2.3679271E+01   5.0666624E-06   0.0000000E+00   5.0666624E-06
   4.7826087E-01   2.2961718E+01   0.0000000E+00   2.2961718E+01   1.2564292E-05   0.0000000E+00   1.2564292E-05
   4.9275362E-01   0.0000000E+00   0.0000000E+00   0.0000000E+00   0.0000000E+00   0.0000000E+00   0.0000000E+00
   5.0724638E-01   0.0000000E+00   0.0000000E+00   0.0000000E+00   0.0000000E+00   0.0000000E+00   0.0000000E+00
   5.2173913E-01   0.0000000E+00   0.0000000E+00   0.0000000E+00   0.0000000E+00   0.0000000E+00   0.0000000E+00
   5.3623188E-01   0.0000000E+00   0.0000000E+00   0.0000000E+00   0.0000000E+00   0.0000000E+00   0.0000000E+00
   5.5072464E-01   1.9940439E+01   0.0000000E+00   1.9940439E+01   7.7648968E-06   0.0000000E+00   7.7648968E-06
   5.6521739E-01   0.0000000E+00   0.0000000E+00   0.0000000E+00   0.0000000E+00   0.0000000E+00   0.0000000E+00
   5.7971014E-01   0.0000000E+00   0.0000000E+00   0.0000000E+00   0.0000000E+00   0.0000000E+00   0.0000000E+00
   5.9420290E-01   0.0000000E+00   0.0000000E+00   0.0000000E+00   0.0000000E+00   0.0000000E+00   0.0000000E+00
   6.0869565E-01   0.0000000E+00   0.0000000E+00   0.0000000E+00   0.0000000E+00   0.0000000E+00   0.0000000E+00
   6.2318841E-01   0.0000000E+00   0.0000000E+00   0.0000000E+00   0.0000000E+00   0.0000000E+00   0.0000000E+00
   6.3768116E-01   0.0000000E+00   0.0000000E+00   0.0000000E+00   0.0000000E+00   0.0000000E+00   0.0000000E+00
   6.5217391E-01   0.0000000E+00   0.0000000E+00   0.0000000E+00   0.0000000E+00   0.0000000E+00   0.0000000E+00
   6.6666667E-01   0.0000000E+00   0.0000000E+00   0.0000000E+00   0.0000000E+00   0.0000000E+00   0.0000000E+00
   6.8115942E-01   0.0000000E+00   0.0000000E+00   0.0000000E+00   0.0000000E+00   0.0000000E+00   0.0000000E+00
   6.9565217E-01   0.0000000E+00   0.0000000E+00   0.0000000E+00   0.0000000E+00   0.0000000E+00   0.0000000E+00
   7.1014493E-01   0.0000000E+00   0.0000000E+00   0.0000000E+00   0.0000000E+00   0.0000000E+00   0.0000000E+00
   7.2463768E-01   0.0000000E+00   0.0000000E+00   0.0000000E+00   0.0000000E+00   0.0000000E+00   0.0000000E+00
   7.3913043E-01   0.0000000E+00   0.0000000E+00   0.0000000E+00   0.0000000E+00   0.0000000E+00   0.0000000E+00
   7.5362319E-01   0.0000000E+00   0.0000000E+00   0.0000000E+00   0.0000000E+00   0.0000000E+00   0.0000000E+00
   7.6811594E-01   0.0000000E+00   0.0000000E+00   0.0000000E+00   0.0000000E+00   0.0000000E+00   0.0000000E+00
   7.8260870E-01   0.0000000E+00   0.0000000E+00   0.0000000E+00   0.0000000E+00   0.0000000E+00   0.0000000E+00
   7.9710145E-01   0.0000000E+00   0.0000000E+00   0.0000000E+00   0.0000000E+00   0.0000000E+00   0.0000000E+00
   8.1159420E-01   0.0000000E+00   0.0000000E+00   0.0000000E+00   0.0000000E+00   0.0000000E+00   0.0000000E+00
   8.2608696E-01   0.0000000E+00   0.0000000E+00   0.0000000E+00   0.0000000E+00   0.0000000E+00   0.0000000E+00
   8.4057971E-01   0.0000000E+00   0.0000000E+00   0.0000000E+00   0.0000000E+00   0.0000000E+00   0.0000000E+00
   8.5507246E-01   0.0000000E+00   0.0000000E+00   0.0000000E+00   0.0000000E+00   0.0000000E+00   0.0000000E+00
   8.6956522E-01   0.0000000E+00   0.0000000E+00   0.0000000E+00   0.0000000E+00   0.0000000E+00   0.0000000E+00
   8.8405797E-01   0.0000000E+00   0.0000000E+00   0.0000000E+00   0.0000000E+00   0.0000000E+00   0.0000000E+00
   8.9855072E-01   0.0000000E+00   0.0000000E+00   0.0000000E+00   0.0000000E+00   0.0000000E+00   0.0000000E+00
   9.1304348E-01   0.0000000E+00   0.0000000E+00   0.0000000E+00   0.0000000E+00   0.0000000E+00   0.0000000E+00
   9.2753623E-01   0.0000000E+00   0.0000000E+00   0.0000000E+00   0.0000000E+00   0.0000000E+00   0.0000000E+00
   9.4202899E-01   0.0000000E+00   0.0000000E+00   0.0000000E+00   0.0000000E+00   0.0000000E+00   0.0000000E+00
   9.5652174E-01   0.0000000E+00   0.0000000E+00   0.0000000E+00   0.0000000E+00   0.0000000E+00   0.0000000E+00
   9.7101449E-01   0.0000000E+00   0.0000000E+00   0.0000000E+00   0.0000000E+00   0.0000000E+00   0.0000000E+00
   9.8550725E-01   0.0000000E+00   0.0000000E+00   0.0000000E+00   0.0000000E+00   0.0000000E+00   0.0000000E+00
   1.0000000E+00   0.0000000E+00   0.0000000E+00   0.0000000E+00   0.0000000E+00   0.0000000E+00   0.0000000E+00
