   0.0000000E+00   4.7416131E+07   2.6599589E+07   7.4015719E+07   4.3494055E-04   6.0988867E-04   2.4991222E-04
   1.4492754E-02   4.9637815E+07   2.7033772E+07   7.6669313E+07   7.8718741E-05   8.6340410E-05   2.1069561E-05
   2.8985507E-02   4.4378364E+07   2.3919095E+07   6.8295944E+07   3.9223285E-04   1.2458576E-04   2.8031851E-04
   4.3478261E-02   3.3607643E+07   1.7701739E+07   5.1307866E+07   9.2145062E-04   2.7145997E-04   6.9711182E-04
   5.7971014E-02   2.4608446E+07   1.2575209E+07   3.7182707E+07   1.7409660E-03   4.1386127E-04   1.2900812E-03
   7.2463768E-02   1.4171646E+07   6.7112738E+06   2.0882465E+07   3.1936465E-03   5.8904581E-04   2.3565619E-03
   8.6956522E-02   8.2970904E+06   3.6356206E+06   1.1932585E+07   5.2088062E-03   1.4465900E-03   4.0621239E-03
   1.0144928E-01   4.3907593E+06   1.7716966E+06   6.1622395E+06   8.2454598E-03   2.0708581E-03   6.4692664E-03
   1.1594203E-01   1.2003496E+06   4.1287178E+05   1.6132214E+06   1.3897442E-02   4.4018669E-03   1.1467097E-02
   1.3043478E-01   1.3555067E+04   3.7886834E+03   1.7343751E+04   5.1039042E-02   4.1750666E-02   4.8095753E-02
   1.4492754E-01   6.4407618E+03   1.8943417E+03   8.3351035E+03   7.5574653E-02   5.4083368E-02   7.0383548E-02
   1.5942029E-01   5.0286162E+03   8.2662184E+02   5.8552380E+03   7.3652282E-02   8.5005980E-02   6.8970239E-02
   1.7391304E-01   2.6520784E+03   5.0515779E+02   3.1572362E+03   5.2729036E-02   9.1637699E-02   5.6704294E-02
   1.8840580E-01   1.3406111E+03   2.3314975E+02   1.5737608E+03   9.9246225E-02   9.2430300E-02   9.0250640E-02
   2.0289855E-01   1.2448531E+03   1.6237215E+02   1.4072253E+03   1.2259679E-01   1.3975939E-01   1.2456667E-01
   2.1739130E-01   7.5773668E+02   2.0206312E+02   9.5979980E+02   1.4220956E-01   5.4283448E-02   1.2368660E-01
   2.3188406E-01   6.6301960E+02   1.8943417E+02   8.5245377E+02   6.5009380E-02   1.1419515E-01   7.5546964E-02
   2.4637681E-01   3.5658197E+02   1.3371824E+02   4.9030021E+02   1.9196740E-01   1.0442148E-01   1.6806668E-01
   2.6086957E-01   2.9467538E+02   8.4192965E+01   3.7886834E+02   1.1330876E-01   2.0303076E-01   1.2947304E-01
   2.7536232E-01   2.3928527E+02   3.9880878E+01   2.7916615E+02   7.5307517E-02   3.3021532E-05   6.4545508E-02
   2.8985507E-01   1.8943417E+02   7.5773668E+01   2.6520784E+02   1.6330489E-01   6.4343594E-06   1.1664707E-01
   3.0434783E-01   2.1649620E+02   7.2165398E+01   2.8866159E+02   1.5389605E-01   4.5211005E-05   1.1541173E-01
   3.1884058E-01   2.0665546E+02   3.4442577E+01   2.4109804E+02   1.1313122E-01   2.6224346E-01   1.3218309E-01
   3.3333333E-01   9.8835220E+01   3.2945073E+01   1.3178029E+02   1.3302650E-01   1.2122607E-06   9.9770162E-02
   3.4782609E-01   9.4717086E+01   0.0000000E+00   9.4717086E+01   1.6905958E-01   0.0000000E+00   1.6905958E-01
   3.6231884E-01   3.0309467E+01   6.0618935E+01   9.0928402E+01   4.5984737E-01   1.6235518E-05   1.5329200E-01
   3.7681159E-01   0.0000000E+00   5.8287437E+01   5.8287437E+01   0.0000000E+00   3.8476743E-01   3.8476743E-01
   3.9130435E-01   1.1225729E+02   0.0000000E+00   1.1225729E+02   1.5714477E-01   0.0000000E+00   1.5714477E-01
   4.0579710E-01   5.4124049E+01   0.0000000E+00   5.4124049E+01   2.9072697E-01   0.0000000E+00   2.9072697E-01
   4.2028986E-01   1.0451540E+02   2.6128851E+01   1.3064426E+02   2.7178360E-01   2.6441201E-01   2.5834044E-01
   4.3478261E-01   5.0515779E+01   0.0000000E+00   5.0515779E+01   8.2852258E-06   0.0000000E+00   8.2852258E-06
   4.4927536E-01   9.7772475E+01   0.0000000E+00   9.7772475E+01   2.6993316E-01   0.0000000E+00   2.6993316E-01
   4.6376812E-01   4.7358543E+01   0.0000000E+00   4.7358543E+01   2.2712824E-01   0.0000000E+00   2.2712824E-01
   4.7826087E-01   6.8885153E+01   0.0000000E+00   6.8885153E+01   3.6669799E-01   0.0000000E+00   3.6669799E-01
   4.9275362E-01   4.4572746E+01   0.0000000E+00   4.4572746E+01   2.4223239E-01   0.0000000E+00   2.4223239E-01
   5.0724638E-01   4.3299239E+01   0.0000000E+00   4.3299239E+01   3.2301514E-01   0.0000000E+00   3.2301514E-01
   5.2173913E-01   0.0000000E+00   0.0000000E+00   0.0000000E+00   0.0000000E+00   0.0000000E+00   0.0000000E+00
   5.3623188E-01   0.0000000E+00   0.0000000E+00   0.0000000E+00   0.0000000E+00   0.0000000E+00   0.0000000E+00
   5.5072464E-01   3.9880878E+01   0.0000000E+00   3.9880878E+01   1.6956117E-01   0.0000000E+00   1.6956117E-01
   5.6521739E-01   0.0000000E+00   0.0000000E+00   0.0000000E+00   0.0000000E+00   0.0000000E+00   0.0000000E+00
   5.7971014E-01   3.7886834E+01   0.0000000E+00   3.7886834E+01   3.0901173E-01   0.0000000E+00   3.0901173E-01
   5.9420290E-01   3.6962765E+01   0.0000000E+00   3.6962765E+01   1.6954381E-01   0.0000000E+00   1.6954381E-01
   6.0869565E-01   1.8041350E+01   0.0000000E+00   1.8041350E+01   4.2247362E-01   0.0000000E+00   4.2247362E-01
   6.2318841E-01   0.0000000E+00   0.0000000E+00   0.0000000E+00   0.0000000E+00   0.0000000E+00   0.0000000E+00
   6.3768116E-01   1.7221288E+01   0.0000000E+00   1.7221288E+01   3.4327956E-01   0.0000000E+00   3.4327956E-01
   6.5217391E-01   0.0000000E+00   0.0000000E+00   0.0000000E+00   0.0000000E+00   0.0000000E+00   0.0000000E+00
   6.6666667E-01   3.2945073E+01   0.0000000E+00   3.2945073E+01   1.9199285E-01   0.0000000E+00   1.9199285E-01
   6.8115942E-01   0.0000000E+00   0.0000000E+00   0.0000000E+00   0.0000000E+00   0.0000000E+00   0.0000000E+00
   6.9565217E-01   1.5786181E+01   0.0000000E+00   1.5786181E+01   4.4238135E-01   0.0000000E+00   4.4238135E-01
   7.1014493E-01   3.0928028E+01   0.0000000E+00   3.0928028E+01   1.7020492E-01   0.0000000E+00   1.7020492E-01
   7.2463768E-01   1.5154734E+01   0.0000000E+00   1.5154734E+01   3.1983532E-01   0.0000000E+00   3.1983532E-01
   7.3913043E-01   0.0000000E+00   0.0000000E+00   0.0000000E+00   0.0000000E+00   0.0000000E+00   0.0000000E+00
   7.5362319E-01   2.9143719E+01   0.0000000E+00   2.9143719E+01   3.4239779E-01   0.0000000E+00   3.4239779E-01
   7.6811594E-01   0.0000000E+00   0.0000000E+00   0.0000000E+00   0.0000000E+00   0.0000000E+00   0.0000000E+00
   7.8260870E-01   1.4032161E+01   0.0000000E+00   1.4032161E+01   2.9991977E-01   0.0000000E+00   2.9991977E-01
   7.9710145E-01   0.0000000E+00   0.0000000E+00   0.0000000E+00   0.0000000E+00   0.0000000E+00   0.0000000E+00
   8.1159420E-01   0.0000000E+00   0.0000000E+00   0.0000000E+00   0.0000000E+00   0.0000000E+00   0.0000000E+00
   8.2608696E-01   1.3293626E+01   0.0000000E+00   1.3293626E+01   3.8248517E-01   0.0000000E+00   3.8248517E-01
   8.4057971E-01   1.3064426E+01   0.0000000E+00   1.3064426E+01   4.1972464E-01   0.0000000E+00   4.1972464E-01
   8.5507246E-01   0.0000000E+00   0.0000000E+00   0.0000000E+00   0.0000000E+00   0.0000000E+00   0.0000000E+00
   8.6956522E-01   1.2628945E+01   0.0000000E+00   1.2628945E+01   4.2819218E-01   0.0000000E+00   4.2819218E-01
   8.8405797E-01   0.0000000E+00   0.0000000E+00   0.0000000E+00   0.0000000E+00   0.0000000E+00   0.0000000E+00
   8.9855072E-01   0.0000000E+00   0.0000000E+00   0.0000000E+00   0.0000000E+00   0.0000000E+00   0.0000000E+00
   9.1304348E-01   0.0000000E+00   0.0000000E+00   0.0000000E+00   0.0000000E+00   0.0000000E+00   0.0000000E+00
   9.2753623E-01   0.0000000E+00   0.0000000E+00   0.0000000E+00   0.0000000E+00   0.0000000E+00   0.0000000E+00
   9.4202899E-01   0.0000000E+00   0.0000000E+00   0.0000000E+00   0.0000000E+00   0.0000000E+00   0.0000000E+00
   9.5652174E-01   0.0000000E+00   0.0000000E+00   0.0000000E+00   0.0000000E+00   0.0000000E+00   0.0000000E+00
   9.7101449E-01   0.0000000E+00   0.0000000E+00   0.0000000E+00   0.0000000E+00   0.0000000E+00   0.0000000E+00
   9.8550725E-01   0.0000000E+00   0.0000000E+00   0.0000000E+00   0.0000000E+00   0.0000000E+00   0.0000000E+00
   1.0000000E+00   0.0000000E+00   0.0000000E+00   0.0000000E+00   0.0000000E+00   0.0000000E+00   0.0000000E+00
