   0.0000000E+00   4.8580014E+07   2.7223964E+07   7.5803978E+07   3.5308152E-04   1.6392109E-04   2.6327309E-04
   1.4492754E-02   4.9454442E+07   2.7796055E+07   7.7249739E+07   1.8319783E-04   1.8437104E-04   1.8332926E-04
   2.8985507E-02   4.4043066E+07   2.4527936E+07   6.8569487E+07   2.4581517E-04   7.8235368E-05   1.3084423E-04
   4.3478261E-02   3.4494447E+07   1.8455435E+07   5.2948871E+07   5.5550397E-04   7.0570723E-05   3.8282358E-04
   5.7971014E-02   2.4977464E+07   1.2737933E+07   3.7715017E+07   1.3377155E-03   1.2287330E-04   9.2168044E-04
   7.2463768E-02   1.4571125E+07   6.6950582E+06   2.1265577E+07   2.6157502E-03   3.4163771E-04   1.8955407E-03
   8.6956522E-02   8.0594137E+06   3.3768535E+06   1.1436015E+07   4.5331119E-03   8.3572411E-04   3.4407558E-03
   1.0144928E-01   3.9711897E+06   1.4766123E+06   5.4476938E+06   7.2812704E-03   1.8932056E-03   5.8204807E-03
   1.1594203E-01   1.0210502E+06   3.0877770E+05   1.3298279E+06   1.3794059E-02   1.9744519E-03   1.1014370E-02
   1.3043478E-01   1.2544752E+04   2.3574030E+03   1.4902155E+04   6.2461261E-02   9.4294536E-03   5.2866174E-02
   1.4492754E-01   6.3649881E+03   1.1366050E+03   7.5015932E+03   6.7677557E-02   7.2805027E-02   6.5698900E-02
   1.5942029E-01   3.3064873E+03   5.5108122E+02   3.8575686E+03   7.2855883E-02   4.9695647E-02   6.9452084E-02
   1.7391304E-01   2.3994995E+03   6.3144724E+01   2.4626442E+03   1.2116536E-01   3.4521651E-01   1.2568030E-01
   1.8840580E-01   1.1657487E+03   1.1657487E+02   1.2823236E+03   1.4906032E-01   1.9209989E-01   1.3812885E-01
   2.0289855E-01   1.2448531E+03   2.1649620E+02   1.4613493E+03   1.1654932E-01   3.8012029E-02   1.0351791E-01
   2.1739130E-01   6.5670513E+02   5.0515779E+01   7.0722091E+02   2.0093291E-01   4.0961773E-05   1.8657799E-01
   2.3188406E-01   5.6830251E+02   4.7358543E+01   6.1566106E+02   1.2720349E-01   2.5650843E-06   1.1741842E-01
   2.4637681E-01   6.2401845E+02   0.0000000E+00   6.2401845E+02   8.0811445E-02   0.0000000E+00   8.0811445E-02
   2.6086957E-01   2.5257889E+02   8.4192965E+01   3.3677186E+02   1.9630406E-01   3.1302229E-06   1.4722814E-01
   2.7536232E-01   3.9880878E+02   3.9880878E+01   4.3868966E+02   1.4352334E-01   4.1403774E-06   1.3047614E-01
   2.8985507E-01   1.1366050E+02   3.7886834E+01   1.5154734E+02   2.1484735E-02   6.8318185E-06   1.6115053E-02
   3.0434783E-01   3.2474429E+02   0.0000000E+00   3.2474429E+02   1.9174725E-01   0.0000000E+00   1.9174725E-01
   3.1884058E-01   2.0665546E+02   6.8885153E+01   2.7554061E+02   1.8825342E-01   1.1094166E-06   1.4118988E-01
   3.3333333E-01   3.2945073E+01   0.0000000E+00   3.2945073E+01   9.3865388E-07   0.0000000E+00   9.3865388E-07
   3.4782609E-01   6.3144724E+01   0.0000000E+00   6.3144724E+01   1.7980050E-01   0.0000000E+00   1.7980050E-01
   3.6231884E-01   9.0928402E+01   3.0309467E+01   1.2123787E+02   2.4847355E-01   3.6549182E-01   2.7682781E-01
   3.7681159E-01   2.0400603E+02   0.0000000E+00   2.0400603E+02   2.2368816E-01   0.0000000E+00   2.2368816E-01
   3.9130435E-01   1.6838593E+02   2.8064322E+01   1.9645025E+02   3.1690341E-01   3.0489841E-07   2.7163154E-01
   4.0579710E-01   8.1186073E+01   2.7062024E+01   1.0824810E+02   3.5487993E-01   2.7194732E-06   2.6616060E-01
   4.2028986E-01   2.6128851E+01   0.0000000E+00   2.6128851E+01   1.2488864E-01   0.0000000E+00   1.2488864E-01
   4.3478261E-01   7.5773668E+01   0.0000000E+00   7.5773668E+01   2.8585075E-01   0.0000000E+00   2.8585075E-01
   4.4927536E-01   4.8886238E+01   0.0000000E+00   4.8886238E+01   4.4964029E-01   0.0000000E+00   4.4964029E-01
   4.6376812E-01   0.0000000E+00   0.0000000E+00   0.0000000E+00   0.0000000E+00   0.0000000E+00   0.0000000E+00
   4.7826087E-01   2.2961718E+01   2.2961718E+01   4.5923435E+01   2.1974312E-01   2.7656388E-07   1.0987143E-01
   4.9275362E-01   0.0000000E+00   0.0000000E+00   0.0000000E+00   0.0000000E+00   0.0000000E+00   0.0000000E+00
   5.0724638E-01   4.3299239E+01   0.0000000E+00   4.3299239E+01   2.5599390E-01   0.0000000E+00   2.5599390E-01
   5.2173913E-01   0.0000000E+00   0.0000000E+00   0.0000000E+00   0.0000000E+00   0.0000000E+00   0.0000000E+00
   5.3623188E-01   0.0000000E+00   0.0000000E+00   0.0000000E+00   0.0000000E+00   0.0000000E+00   0.0000000E+00
   5.5072464E-01   5.9821317E+01   0.0000000E+00   5.9821317E+01   3.9486629E-01   0.0000000E+00   3.9486629E-01
   5.6521739E-01   3.8858291E+01   0.0000000E+00   3.8858291E+01   3.8703817E-01   0.0000000E+00   3.8703817E-01
   5.7971014E-01   0.0000000E+00   0.0000000E+00   0.0000000E+00   0.0000000E+00   0.0000000E+00   0.0000000E+00
   5.9420290E-01   0.0000000E+00   0.0000000E+00   0.0000000E+00   0.0000000E+00   0.0000000E+00   0.0000000E+00
   6.0869565E-01   3.6082699E+01   0.0000000E+00   3.6082699E+01   2.2190966E-01   0.0000000E+00   2.2190966E-01
   6.2318841E-01   1.7621783E+01   0.0000000E+00   1.7621783E+01   1.9435675E-01   0.0000000E+00   1.9435675E-01
   6.3768116E-01   0.0000000E+00   0.0000000E+00   0.0000000E+00   0.0000000E+00   0.0000000E+00   0.0000000E+00
   6.5217391E-01   3.3677186E+01   0.0000000E+00   3.3677186E+01   3.2105494E-01   0.0000000E+00   3.2105494E-01
   6.6666667E-01   1.6472537E+01   1.6472537E+01   3.2945073E+01   3.5944352E-01   1.7856687E-06   1.7972087E-01
   6.8115942E-01   0.0000000E+00   0.0000000E+00   0.0000000E+00   0.0000000E+00   0.0000000E+00   0.0000000E+00
   6.9565217E-01   0.0000000E+00   0.0000000E+00   0.0000000E+00   0.0000000E+00   0.0000000E+00   0.0000000E+00
   7.1014493E-01   0.0000000E+00   0.0000000E+00   0.0000000E+00   0.0000000E+00   0.0000000E+00   0.0000000E+00
   7.2463768E-01   1.5154734E+01   0.0000000E+00   1.5154734E+01   4.2105755E-01   0.0000000E+00   4.2105755E-01
   7.3913043E-01   0.0000000E+00   0.0000000E+00   0.0000000E+00   0.0000000E+00   0.0000000E+00   0.0000000E+00
   7.5362319E-01   2.9143719E+01   0.0000000E+00   2.9143719E+01   4.1271292E-01   0.0000000E+00   4.1271292E-01
   7.6811594E-01   0.0000000E+00   0.0000000E+00   0.0000000E+00   0.0000000E+00   0.0000000E+00   0.0000000E+00
   7.8260870E-01   0.0000000E+00   0.0000000E+00   0.0000000E+00   0.0000000E+00   0.0000000E+00   0.0000000E+00
   7.9710145E-01   0.0000000E+00   0.0000000E+00   0.0000000E+00   0.0000000E+00   0.0000000E+00   0.0000000E+00
   8.1159420E-01   0.0000000E+00   0.0000000E+00   0.0000000E+00   0.0000000E+00   0.0000000E+00   0.0000000E+00
   8.2608696E-01   0.0000000E+00   0.0000000E+00   0.0000000E+00   0.0000000E+00   0.0000000E+00   0.0000000E+00
   8.4057971E-01   0.0000000E+00   0.0000000E+00   0.0000000E+00   0.0000000E+00   0.0000000E+00   0.0000000E+00
   8.5507246E-01   0.0000000E+00   0.0000000E+00   0.0000000E+00   0.0000000E+00   0.0000000E+00   0.0000000E+00
   8.6956522E-01   1.2628945E+01   0.0000000E+00   1.2628945E+01   5.2151546E-06   0.0000000E+00   5.2151546E-06
   8.8405797E-01   0.0000000E+00   0.0000000E+00   0.0000000E+00   0.0000000E+00   0.0000000E+00   0.0000000E+00
   8.9855072E-01   0.0000000E+00   0.0000000E+00   0.0000000E+00   0.0000000E+00   0.0000000E+00   0.0000000E+00
   9.1304348E-01   0.0000000E+00   0.0000000E+00   0.0000000E+00   0.0000000E+00   0.0000000E+00   0.0000000E+00
   9.2753623E-01   0.0000000E+00   0.0000000E+00   0.0000000E+00   0.0000000E+00   0.0000000E+00   0.0000000E+00
   9.4202899E-01   0.0000000E+00   0.0000000E+00   0.0000000E+00   0.0000000E+00   0.0000000E+00   0.0000000E+00
   9.5652174E-01   0.0000000E+00   0.0000000E+00   0.0000000E+00   0.0000000E+00   0.0000000E+00   0.0000000E+00
   9.7101449E-01   0.0000000E+00   0.0000000E+00   0.0000000E+00   0.0000000E+00   0.0000000E+00   0.0000000E+00
   9.8550725E-01   0.0000000E+00   0.0000000E+00   0.0000000E+00   0.0000000E+00   0.0000000E+00   0.0000000E+00
   1.0000000E+00   0.0000000E+00   0.0000000E+00   0.0000000E+00   0.0000000E+00   0.0000000E+00   0.0000000E+00
