   0.0000000E+00   7.4082400E+07   3.7638297E+07   1.1172070E+08   3.1820878E-05   5.0406185E-04   1.7561409E-04
   1.4492754E-02   8.3545016E+07   4.2677246E+07   1.2622075E+08   5.0627583E-04   6.8176770E-05   3.3510270E-04
   2.8985507E-02   6.9704198E+07   3.5674243E+07   1.0537617E+08   2.3616929E-04   1.1066828E-04   1.3097948E-04
   4.3478261E-02   4.0336344E+07   2.0467983E+07   6.0802812E+07   1.1887713E-03   9.7314282E-05   8.0666352E-04
   5.7971014E-02   2.4384914E+07   1.2264537E+07   3.6648503E+07   1.3857677E-04   2.2481597E-04   9.9285252E-05
   7.2463768E-02   5.4094822E+06   2.5616046E+06   7.9710868E+06   4.7298011E-03   7.2057143E-04   3.3741129E-03
   8.6956522E-02   2.0635696E+06   8.8377355E+05   2.9473431E+06   4.4724131E-03   1.3934952E-03   3.5436209E-03
   1.0144928E-01   1.2006879E+06   4.9588454E+05   1.6965724E+06   9.0334290E-03   7.1676730E-04   6.5222426E-03
   1.1594203E-01   3.5045322E+05   1.4302280E+05   4.9347602E+05   3.5645682E-02   1.1944897E-03   2.5657027E-02
   1.3043478E-01   8.4950702E+04   1.9448575E+04   1.0439928E+05   2.0558213E-01   2.1249753E-03   1.6765786E-01
   1.4492754E-01   7.0166417E+04   1.6291339E+04   8.6457756E+04   2.3359498E-01   2.9914152E-03   1.9007354E-01
   1.5942029E-01   4.6015282E+04   1.0814969E+04   5.6830251E+04   2.3659545E-01   1.1676427E-02   1.9378931E-01
   1.7391304E-01   2.9299152E+04   7.2616432E+03   3.6560795E+04   2.3984491E-01   1.5585111E-04   1.9223763E-01
   1.8840580E-01   2.2265801E+04   5.4207317E+03   2.7686533E+04   2.4399588E-01   4.5030444E-03   1.9709823E-01
   2.0289855E-01   1.3206268E+04   2.2732101E+03   1.5479478E+04   2.1227225E-01   5.2272309E-05   1.8110701E-01
   2.1739130E-01   9.5474822E+03   1.6670207E+03   1.1214503E+04   2.1887839E-01   3.9563278E-06   1.8634230E-01
   2.3188406E-01   8.1456694E+03   1.5628319E+03   9.7085013E+03   2.2099215E-01   1.3513624E-05   1.8541568E-01
   2.4637681E-01   4.9921476E+03   8.9145492E+02   5.8836025E+03   2.0427232E-01   4.8934968E-05   1.7332936E-01
   2.6086957E-01   4.3359377E+03   4.6306131E+02   4.7989990E+03   1.3639932E-01   1.2582974E-06   1.2323791E-01
   2.7536232E-01   3.2702320E+03   3.5892790E+02   3.6291599E+03   1.3008585E-01   5.9901344E-06   1.1722006E-01
   2.8985507E-01   2.1595495E+03   2.6520784E+02   2.4247574E+03   1.3648164E-01   5.7323020E-06   1.2155458E-01
   3.0434783E-01   2.0567139E+03   2.5257889E+02   2.3092928E+03   1.2576050E-01   1.0565146E-05   1.1200429E-01
   3.1884058E-01   1.2743753E+03   3.4442577E+02   1.6188011E+03   1.6824732E-01   1.8810698E-06   1.3245020E-01
   3.3333333E-01   1.3178029E+03   9.8835220E+01   1.4166381E+03   5.5074871E-02   2.9398066E-04   5.1252592E-02
   3.4782609E-01   1.0418879E+03   0.0000000E+00   1.0418879E+03   9.2988845E-02   0.0000000E+00   9.2988845E-02
   3.6231884E-01   1.1214503E+03   6.0618935E+01   1.1820692E+03   7.2568269E-02   8.6758186E-06   6.8847264E-02
   3.7681159E-01   5.2458694E+02   0.0000000E+00   5.2458694E+02   7.5299954E-02   0.0000000E+00   7.5299954E-02
   3.9130435E-01   8.4192965E+02   0.0000000E+00   8.4192965E+02   8.1408989E-02   0.0000000E+00   8.1408989E-02
   4.0579710E-01   5.9536454E+02   2.7062024E+01   6.2242656E+02   5.0329316E-02   1.1395338E-04   4.8136184E-02
   4.2028986E-01   4.9644817E+02   0.0000000E+00   4.9644817E+02   2.2331666E-02   0.0000000E+00   2.2331666E-02
   4.3478261E-01   5.3041568E+02   0.0000000E+00   5.3041568E+02   2.0281058E-02   0.0000000E+00   2.0281058E-02
   4.4927536E-01   4.1553302E+02   0.0000000E+00   4.1553302E+02   4.7984117E-02   0.0000000E+00   4.7984117E-02
   4.6376812E-01   3.5518907E+02   0.0000000E+00   3.5518907E+02   3.5492668E-06   0.0000000E+00   3.5492668E-06
   4.7826087E-01   2.7554061E+02   2.2961718E+01   2.9850233E+02   3.4983867E-06   3.2329273E-06   3.4715465E-06
   4.9275362E-01   2.4515010E+02   0.0000000E+00   2.4515010E+02   1.2672260E-05   0.0000000E+00   1.2672260E-05
   5.0724638E-01   1.5154734E+02   0.0000000E+00   1.5154734E+02   1.7985773E-05   0.0000000E+00   1.7985773E-05
   5.2173913E-01   6.3144724E+01   0.0000000E+00   6.3144724E+01   9.9934944E-06   0.0000000E+00   9.9934944E-06
   5.3623188E-01   1.2287622E+02   0.0000000E+00   1.2287622E+02   1.2242446E-01   0.0000000E+00   1.2242446E-01
   5.5072464E-01   5.9821317E+01   0.0000000E+00   5.9821317E+01   1.1696254E-01   0.0000000E+00   1.1696254E-01
   5.6521739E-01   1.9429146E+01   0.0000000E+00   1.9429146E+01   2.9111640E-05   0.0000000E+00   2.9111640E-05
   5.7971014E-01   3.7886834E+01   0.0000000E+00   3.7886834E+01   1.2537666E-05   0.0000000E+00   1.2537666E-05
   5.9420290E-01   1.8481383E+01   0.0000000E+00   1.8481383E+01   1.4262733E-06   0.0000000E+00   1.4262733E-06
   6.0869565E-01   0.0000000E+00   0.0000000E+00   0.0000000E+00   0.0000000E+00   0.0000000E+00   0.0000000E+00
   6.2318841E-01   3.5243567E+01   0.0000000E+00   3.5243567E+01   1.0731427E-05   0.0000000E+00   1.0731427E-05
   6.3768116E-01   5.1663865E+01   0.0000000E+00   5.1663865E+01   1.3161432E-05   0.0000000E+00   1.3161432E-05
   6.5217391E-01   1.6838593E+01   0.0000000E+00   1.6838593E+01   2.5476051E-05   0.0000000E+00   2.5476051E-05
   6.6666667E-01   0.0000000E+00   0.0000000E+00   0.0000000E+00   0.0000000E+00   0.0000000E+00   0.0000000E+00
   6.8115942E-01   1.6122057E+01   0.0000000E+00   1.6122057E+01   3.7575113E-07   0.0000000E+00   3.7575113E-07
   6.9565217E-01   0.0000000E+00   0.0000000E+00   0.0000000E+00   0.0000000E+00   0.0000000E+00   0.0000000E+00
   7.1014493E-01   0.0000000E+00   0.0000000E+00   0.0000000E+00   0.0000000E+00   0.0000000E+00   0.0000000E+00
   7.2463768E-01   3.0309467E+01   0.0000000E+00   3.0309467E+01   4.4023279E-07   0.0000000E+00   4.4023279E-07
   7.3913043E-01   1.4857582E+01   0.0000000E+00   1.4857582E+01   3.5384331E-05   0.0000000E+00   3.5384331E-05
   7.5362319E-01   4.3715578E+01   0.0000000E+00   4.3715578E+01   3.4888452E-06   0.0000000E+00   3.4888452E-06
   7.6811594E-01   0.0000000E+00   0.0000000E+00   0.0000000E+00   0.0000000E+00   0.0000000E+00   0.0000000E+00
   7.8260870E-01   0.0000000E+00   0.0000000E+00   0.0000000E+00   0.0000000E+00   0.0000000E+00   0.0000000E+00
   7.9710145E-01   0.0000000E+00   0.0000000E+00   0.0000000E+00   0.0000000E+00   0.0000000E+00   0.0000000E+00
   8.1159420E-01   0.0000000E+00   0.0000000E+00   0.0000000E+00   0.0000000E+00   0.0000000E+00   0.0000000E+00
   8.2608696E-01   2.6587252E+01   0.0000000E+00   2.6587252E+01   3.8385623E-06   0.0000000E+00   3.8385623E-06
   8.4057971E-01   0.0000000E+00   0.0000000E+00   0.0000000E+00   0.0000000E+00   0.0000000E+00   0.0000000E+00
   8.5507246E-01   0.0000000E+00   0.0000000E+00   0.0000000E+00   0.0000000E+00   0.0000000E+00   0.0000000E+00
   8.6956522E-01   0.0000000E+00   0.0000000E+00   0.0000000E+00   0.0000000E+00   0.0000000E+00   0.0000000E+00
   8.8405797E-01   1.2421913E+01   0.0000000E+00   1.2421913E+01   1.2915192E-05   0.0000000E+00   1.2915192E-05
   8.9855072E-01   0.0000000E+00   0.0000000E+00   0.0000000E+00   0.0000000E+00   0.0000000E+00   0.0000000E+00
   9.1304348E-01   0.0000000E+00   0.0000000E+00   0.0000000E+00   0.0000000E+00   0.0000000E+00   0.0000000E+00
   9.2753623E-01   0.0000000E+00   0.0000000E+00   0.0000000E+00   0.0000000E+00   0.0000000E+00   0.0000000E+00
   9.4202899E-01   0.0000000E+00   0.0000000E+00   0.0000000E+00   0.0000000E+00   0.0000000E+00   0.0000000E+00
   9.5652174E-01   0.0000000E+00   0.0000000E+00   0.0000000E+00   0.0000000E+00   0.0000000E+00   0.0000000E+00
   9.7101449E-01   0.0000000E+00   0.0000000E+00   0.0000000E+00   0.0000000E+00   0.0000000E+00   0.0000000E+00
   9.8550725E-01   0.0000000E+00   0.0000000E+00   0.0000000E+00   0.0000000E+00   0.0000000E+00   0.0000000E+00
   1.0000000E+00   0.0000000E+00   0.0000000E+00   0.0000000E+00   0.0000000E+00   0.0000000E+00   0.0000000E+00
