   0.0000000E+00   7.9677528E+07   3.9281070E+07   1.1895860E+08   7.7299540E-04   8.6019494E-04   2.8448843E-04
   1.4492754E-02   8.9598574E+07   4.4696614E+07   1.3429064E+08   2.5547322E-04   1.5219394E-04   1.6905215E-04
   2.8985507E-02   7.4278654E+07   3.7178729E+07   1.1145511E+08   3.3538841E-04   1.4490216E-04   2.2729290E-04
   4.3478261E-02   4.2317573E+07   2.1229761E+07   6.3545061E+07   1.5934393E-03   1.4488937E-03   1.5364696E-03
   5.7971014E-02   2.4469401E+07   1.2200508E+07   3.6668962E+07   2.4447704E-03   1.3769208E-03   2.0726856E-03
   7.2463768E-02   4.3754747E+06   2.1533361E+06   6.5288108E+06   1.2778389E-02   7.7710653E-03   1.1104762E-02
   8.6956522E-02   9.3353159E+05   4.2850009E+05   1.3620317E+06   3.0179695E-02   2.2398068E-02   2.7507788E-02
   1.0144928E-01   4.5269354E+05   2.0816109E+05   6.6085464E+05   2.6069140E-02   1.8459929E-02   2.3661590E-02
   1.1594203E-01   1.4832696E+05   6.6964979E+04   2.1529194E+05   2.5795603E-02   1.3864602E-02   2.2083935E-02
   1.3043478E-01   5.8093146E+03   2.5257889E+03   8.3351035E+03   6.9382400E-02   3.4462080E-02   5.8605251E-02
   1.4492754E-01   3.9402308E+03   2.1974364E+03   6.1376671E+03   1.1535340E-01   5.0813772E-02   9.2205835E-02
   1.5942029E-01   3.9953389E+03   1.8598991E+03   5.8552380E+03   7.6831244E-02   7.9170229E-02   7.6197408E-02
   1.7391304E-01   5.0515779E+03   1.2628945E+03   6.3144724E+03   1.1432711E-01   7.4375630E-02   1.0632142E-01
   1.8840580E-01   3.0892342E+03   9.9088643E+02   4.0801206E+03   1.0637762E-01   8.5118496E-02   1.0116193E-01
   2.0289855E-01   4.1134277E+03   1.4613493E+03   5.5747770E+03   1.7318980E-01   1.3512802E-01   1.6316433E-01
   2.1739130E-01   3.0309467E+03   1.1113471E+03   4.1422939E+03   1.8220229E-01   1.4506156E-01   1.7201721E-01
   2.3188406E-01   2.9835882E+03   1.5154734E+03   4.4990616E+03   1.7129424E-01   1.4808967E-01   1.6317784E-01
   2.4637681E-01   2.7189375E+03   8.9145492E+02   3.6103924E+03   2.1047430E-01   1.5775487E-01   1.9742981E-01
   2.6086957E-01   2.1469206E+03   7.5773668E+02   2.9046573E+03   1.8115854E-01   1.0534154E-01   1.6138019E-01
   2.7536232E-01   2.3928527E+03   5.1845142E+02   2.9113041E+03   1.9099867E-01   1.6550776E-01   1.8642396E-01
   2.8985507E-01   1.7806812E+03   4.9252884E+02   2.2732101E+03   2.5962854E-01   1.8306492E-01   2.4301908E-01
   3.0434783E-01   1.2628945E+03   2.5257889E+02   1.5154734E+03   2.4713792E-01   1.8905011E-01   2.3742445E-01
   3.1884058E-01   1.2399328E+03   6.1996638E+02   1.8598991E+03   1.4706317E-01   1.1361180E-01   1.3586903E-01
   3.3333333E-01   9.5540712E+02   3.6239581E+02   1.3178029E+03   1.9865845E-01   1.8514917E-01   1.9493342E-01
   3.4782609E-01   9.4717086E+02   2.5257889E+02   1.1997497E+03   1.9674193E-01   1.2153031E-01   1.8090425E-01
   3.6231884E-01   7.8804615E+02   3.0309467E+02   1.0911408E+03   1.5574562E-01   1.9654295E-01   1.6694441E-01
   3.7681159E-01   6.4116181E+02   8.7431156E+01   7.2859297E+02   2.6214844E-01   2.7490487E-01   2.6366222E-01
   3.9130435E-01   6.1741508E+02   1.1225729E+02   7.2967236E+02   2.1463171E-01   9.4231070E-02   1.9607008E-01
   4.0579710E-01   4.3299239E+02   1.8943417E+02   6.2242656E+02   2.2495180E-01   1.8760593E-01   2.1301841E-01
   4.2028986E-01   4.4419047E+02   7.8386554E+01   5.2257702E+02   2.3403211E-01   1.4028360E-01   2.1929405E-01
   4.3478261E-01   5.0515779E+02   1.0103156E+02   6.0618935E+02   2.2532964E-01   1.3221406E-01   2.0970791E-01
   4.4927536E-01   5.6219173E+02   1.2221559E+02   6.8440733E+02   2.3274224E-01   2.3823686E-01   2.3370907E-01
   4.6376812E-01   3.5518907E+02   7.1037814E+01   4.2622688E+02   1.4096346E-01   3.7688382E-06   1.1746895E-01
   4.7826087E-01   2.7554061E+02   6.8885153E+01   3.4442577E+02   2.6048033E-01   1.1358733E-01   2.3105863E-01
   4.9275362E-01   3.5658197E+02   2.2286373E+01   3.7886834E+02   1.2439494E-01   3.0094893E-01   1.3476637E-01
   5.0724638E-01   8.6598478E+01   6.4948859E+01   1.5154734E+02   1.4006655E-01   1.2228189E-01   1.3235129E-01
   5.2173913E-01   1.6838593E+02   2.1048241E+01   1.8943417E+02   2.1623670E-01   1.0388991E-05   1.9220925E-01
   5.3623188E-01   1.0239685E+02   2.0479370E+01   1.2287622E+02   2.4471415E-01   1.3479055E-05   2.0392622E-01
   5.5072464E-01   1.3958307E+02   5.9821317E+01   1.9940439E+02   1.8090507E-01   1.1652153E-05   1.2663705E-01
   5.6521739E-01   1.5543317E+02   7.7716583E+01   2.3314975E+02   7.9308288E-02   2.0208014E-01   1.2010661E-01
   5.7971014E-01   1.1366050E+02   5.6830251E+01   1.7049075E+02   3.0669752E-01   6.1375014E-06   2.0446299E-01
   5.9420290E-01   5.5444148E+01   3.6962765E+01   9.2406913E+01   2.7654835E-01   1.3947022E-01   2.2171606E-01
   6.0869565E-01   1.8041350E+01   5.4124049E+01   7.2165398E+01   1.4050275E-04   2.5593187E-01   1.9198403E-01
   6.2318841E-01   8.8108917E+01   1.7621783E+01   1.0573070E+02   1.8411133E-01   4.2752239E-01   2.2426688E-01
   6.3768116E-01   1.5499159E+02   0.0000000E+00   1.5499159E+02   2.9975751E-01   0.0000000E+00   2.9975751E-01
   6.5217391E-01   5.0515779E+01   0.0000000E+00   5.0515779E+01   2.4648969E-01   0.0000000E+00   2.4648969E-01
   6.6666667E-01   6.5890146E+01   3.2945073E+01   9.8835220E+01   2.0293053E-01   1.8490960E-01   1.9665423E-01
   6.8115942E-01   1.6122057E+01   3.2244114E+01   4.8366171E+01   5.7356700E-06   2.9024942E-05   1.7502874E-05
   6.9565217E-01   1.5786181E+01   1.5786181E+01   3.1572362E+01   2.0085210E-06   1.9454448E-06   1.9694204E-06
   7.1014493E-01   4.6392042E+01   1.5464014E+01   6.1856056E+01   1.1154737E-01   4.1659780E-01   1.8780963E-01
   7.2463768E-01   4.5464201E+01   1.5154734E+01   6.0618935E+01   2.2113058E-01   1.8543352E-06   1.6584747E-01
   7.3913043E-01   4.4572746E+01   0.0000000E+00   4.4572746E+01   2.0604081E-01   0.0000000E+00   2.0604081E-01
   7.5362319E-01   0.0000000E+00   2.9143719E+01   2.9143719E+01   0.0000000E+00   3.4010152E-01   3.4010152E-01
   7.6811594E-01   2.8593837E+01   1.4296919E+01   4.2890756E+01   4.0507199E-01   3.6951497E-01   3.9315231E-01
   7.8260870E-01   0.0000000E+00   0.0000000E+00   0.0000000E+00   0.0000000E+00   0.0000000E+00   0.0000000E+00
   7.9710145E-01   1.3777031E+01   0.0000000E+00   1.3777031E+01   6.6245114E-06   0.0000000E+00   6.6245114E-06
   8.1159420E-01   1.3531012E+01   1.3531012E+01   2.7062024E+01   3.7361944E-01   6.4453495E-08   1.8680969E-01
   8.2608696E-01   1.3293626E+01   1.3293626E+01   2.6587252E+01   1.8937319E-06   7.1693146E-06   4.5240856E-06
   8.4057971E-01   0.0000000E+00   0.0000000E+00   0.0000000E+00   0.0000000E+00   0.0000000E+00   0.0000000E+00
   8.5507246E-01   1.2842995E+01   1.2842995E+01   2.5685989E+01   3.4899943E-01   2.8116852E-05   1.7451354E-01
   8.6956522E-01   1.2628945E+01   0.0000000E+00   1.2628945E+01   2.9294189E-01   0.0000000E+00   2.9294189E-01
   8.8405797E-01   3.7265739E+01   0.0000000E+00   3.7265739E+01   6.5319308E-05   0.0000000E+00   6.5319308E-05
   8.9855072E-01   2.4443119E+01   0.0000000E+00   2.4443119E+01   4.1766035E-01   0.0000000E+00   4.1766035E-01
   9.1304348E-01   0.0000000E+00   0.0000000E+00   0.0000000E+00   0.0000000E+00   0.0000000E+00   0.0000000E+00
   9.2753623E-01   0.0000000E+00   0.0000000E+00   0.0000000E+00   0.0000000E+00   0.0000000E+00   0.0000000E+00
   9.4202899E-01   1.1657487E+01   2.3314975E+01   3.4972462E+01   8.3921517E-06   2.2840700E-05   1.8024433E-05
   9.5652174E-01   0.0000000E+00   0.0000000E+00   0.0000000E+00   0.0000000E+00   0.0000000E+00   0.0000000E+00
   9.7101449E-01   0.0000000E+00   0.0000000E+00   0.0000000E+00   0.0000000E+00   0.0000000E+00   0.0000000E+00
   9.8550725E-01   0.0000000E+00   0.0000000E+00   0.0000000E+00   0.0000000E+00   0.0000000E+00   0.0000000E+00
   1.0000000E+00   0.0000000E+00   0.0000000E+00   0.0000000E+00   0.0000000E+00   0.0000000E+00   0.0000000E+00
