   0.0000000E+00   7.2318389E+07   3.5122611E+07   1.0744100E+08   2.3447713E-03   1.2919270E-04   1.5363560E-03
   1.4492754E-02   7.1869051E+07   3.5336293E+07   1.0720459E+08   1.2981082E-03   3.6973284E-05   8.6365193E-04
   2.8985507E-02   6.1117525E+07   2.9980231E+07   9.1096241E+07   4.6920746E-03   2.5412795E-05   3.1551078E-03
   4.3478261E-02   4.1971288E+07   2.0776887E+07   6.2746407E+07   1.1499599E-02   6.7005663E-05   7.7125818E-03
   5.7971014E-02   2.4817581E+07   1.2474619E+07   3.7291064E+07   2.4468973E-02   1.6387849E-04   1.6335014E-02
   7.2463768E-02   9.6129507E+06   4.9295318E+06   1.4542331E+07   5.3593118E-02   3.4011790E-04   3.5544206E-02
   8.6956522E-02   3.2275794E+06   1.7757559E+06   5.0033353E+06   8.9190082E-02   5.8255212E-04   5.7741785E-02
   1.0144928E-01   1.0285734E+06   5.9200885E+05   1.6205823E+06   1.1505756E-01   1.4813933E-04   7.3079992E-02
   1.1594203E-01   2.2125911E+05   1.2976241E+05   3.5102152E+05   1.0632254E-01   2.3004231E-05   6.7019695E-02
   1.3043478E-01   5.8935075E+03   1.6838593E+03   7.5773668E+03   1.3440465E-01   6.7587167E-06   1.0453831E-01
   1.4492754E-01   2.8036257E+03   1.6670207E+03   4.4706464E+03   1.4725142E-01   1.8255200E-06   9.2344079E-02
   1.5942029E-01   2.4798655E+03   5.5108122E+02   3.0309467E+03   2.1183128E-01   1.4840623E-05   1.7331752E-01
   1.7391304E-01   2.0837759E+03   8.2088141E+02   2.9046573E+03   2.3136770E-01   1.3097255E-05   1.6598476E-01
   1.8840580E-01   2.3897849E+03   6.9944925E+02   3.0892342E+03   2.3510583E-01   2.9858609E-05   1.8186779E-01
   2.0289855E-01   1.4072253E+03   5.4124049E+02   1.9484658E+03   2.6540476E-01   4.3632576E-05   1.9166964E-01
   2.1739130E-01   1.1113471E+03   4.5464201E+02   1.5659891E+03   2.1280454E-01   5.3030307E-05   1.5103784E-01
   2.3188406E-01   9.4717086E+02   4.7358543E+02   1.4207563E+03   2.4975673E-01   8.5233203E-06   1.6650205E-01
   2.4637681E-01   6.2401845E+02   2.6743648E+02   8.9145492E+02   2.4176920E-01   1.1742953E-06   1.6923827E-01
   2.6086957E-01   1.0524121E+03   3.7886834E+02   1.4312804E+03   2.6509472E-01   1.1652153E-05   1.9492567E-01
   2.7536232E-01   6.7797493E+02   3.1904702E+02   9.9702195E+02   3.1108772E-01   1.3672594E-05   2.1154402E-01
   2.8985507E-01   5.6830251E+02   3.4098151E+02   9.0928402E+02   2.4505145E-01   1.7644278E-07   1.5315711E-01
   3.0434783E-01   6.1340589E+02   2.8866159E+02   9.0206748E+02   3.0818335E-01   1.0893123E-05   2.0956814E-01
   3.1884058E-01   4.8219607E+02   6.8885153E+01   5.5108122E+02   2.6703618E-01   5.6404257E-06   2.3365596E-01
   3.3333333E-01   3.6239581E+02   1.6472537E+02   5.2712117E+02   2.7407954E-01   1.2618399E-05   1.8842614E-01
   3.4782609E-01   7.8930905E+02   9.4717086E+01   8.8402613E+02   2.8632473E-01   6.7284250E-06   2.5564640E-01
   3.6231884E-01   2.4247574E+02   6.0618935E+01   3.0309467E+02   2.2825436E-01   7.9659907E-06   1.8260506E-01
   3.7681159E-01   1.4571859E+02   5.8287437E+01   2.0400603E+02   2.0966322E-01   2.4968021E-05   1.4976657E-01
   3.9130435E-01   4.2096482E+02   1.4032161E+02   5.6128643E+02   2.5229921E-01   1.5109139E-05   1.8922068E-01
   4.0579710E-01   2.9768227E+02   5.4124049E+01   3.5180632E+02   2.8192870E-01   5.9637131E-07   2.3855496E-01
   4.2028986E-01   1.5677311E+02   7.8386554E+01   2.3515966E+02   4.0574332E-01   1.8811291E-06   2.7049492E-01
   4.3478261E-01   2.2732101E+02   2.5257889E+01   2.5257889E+02   3.7424332E-01   1.4126678E-05   3.3682039E-01
   4.4927536E-01   1.9554495E+02   4.8886238E+01   2.4443119E+02   3.2647891E-01   5.2364169E-06   2.6118417E-01
   4.6376812E-01   1.8943417E+02   0.0000000E+00   1.8943417E+02   3.4787933E-01   0.0000000E+00   3.4787933E-01
   4.7826087E-01   9.1846871E+01   2.2961718E+01   1.1480859E+02   2.5756591E-01   8.6813256E-06   2.0605446E-01
   4.9275362E-01   8.9145492E+01   2.2286373E+01   1.1143187E+02   1.5433320E-01   1.3498704E-05   1.2346919E-01
   5.0724638E-01   8.6598478E+01   2.1649620E+01   1.0824810E+02   9.8244691E-06   1.4647228E-05   1.0676001E-05
   5.2173913E-01   8.4192965E+01   2.1048241E+01   1.0524121E+02   1.6288510E-01   1.2571942E-06   1.3030783E-01
   5.3623188E-01   6.1438110E+01   0.0000000E+00   6.1438110E+01   2.3133810E-01   0.0000000E+00   2.3133810E-01
   5.5072464E-01   1.1964263E+02   0.0000000E+00   1.1964263E+02   1.1003263E-01   0.0000000E+00   1.1003263E-01
   5.6521739E-01   0.0000000E+00   0.0000000E+00   0.0000000E+00   0.0000000E+00   0.0000000E+00   0.0000000E+00
   5.7971014E-01   7.5773668E+01   0.0000000E+00   7.5773668E+01   1.7932745E-01   0.0000000E+00   1.7932745E-01
   5.9420290E-01   3.6962765E+01   1.8481383E+01   5.5444148E+01   7.5943453E-06   3.8424873E-06   6.3406012E-06
   6.0869565E-01   5.4124049E+01   0.0000000E+00   5.4124049E+01   2.0796769E-01   0.0000000E+00   2.0796769E-01
   6.2318841E-01   0.0000000E+00   0.0000000E+00   0.0000000E+00   0.0000000E+00   0.0000000E+00   0.0000000E+00
   6.3768116E-01   1.7221288E+01   0.0000000E+00   1.7221288E+01   2.3820672E-05   0.0000000E+00   2.3820672E-05
   6.5217391E-01   3.3677186E+01   1.6838593E+01   5.0515779E+01   1.4567355E-05   3.3327043E-05   6.8335047E-06
   6.6666667E-01   4.9417610E+01   0.0000000E+00   4.9417610E+01   1.7997960E-05   0.0000000E+00   1.7997960E-05
   6.8115942E-01   6.4488228E+01   0.0000000E+00   6.4488228E+01   1.8743406E-01   0.0000000E+00   1.8743406E-01
   6.9565217E-01   4.7358543E+01   0.0000000E+00   4.7358543E+01   4.7231316E-06   0.0000000E+00   4.7231316E-06
   7.1014493E-01   1.0824810E+02   0.0000000E+00   1.0824810E+02   3.5881173E-04   0.0000000E+00   3.5881173E-04
   7.2463768E-01   7.5773668E+01   0.0000000E+00   7.5773668E+01   1.1825625E-03   0.0000000E+00   1.1825625E-03
   7.3913043E-01   7.4287910E+01   0.0000000E+00   7.4287910E+01   2.1841059E-05   0.0000000E+00   2.1841059E-05
   7.5362319E-01   8.7431156E+01   0.0000000E+00   8.7431156E+01   9.0831023E-07   0.0000000E+00   9.0831023E-07
   7.6811594E-01   8.5781511E+01   0.0000000E+00   8.5781511E+01   1.9674603E-05   0.0000000E+00   1.9674603E-05
   7.8260870E-01   1.1225729E+02   0.0000000E+00   1.1225729E+02   6.1327581E-06   0.0000000E+00   6.1327581E-06
   7.9710145E-01   0.0000000E+00   0.0000000E+00   0.0000000E+00   0.0000000E+00   0.0000000E+00   0.0000000E+00
   8.1159420E-01   1.3531012E+01   0.0000000E+00   1.3531012E+01   8.6128816E-06   0.0000000E+00   8.6128816E-06
   8.2608696E-01   0.0000000E+00   0.0000000E+00   0.0000000E+00   0.0000000E+00   0.0000000E+00   0.0000000E+00
   8.4057971E-01   5.2257702E+01   0.0000000E+00   5.2257702E+01   6.8506614E-07   0.0000000E+00   6.8506614E-07
   8.5507246E-01   8.9900963E+01   0.0000000E+00   8.9900963E+01   9.4041826E-06   0.0000000E+00   9.4041826E-06
   8.6956522E-01   6.3144724E+01   0.0000000E+00   6.3144724E+01   4.9754900E-05   0.0000000E+00   4.9754900E-05
   8.8405797E-01   2.4843826E+01   0.0000000E+00   2.4843826E+01   8.7396688E-06   0.0000000E+00   8.7396688E-06
   8.9855072E-01   0.0000000E+00   0.0000000E+00   0.0000000E+00   0.0000000E+00   0.0000000E+00   0.0000000E+00
   9.1304348E-01   3.6082699E+01   0.0000000E+00   3.6082699E+01   5.0482060E-06   0.0000000E+00   5.0482060E-06
   9.2753623E-01   3.5518907E+01   0.0000000E+00   3.5518907E+01   6.4692463E-06   0.0000000E+00   6.4692463E-06
   9.4202899E-01   1.1657487E+01   0.0000000E+00   1.1657487E+01   7.6312608E-06   0.0000000E+00   7.6312608E-06
   9.5652174E-01   2.2961718E+01   0.0000000E+00   2.2961718E+01   2.9653537E-05   0.0000000E+00   2.9653537E-05
   9.7101449E-01   2.2619005E+01   0.0000000E+00   2.2619005E+01   1.7491420E-06   0.0000000E+00   1.7491420E-06
   9.8550725E-01   1.1143187E+01   0.0000000E+00   1.1143187E+01   3.0373540E-06   0.0000000E+00   3.0373540E-06
   1.0000000E+00   0.0000000E+00   0.0000000E+00   0.0000000E+00   0.0000000E+00   0.0000000E+00   0.0000000E+00
