   0.0000000E+00   6.9299566E+07   3.4764959E+07   1.0406453E+08   1.8044232E-03   4.1518524E-04   1.1414490E-03
   1.4492754E-02   7.8685650E+07   3.9282585E+07   1.1796672E+08   4.8281914E-04   5.3309281E-05   3.3428417E-04
   2.8985507E-02   6.6246266E+07   3.3383605E+07   9.9627219E+07   1.3893220E-03   2.1643038E-04   9.8890567E-04
   4.3478261E-02   4.0032492E+07   2.0070929E+07   6.0101401E+07   5.0939449E-03   2.1691673E-04   3.4412920E-03
   5.7971014E-02   2.5162730E+07   1.2637343E+07   3.7798937E+07   1.1230052E-02   6.4565350E-04   7.6922055E-03
   7.2463768E-02   7.1313630E+06   3.5398427E+06   1.0670903E+07   3.9702704E-02   1.8242437E-03   2.7138466E-02
   8.6956522E-02   2.8002159E+06   1.4277022E+06   4.2279181E+06   7.4906196E-02   4.6073799E-03   5.1166498E-02
   1.0144928E-01   1.2538377E+06   6.5771544E+05   1.9115532E+06   1.0039015E-01   4.7061664E-03   6.7459062E-02
   1.1594203E-01   2.8765579E+05   1.5912470E+05   4.4678049E+05   9.1964535E-02   3.3869733E-03   6.0237807E-02
   1.3043478E-01   2.8625608E+03   1.6838593E+03   4.5464201E+03   1.3958406E-01   1.5061610E-05   8.7890596E-02
   1.4492754E-01   1.3639260E+03   5.3041568E+02   1.8943417E+03   1.3211467E-01   1.2855048E-06   9.5122673E-02
   1.5942029E-01   1.8598991E+03   9.6439214E+02   2.8242913E+03   1.9059442E-01   2.9887119E-03   1.2449414E-01
   1.7391304E-01   9.4717086E+02   0.0000000E+00   9.4717086E+02   2.2986728E-01   0.0000000E+00   2.2986728E-01
   1.8840580E-01   9.9088643E+02   1.7486231E+02   1.1657487E+03   1.3454507E-01   6.5315309E-06   1.1436239E-01
   2.0289855E-01   4.8711644E+02   2.7062024E+02   7.5773668E+02   2.4675696E-01   1.4708826E-05   1.5862947E-01
   2.1739130E-01   5.5567357E+02   3.5361045E+02   9.0928402E+02   2.5224439E-01   7.2626075E-05   1.5417323E-01
   2.3188406E-01   2.3679271E+02   1.8943417E+02   4.2622688E+02   3.3247756E-01   4.3492090E-06   1.8471130E-01
   2.4637681E-01   3.5658197E+02   1.7829098E+02   5.3487295E+02   1.3034537E-01   8.5810864E-06   8.6894193E-02
   2.6086957E-01   1.6838593E+02   2.1048241E+02   3.7886834E+02   2.0391549E-01   6.2112862E-02   1.1708671E-01
   2.7536232E-01   3.9880878E+01   1.1964263E+02   1.5952351E+02   4.1846351E-01   1.0404603E-05   1.0460826E-01
   2.8985507E-01   1.1366050E+02   7.5773668E+01   1.8943417E+02   2.5912592E-01   4.5399493E-06   1.5547465E-01
   3.0434783E-01   1.4433080E+02   1.8041350E+02   3.2474429E+02   3.0321332E-01   1.7036647E-06   1.3476069E-01
   3.1884058E-01   1.3777031E+02   6.8885153E+01   2.0665546E+02   1.8831314E-01   9.7915656E-07   1.2554188E-01
   3.3333333E-01   1.6472537E+02   3.2945073E+01   1.9767044E+02   2.8315212E-01   3.6574962E-01   2.8684652E-01
   3.4782609E-01   2.2100653E+02   3.1572362E+01   2.5257889E+02   2.6174907E-01   3.8176952E-05   2.2903508E-01
   3.6231884E-01   2.1216627E+02   6.0618935E+01   2.7278521E+02   2.6441060E-01   1.7924843E-06   2.0565231E-01
   3.7681159E-01   8.7431156E+01   0.0000000E+00   8.7431156E+01   1.0334906E-01   0.0000000E+00   1.0334906E-01
   3.9130435E-01   5.6128643E+01   0.0000000E+00   5.6128643E+01   2.9207650E-01   0.0000000E+00   2.9207650E-01
   4.0579710E-01   1.0824810E+02   2.7062024E+01   1.3531012E+02   2.2401061E-01   1.5747562E-05   1.7920542E-01
   4.2028986E-01   1.3064426E+02   7.8386554E+01   2.0903081E+02   3.4941257E-01   9.9632704E-06   2.1837920E-01
   4.3478261E-01   1.2628945E+02   0.0000000E+00   1.2628945E+02   3.1387878E-01   0.0000000E+00   3.1387878E-01
   4.4927536E-01   4.8886238E+01   4.8886238E+01   9.7772475E+01   4.2466151E-01   1.5651751E-05   2.1233834E-01
   4.6376812E-01   4.7358543E+01   2.3679271E+01   7.1037814E+01   3.9483075E-01   4.9931726E-06   2.6321889E-01
   4.7826087E-01   1.3777031E+02   0.0000000E+00   1.3777031E+02   2.3806957E-01   0.0000000E+00   2.3806957E-01
   4.9275362E-01   4.4572746E+01   0.0000000E+00   4.4572746E+01   3.4255646E-01   0.0000000E+00   3.4255646E-01
   5.0724638E-01   6.4948859E+01   2.1649620E+01   8.6598478E+01   2.9788653E-01   6.5314289E-06   2.2341652E-01
   5.2173913E-01   8.4192965E+01   0.0000000E+00   8.4192965E+01   1.4272090E-01   0.0000000E+00   1.4272090E-01
   5.3623188E-01   1.0239685E+02   0.0000000E+00   1.0239685E+02   2.1491837E-01   0.0000000E+00   2.1491837E-01
   5.5072464E-01   9.9702195E+01   1.9940439E+01   1.1964263E+02   3.2258515E-01   5.3985256E-06   2.6882183E-01
   5.6521739E-01   7.7716583E+01   0.0000000E+00   7.7716583E+01   2.1825216E-01   0.0000000E+00   2.1825216E-01
   5.7971014E-01   9.4717086E+01   0.0000000E+00   9.4717086E+01   2.8944354E-01   0.0000000E+00   2.8944354E-01
   5.9420290E-01   3.6962765E+01   3.6962765E+01   7.3925530E+01   2.8586229E-01   9.1282662E-06   1.4293570E-01
   6.0869565E-01   5.4124049E+01   3.6082699E+01   9.0206748E+01   8.0072837E-02   2.5228905E-06   4.8042697E-02
   6.2318841E-01   8.8108917E+01   0.0000000E+00   8.8108917E+01   2.3396033E-01   0.0000000E+00   2.3396033E-01
   6.3768116E-01   3.4442577E+01   1.7221288E+01   5.1663865E+01   2.8740606E-01   9.5748283E-06   1.9160699E-01
   6.5217391E-01   6.7354372E+01   1.6838593E+01   8.4192965E+01   3.7542158E-01   3.5016414E-05   3.0033031E-01
   6.6666667E-01   4.9417610E+01   1.6472537E+01   6.5890146E+01   3.4796798E-01   2.5540658E-05   2.6098230E-01
   6.8115942E-01   8.0610286E+01   4.8366171E+01   1.2897646E+02   3.1735303E-01   8.6644726E-05   1.9837808E-01
   6.9565217E-01   4.7358543E+01   0.0000000E+00   4.7358543E+01   3.4281078E-01   0.0000000E+00   3.4281078E-01
   7.1014493E-01   4.6392042E+01   0.0000000E+00   4.6392042E+01   3.9122361E-01   0.0000000E+00   3.9122361E-01
   7.2463768E-01   1.5154734E+01   1.5154734E+01   3.0309467E+01   2.7219809E-01   5.4245958E-06   1.3609635E-01
   7.3913043E-01   2.9715164E+01   0.0000000E+00   2.9715164E+01   2.9818726E-01   0.0000000E+00   2.9818726E-01
   7.5362319E-01   0.0000000E+00   0.0000000E+00   0.0000000E+00   0.0000000E+00   0.0000000E+00   0.0000000E+00
   7.6811594E-01   0.0000000E+00   0.0000000E+00   0.0000000E+00   0.0000000E+00   0.0000000E+00   0.0000000E+00
   7.8260870E-01   4.2096482E+01   0.0000000E+00   4.2096482E+01   3.2516406E-01   0.0000000E+00   3.2516406E-01
   7.9710145E-01   1.3777031E+01   0.0000000E+00   1.3777031E+01   4.1864674E-01   0.0000000E+00   4.1864674E-01
   8.1159420E-01   1.3531012E+01   0.0000000E+00   1.3531012E+01   4.2430293E-01   0.0000000E+00   4.2430293E-01
   8.2608696E-01   0.0000000E+00   1.3293626E+01   1.3293626E+01   0.0000000E+00   2.1545529E-06   2.1545529E-06
   8.4057971E-01   0.0000000E+00   0.0000000E+00   0.0000000E+00   0.0000000E+00   0.0000000E+00   0.0000000E+00
   8.5507246E-01   2.5685989E+01   0.0000000E+00   2.5685989E+01   4.4271319E-01   0.0000000E+00   4.4271319E-01
   8.6956522E-01   0.0000000E+00   0.0000000E+00   0.0000000E+00   0.0000000E+00   0.0000000E+00   0.0000000E+00
   8.8405797E-01   1.2421913E+01   0.0000000E+00   1.2421913E+01   4.2804277E-01   0.0000000E+00   4.2804277E-01
   8.9855072E-01   1.2221559E+01   0.0000000E+00   1.2221559E+01   4.2503310E-01   0.0000000E+00   4.2503310E-01
   9.1304348E-01   1.2027566E+01   0.0000000E+00   1.2027566E+01   4.2342869E-01   0.0000000E+00   4.2342869E-01
   9.2753623E-01   1.1839636E+01   0.0000000E+00   1.1839636E+01   3.7371374E-01   0.0000000E+00   3.7371374E-01
   9.4202899E-01   0.0000000E+00   0.0000000E+00   0.0000000E+00   0.0000000E+00   0.0000000E+00   0.0000000E+00
   9.5652174E-01   0.0000000E+00   0.0000000E+00   0.0000000E+00   0.0000000E+00   0.0000000E+00   0.0000000E+00
   9.7101449E-01   0.0000000E+00   0.0000000E+00   0.0000000E+00   0.0000000E+00   0.0000000E+00   0.0000000E+00
   9.8550725E-01   0.0000000E+00   0.0000000E+00   0.0000000E+00   0.0000000E+00   0.0000000E+00   0.0000000E+00
   1.0000000E+00   0.0000000E+00   0.0000000E+00   0.0000000E+00   0.0000000E+00   0.0000000E+00   0.0000000E+00
