   0.0000000E+00   6.1406981E+07   3.1424856E+07   9.2831837E+07   1.2014282E-03   8.9026790E-04   1.0700582E-03
   1.4492754E-02   6.7114254E+07   3.4877104E+07   1.0198908E+08   4.4051425E-04   5.6491460E-04   4.0021522E-04
   2.8985507E-02   5.7219349E+07   2.9607045E+07   8.6823742E+07   6.4382751E-04   6.8760744E-04   6.5309992E-04
   4.3478261E-02   3.7987108E+07   1.9271770E+07   5.7258120E+07   2.0352328E-03   1.0691755E-03   1.7094828E-03
   5.7971014E-02   2.5079000E+07   1.2511559E+07   3.7590180E+07   5.3043861E-03   3.5813670E-03   4.7307127E-03
   7.2463768E-02   1.0054408E+07   4.7682854E+06   1.4822542E+07   1.6158517E-02   1.3063536E-02   1.5159786E-02
   8.6956522E-02   4.8831078E+06   2.2245886E+06   7.1076964E+06   2.8539634E-02   2.1748198E-02   2.6414029E-02
   1.0144928E-01   2.3697674E+06   1.0373415E+06   3.4071089E+06   3.5301837E-02   2.6663943E-02   3.2663119E-02
   1.1594203E-01   6.2181767E+05   2.5261047E+05   8.7442813E+05   3.2526943E-02   2.3301278E-02   2.9861270E-02
   1.3043478E-01   9.6821910E+03   2.9467538E+03   1.2628945E+04   5.8890737E-02   4.3382493E-02   5.4175208E-02
   1.4492754E-01   4.0917781E+03   1.8943417E+03   5.9861198E+03   5.1158744E-02   4.9471215E-02   5.0407265E-02
   1.5942029E-01   3.0309467E+03   1.4465882E+03   4.4775350E+03   7.2278595E-02   5.2065711E-02   6.5357171E-02
   1.7391304E-01   2.8415126E+03   1.2628945E+03   4.1044070E+03   5.5196776E-02   2.5948462E-02   4.4652120E-02
   1.8840580E-01   2.8560844E+03   7.5773668E+02   3.6138211E+03   4.0515760E-02   2.8895169E-02   3.4786695E-02
   2.0289855E-01   1.5154734E+03   6.4948859E+02   2.1649620E+03   4.7687019E-02   3.8442918E-02   4.4849390E-02
   2.1739130E-01   1.3134103E+03   4.0412623E+02   1.7175365E+03   6.9817324E-02   7.3484996E-02   7.0325512E-02
   2.3188406E-01   1.2313221E+03   2.8415126E+02   1.5154734E+03   1.0568247E-01   1.2054208E-01   1.0832854E-01
   2.4637681E-01   1.0697459E+03   2.6743648E+02   1.3371824E+03   5.5844701E-02   2.4658979E-02   4.3241561E-02
   2.6086957E-01   9.2612261E+02   2.5257889E+02   1.1787015E+03   5.5367160E-02   1.7679106E-01   8.1196136E-02
   2.7536232E-01   7.9761756E+02   2.3928527E+02   1.0369028E+03   6.6527171E-02   1.1763770E-01   7.8303940E-02
   2.8985507E-01   6.0618935E+02   2.2732101E+02   8.3351035E+02   4.4780146E-02   1.3133326E-06   3.2567622E-02
   3.0434783E-01   4.3299239E+02   3.2474429E+02   7.5773668E+02   5.9063489E-02   1.3991858E-01   9.3453748E-02
   3.1884058E-01   7.5773668E+02   1.3777031E+02   8.9550699E+02   9.2455447E-02   1.7137367E-05   7.8234147E-02
   3.3333333E-01   4.6123103E+02   1.6472537E+02   6.2595639E+02   7.4133233E-02   7.8409519E-06   5.4626517E-02
   3.4782609E-01   4.4201307E+02   1.2628945E+02   5.6830251E+02   5.4974563E-02   1.1897848E-05   4.2760608E-02
   3.6231884E-01   4.2433254E+02   1.5154734E+02   5.7587988E+02   7.1248200E-02   8.5094264E-02   7.4834603E-02
   3.7681159E-01   6.4116181E+02   1.4571859E+02   7.8688040E+02   8.9106527E-02   1.0261656E-01   9.1468164E-02
   3.9130435E-01   4.4902915E+02   1.6838593E+02   6.1741508E+02   8.6104881E-02   9.8501141E-06   6.2619049E-02
   4.0579710E-01   3.7886834E+02   5.4124049E+01   4.3299239E+02   1.7473741E-01   5.5749725E-05   1.5288847E-01
   4.2028986E-01   2.3515966E+02   1.5677311E+02   3.9193277E+02   4.6116428E-02   5.5448951E-02   4.6487039E-02
   4.3478261E-01   3.2835256E+02   1.0103156E+02   4.2938412E+02   5.4530740E-02   6.8604504E-02   5.7830226E-02
   4.4927536E-01   1.9554495E+02   9.7772475E+01   2.9331743E+02   6.0623501E-02   1.5962991E-01   9.2725590E-02
   4.6376812E-01   1.8943417E+02   7.1037814E+01   2.6047199E+02   9.0601820E-02   1.9786111E-05   6.5886838E-02
   4.7826087E-01   2.2961718E+02   0.0000000E+00   2.2961718E+02   1.1030127E-01   0.0000000E+00   1.1030127E-01
   4.9275362E-01   6.6859119E+01   2.2286373E+01   8.9145492E+01   1.1658692E-01   5.3330647E-06   8.7441522E-02
   5.0724638E-01   8.6598478E+01   4.3299239E+01   1.2989772E+02   1.9509364E-01   1.6919498E-06   1.3006299E-01
   5.2173913E-01   8.4192965E+01   2.1048241E+01   1.0524121E+02   9.0523670E-02   1.0518793E-05   7.2416833E-02
   5.3623188E-01   2.0479370E+02   6.1438110E+01   2.6623181E+02   1.3180721E-01   1.1477934E-01   1.2766035E-01
   5.5072464E-01   7.9761756E+01   3.9880878E+01   1.1964263E+02   1.2747519E-05   6.3549775E-06   1.0560741E-05
   5.6521739E-01   1.1657487E+02   3.8858291E+01   1.5543317E+02   1.8741000E-02   6.3882040E-06   1.4054153E-02
   5.7971014E-01   7.5773668E+01   1.8943417E+01   9.4717086E+01   3.0589358E-02   1.1567722E-04   2.4448373E-02
   5.9420290E-01   5.5444148E+01   3.6962765E+01   9.2406913E+01   1.8014283E-01   1.6892605E-01   1.7514194E-01
   6.0869565E-01   5.4124049E+01   1.8041350E+01   7.2165398E+01   1.2875864E-01   4.2839804E-01   2.0331334E-01
   6.2318841E-01   3.5243567E+01   0.0000000E+00   3.5243567E+01   1.0662457E-01   0.0000000E+00   1.0662457E-01
   6.3768116E-01   8.6106441E+01   0.0000000E+00   8.6106441E+01   5.8255323E-02   0.0000000E+00   5.8255323E-02
   6.5217391E-01   6.7354372E+01   3.3677186E+01   1.0103156E+02   1.2617467E-01   3.8087576E-05   8.4127820E-02
   6.6666667E-01   4.9417610E+01   1.6472537E+01   6.5890146E+01   6.3368890E-02   1.2133913E-04   4.7556815E-02
   6.8115942E-01   3.2244114E+01   0.0000000E+00   3.2244114E+01   3.2702426E-01   0.0000000E+00   3.2702426E-01
   6.9565217E-01   4.7358543E+01   0.0000000E+00   4.7358543E+01   1.3387519E-01   0.0000000E+00   1.3387519E-01
   7.1014493E-01   6.1856056E+01   0.0000000E+00   6.1856056E+01   2.6505091E-01   0.0000000E+00   2.6505091E-01
   7.2463768E-01   1.5154734E+01   0.0000000E+00   1.5154734E+01   1.2221321E-04   0.0000000E+00   1.2221321E-04
   7.3913043E-01   1.4857582E+01   1.4857582E+01   2.9715164E+01   2.1652959E-01   2.5722578E-01   2.3629253E-01
   7.5362319E-01   1.4571859E+01   0.0000000E+00   1.4571859E+01   2.2876259E-01   0.0000000E+00   2.2876259E-01
   7.6811594E-01   0.0000000E+00   1.4296919E+01   1.4296919E+01   0.0000000E+00   3.5630665E-01   3.5630665E-01
   7.8260870E-01   5.6128643E+01   0.0000000E+00   5.6128643E+01   3.1968759E-01   0.0000000E+00   3.1968759E-01
   7.9710145E-01   1.3777031E+01   0.0000000E+00   1.3777031E+01   2.5184612E-01   0.0000000E+00   2.5184612E-01
   8.1159420E-01   0.0000000E+00   1.3531012E+01   1.3531012E+01   0.0000000E+00   4.2191281E-01   4.2191281E-01
   8.2608696E-01   0.0000000E+00   0.0000000E+00   0.0000000E+00   0.0000000E+00   0.0000000E+00   0.0000000E+00
   8.4057971E-01   0.0000000E+00   0.0000000E+00   0.0000000E+00   0.0000000E+00   0.0000000E+00   0.0000000E+00
   8.5507246E-01   1.2842995E+01   0.0000000E+00   1.2842995E+01   4.2574367E-01   0.0000000E+00   4.2574367E-01
   8.6956522E-01   0.0000000E+00   1.2628945E+01   1.2628945E+01   0.0000000E+00   4.2377449E-01   4.2377449E-01
   8.8405797E-01   0.0000000E+00   0.0000000E+00   0.0000000E+00   0.0000000E+00   0.0000000E+00   0.0000000E+00
   8.9855072E-01   1.2221559E+01   0.0000000E+00   1.2221559E+01   4.1931499E-01   0.0000000E+00   4.1931499E-01
   9.1304348E-01   0.0000000E+00   0.0000000E+00   0.0000000E+00   0.0000000E+00   0.0000000E+00   0.0000000E+00
   9.2753623E-01   0.0000000E+00   0.0000000E+00   0.0000000E+00   0.0000000E+00   0.0000000E+00   0.0000000E+00
   9.4202899E-01   0.0000000E+00   0.0000000E+00   0.0000000E+00   0.0000000E+00   0.0000000E+00   0.0000000E+00
   9.5652174E-01   0.0000000E+00   0.0000000E+00   0.0000000E+00   0.0000000E+00   0.0000000E+00   0.0000000E+00
   9.7101449E-01   1.1309503E+01   0.0000000E+00   1.1309503E+01   4.2689692E-01   0.0000000E+00   4.2689692E-01
   9.8550725E-01   0.0000000E+00   0.0000000E+00   0.0000000E+00   0.0000000E+00   0.0000000E+00   0.0000000E+00
   1.0000000E+00   0.0000000E+00   0.0000000E+00   0.0000000E+00   0.0000000E+00   0.0000000E+00   0.0000000E+00
