   0.0000000E+00   4.7895020E+07   2.5162920E+07   7.3057940E+07   3.6371198E-03   2.1566639E-04   2.3662144E-03
   1.4492754E-02   5.2050448E+07   2.6318468E+07   7.8368917E+07   1.2376206E-03   4.4147352E-05   8.2092033E-04
   2.8985507E-02   4.9381321E+07   2.4985231E+07   7.4365794E+07   6.2155803E-04   1.0193422E-04   4.4392088E-04
   4.3478261E-02   3.8443771E+07   1.9232620E+07   5.7675633E+07   6.3432696E-04   3.0112053E-05   4.2455621E-04
   5.7971014E-02   2.5888453E+07   1.2953130E+07   3.8841582E+07   1.6239810E-04   5.4682878E-06   1.0843135E-04
   7.2463768E-02   1.2078626E+07   5.9843012E+06   1.8062776E+07   1.8777518E-03   6.7492583E-05   1.2355254E-03
   8.6956522E-02   6.1779535E+06   3.0968698E+06   9.2748233E+06   1.7668174E-03   6.3557941E-06   1.1778274E-03
   1.0144928E-01   3.2343449E+06   1.5757676E+06   4.8101125E+06   4.4863745E-03   7.0040358E-05   3.0343492E-03
   1.1594203E-01   9.5361162E+05   5.0882018E+05   1.4624318E+06   1.8806099E-02   1.4560919E-04   1.2212409E-02
   1.3043478E-01   4.5800973E+04   1.6165049E+04   6.1966022E+04   1.2289375E-01   7.8349097E-06   9.0834596E-02
   1.4492754E-01   2.3414064E+04   7.4258195E+03   3.0839883E+04   1.5902547E-01   3.0205589E-05   1.2074160E-01
   1.5942029E-01   1.3432605E+04   5.1663865E+03   1.8598991E+04   2.1568099E-01   1.2636655E-05   1.5576610E-01
   1.7391304E-01   8.9034060E+03   2.6520784E+03   1.1555484E+04   2.2145867E-01   5.4480950E-06   1.7063289E-01
   1.8840580E-01   5.4207317E+03   1.8069106E+03   7.2276422E+03   2.4369044E-01   6.3049931E-06   1.8276693E-01
   2.0289855E-01   4.6546682E+03   1.2989772E+03   5.9536454E+03   2.5917882E-01   1.2710938E-06   2.0263047E-01
   2.1739130E-01   2.7278521E+03   1.3134103E+03   4.0412623E+03   2.4942069E-01   6.9627724E-06   1.6835671E-01
   2.3188406E-01   2.0837759E+03   1.1366050E+03   3.2203809E+03   2.7708470E-01   1.3906731E-05   1.7929394E-01
   2.4637681E-01   1.9166281E+03   4.9030021E+02   2.4069283E+03   2.5689642E-01   1.2144468E-04   2.0454145E-01
   2.6086957E-01   1.4312804E+03   3.3677186E+02   1.7680523E+03   3.0069492E-01   5.5129552E-06   2.4342052E-01
   2.7536232E-01   5.5833229E+02   5.9821317E+02   1.1565455E+03   3.1426791E-01   1.0922775E-05   1.5171073E-01
   2.8985507E-01   8.3351035E+02   2.2732101E+02   1.0608314E+03   2.6416394E-01   1.2701065E-05   2.0755994E-01
   3.0434783E-01   6.8557129E+02   1.0824810E+02   7.9381938E+02   2.5097283E-01   2.2745775E-05   2.1674623E-01
   3.1884058E-01   3.4442577E+02   3.4442577E+02   6.8885153E+02   2.5073661E-01   1.0130369E-06   1.2536874E-01
   3.3333333E-01   3.6239581E+02   1.3178029E+02   4.9417610E+02   2.8455421E-01   2.6518402E-05   2.0866615E-01
   3.4782609E-01   3.1572362E+02   0.0000000E+00   3.1572362E+02   2.9893386E-01   0.0000000E+00   2.9893386E-01
   3.6231884E-01   3.6371361E+02   3.0309467E+01   3.9402308E+02   3.5335476E-01   3.3950212E-05   3.2617622E-01
   3.7681159E-01   2.6229347E+02   1.1657487E+02   3.7886834E+02   3.1050491E-01   9.0380504E-06   2.1496706E-01
   3.9130435E-01   2.2451457E+02   8.4192965E+01   3.0870754E+02   2.8073560E-01   2.2250264E-05   2.0417739E-01
   4.0579710E-01   1.6237215E+02   5.4124049E+01   2.1649620E+02   2.9931931E-01   1.5730443E-05   2.2449331E-01
   4.2028986E-01   1.8290196E+02   1.5677311E+02   3.3967507E+02   3.3808127E-01   5.2301643E-06   1.8204203E-01
   4.3478261E-01   2.0206312E+02   5.0515779E+01   2.5257889E+02   2.2482457E-01   3.1277810E-06   1.7986028E-01
   4.4927536E-01   2.1998807E+02   0.0000000E+00   2.1998807E+02   3.7713739E-01   0.0000000E+00   3.7713739E-01
   4.6376812E-01   9.4717086E+01   7.1037814E+01   1.6575490E+02   2.5614665E-01   8.5548704E-06   1.4636635E-01
   4.7826087E-01   6.8885153E+01   6.8885153E+01   1.3777031E+02   3.9797682E-01   2.0043271E-06   1.9898766E-01
   4.9275362E-01   8.9145492E+01   0.0000000E+00   8.9145492E+01   2.9266017E-01   0.0000000E+00   2.9266017E-01
   5.0724638E-01   6.4948859E+01   2.1649620E+01   8.6598478E+01   3.8847126E-01   4.9901363E-06   2.9135233E-01
   5.2173913E-01   8.4192965E+01   2.1048241E+01   1.0524121E+02   3.5742830E-01   5.7610836E-06   2.8594374E-01
   5.3623188E-01   1.8431433E+02   4.0958740E+01   2.2527307E+02   2.7926464E-01   6.2631212E-07   2.2848914E-01
   5.5072464E-01   5.9821317E+01   0.0000000E+00   5.9821317E+01   2.6535933E-01   0.0000000E+00   2.6535933E-01
   5.6521739E-01   0.0000000E+00   0.0000000E+00   0.0000000E+00   0.0000000E+00   0.0000000E+00   0.0000000E+00
   5.7971014E-01   1.8943417E+01   0.0000000E+00   1.8943417E+01   3.7259014E-01   0.0000000E+00   3.7259014E-01
   5.9420290E-01   1.8481383E+01   1.8481383E+01   3.6962765E+01   4.7447286E-01   9.6460548E-06   2.3724122E-01
   6.0869565E-01   0.0000000E+00   1.8041350E+01   1.8041350E+01   0.0000000E+00   1.0773814E-06   1.0773814E-06
   6.2318841E-01   1.7621783E+01   1.7621783E+01   3.5243567E+01   5.0017413E-01   6.2215018E-07   2.5008676E-01
   6.3768116E-01   3.4442577E+01   1.7221288E+01   5.1663865E+01   4.2156033E-01   3.4943138E-05   2.8102889E-01
   6.5217391E-01   0.0000000E+00   1.6838593E+01   1.6838593E+01   0.0000000E+00   3.5253654E-06   3.5253654E-06
   6.6666667E-01   1.6472537E+01   0.0000000E+00   1.6472537E+01   4.5903042E-01   0.0000000E+00   4.5903042E-01
   6.8115942E-01   1.6122057E+01   0.0000000E+00   1.6122057E+01   3.6740933E-01   0.0000000E+00   3.6740933E-01
   6.9565217E-01   1.5786181E+01   1.5786181E+01   3.1572362E+01   3.2029410E-01   1.9646920E-05   1.6015653E-01
   7.1014493E-01   1.5464014E+01   0.0000000E+00   1.5464014E+01   4.4209926E-01   0.0000000E+00   4.4209926E-01
   7.2463768E-01   1.5154734E+01   0.0000000E+00   1.5154734E+01   2.5684615E-01   0.0000000E+00   2.5684615E-01
   7.3913043E-01   0.0000000E+00   0.0000000E+00   0.0000000E+00   0.0000000E+00   0.0000000E+00   0.0000000E+00
   7.5362319E-01   0.0000000E+00   0.0000000E+00   0.0000000E+00   0.0000000E+00   0.0000000E+00   0.0000000E+00
   7.6811594E-01   2.8593837E+01   0.0000000E+00   2.8593837E+01   3.7529877E-01   0.0000000E+00   3.7529877E-01
   7.8260870E-01   0.0000000E+00   0.0000000E+00   0.0000000E+00   0.0000000E+00   0.0000000E+00   0.0000000E+00
   7.9710145E-01   0.0000000E+00   0.0000000E+00   0.0000000E+00   0.0000000E+00   0.0000000E+00   0.0000000E+00
   8.1159420E-01   1.3531012E+01   0.0000000E+00   1.3531012E+01   2.9162548E-01   0.0000000E+00   2.9162548E-01
   8.2608696E-01   0.0000000E+00   1.3293626E+01   1.3293626E+01   0.0000000E+00   1.2909936E-05   1.2909936E-05
   8.4057971E-01   0.0000000E+00   0.0000000E+00   0.0000000E+00   0.0000000E+00   0.0000000E+00   0.0000000E+00
   8.5507246E-01   0.0000000E+00   0.0000000E+00   0.0000000E+00   0.0000000E+00   0.0000000E+00   0.0000000E+00
   8.6956522E-01   1.2628945E+01   1.2628945E+01   2.5257889E+01   2.1021737E-01   1.0149868E-05   1.0511373E-01
   8.8405797E-01   0.0000000E+00   1.2421913E+01   1.2421913E+01   0.0000000E+00   1.5353133E-05   1.5353133E-05
   8.9855072E-01   0.0000000E+00   0.0000000E+00   0.0000000E+00   0.0000000E+00   0.0000000E+00   0.0000000E+00
   9.1304348E-01   0.0000000E+00   0.0000000E+00   0.0000000E+00   0.0000000E+00   0.0000000E+00   0.0000000E+00
   9.2753623E-01   0.0000000E+00   0.0000000E+00   0.0000000E+00   0.0000000E+00   0.0000000E+00   0.0000000E+00
   9.4202899E-01   0.0000000E+00   0.0000000E+00   0.0000000E+00   0.0000000E+00   0.0000000E+00   0.0000000E+00
   9.5652174E-01   0.0000000E+00   0.0000000E+00   0.0000000E+00   0.0000000E+00   0.0000000E+00   0.0000000E+00
   9.7101449E-01   0.0000000E+00   0.0000000E+00   0.0000000E+00   0.0000000E+00   0.0000000E+00   0.0000000E+00
   9.8550725E-01   0.0000000E+00   0.0000000E+00   0.0000000E+00   0.0000000E+00   0.0000000E+00   0.0000000E+00
   1.0000000E+00   0.0000000E+00   0.0000000E+00   0.0000000E+00   0.0000000E+00   0.0000000E+00   0.0000000E+00
