   0.0000000E+00   7.6901181E+07   4.0147920E+07   1.1704910E+08   1.5741988E-03   9.0611897E-04   1.0240161E-03
   1.4492754E-02   8.7982322E+07   4.4804970E+07   1.3278123E+08   4.2469592E-04   2.2709636E-04   3.5629988E-04
   2.8985507E-02   7.3017780E+07   3.6998388E+07   1.1001314E+08   2.4238513E-04   2.0098421E-04   1.1530711E-04
   4.3478261E-02   4.1957901E+07   2.1143884E+07   6.3102038E+07   9.2815386E-04   8.0959554E-04   8.9006738E-04
   5.7971014E-02   2.4286029E+07   1.2192930E+07   3.6478770E+07   1.1983815E-03   6.7026114E-04   9.4504113E-04
   7.2463768E-02   4.7108490E+06   2.1968302E+06   6.9076792E+06   8.5208691E-03   4.5753408E-03   7.2660066E-03
   8.6956522E-02   1.1612315E+06   5.0755729E+05   1.6687888E+06   1.2948460E-02   8.0076292E-03   1.1443873E-02
   1.0144928E-01   6.0120993E+05   2.6217689E+05   8.6338683E+05   1.6280046E-02   6.5145219E-03   1.3313447E-02
   1.1594203E-01   1.9540135E+05   8.4298206E+04   2.7969955E+05   3.2201770E-02   1.1351966E-02   2.5571149E-02
   1.3043478E-01   1.7091172E+04   4.7989990E+03   2.1890171E+04   1.0179032E-01   3.1046777E-02   8.5774237E-02
   1.4492754E-01   1.5760923E+04   5.0768358E+03   2.0837759E+04   1.2086888E-01   7.5230956E-02   1.0974842E-01
   1.5942029E-01   1.5085849E+04   4.0642240E+03   1.9150073E+04   1.5423979E-01   3.6155881E-02   1.2908465E-01
   1.7391304E-01   1.2250076E+04   3.4729598E+03   1.5723036E+04   1.6231018E-01   7.8394987E-02   1.4377140E-01
   1.8840580E-01   1.2415224E+04   2.9726593E+03   1.5387883E+04   1.7681606E-01   9.2781856E-02   1.6037061E-01
   2.0289855E-01   9.7423288E+03   3.0309467E+03   1.2773276E+04   2.1535577E-01   9.2658934E-02   1.8623543E-01
   2.1739130E-01   8.3351035E+03   2.4247574E+03   1.0759861E+04   1.9731762E-01   1.1723557E-01   1.7914499E-01
   2.3188406E-01   5.9198178E+03   2.2732101E+03   8.1930279E+03   1.9786061E-01   5.6107808E-02   1.5852034E-01
   2.4637681E-01   4.8138566E+03   9.3602767E+02   5.7498842E+03   1.9906753E-01   1.3884255E-01   1.8925586E-01
   2.6086957E-01   4.4201307E+03   1.4733769E+03   5.8935075E+03   2.1878771E-01   8.4293508E-02   1.8505021E-01
   2.7536232E-01   2.5922571E+03   7.5773668E+02   3.3499938E+03   2.1901848E-01   1.3592856E-01   1.9998004E-01
   2.8985507E-01   2.5005311E+03   1.0229445E+03   3.5234756E+03   1.8658553E-01   1.0767263E-01   1.6366754E-01
   3.0434783E-01   1.6237215E+03   3.2474429E+02   1.9484658E+03   2.7547211E-01   2.0666226E-01   2.6399640E-01
   3.1884058E-01   1.6532437E+03   4.8219607E+02   2.1354397E+03   1.8232353E-01   8.6584678E-02   1.6070071E-01
   3.3333333E-01   1.3836931E+03   4.2828595E+02   1.8119790E+03   2.3947719E-01   7.0043014E-02   1.9938679E-01
   3.4782609E-01   1.1050327E+03   2.5257889E+02   1.3576116E+03   1.6646228E-01   6.9255759E-02   1.4836819E-01
   3.6231884E-01   7.8804615E+02   3.0309467E+02   1.0911408E+03   2.3246824E-01   7.4414427E-02   1.8811562E-01
   3.7681159E-01   7.5773668E+02   2.6229347E+02   1.0200302E+03   2.3479210E-01   1.2503318E-05   1.7441379E-01
   3.9130435E-01   6.7354372E+02   2.2451457E+02   8.9805829E+02   1.6824905E-01   1.0372353E-01   1.5186580E-01
   4.0579710E-01   6.4948859E+02   2.7062024E+01   6.7655061E+02   1.9940288E-01   3.5085689E-06   1.9142691E-01
   4.2028986E-01   4.4419047E+02   0.0000000E+00   4.4419047E+02   2.0870744E-01   0.0000000E+00   2.0870744E-01
   4.3478261E-01   2.0206312E+02   0.0000000E+00   2.0206312E+02   1.7886228E-01   0.0000000E+00   1.7886228E-01
   4.4927536E-01   5.6219173E+02   2.4443119E+01   5.8663485E+02   1.1932854E-01   4.2358873E-01   1.3199896E-01
   4.6376812E-01   2.6047199E+02   7.1037814E+01   3.3150980E+02   1.6848483E-01   2.6564449E-05   1.3237525E-01
   4.7826087E-01   1.6073202E+02   4.5923435E+01   2.0665546E+02   2.4249593E-01   1.9896344E-01   2.3213456E-01
   4.9275362E-01   2.6743648E+02   2.2286373E+01   2.8972285E+02   8.3437674E-02   1.6613774E-06   7.7019263E-02
   5.0724638E-01   1.5154734E+02   2.1649620E+01   1.7319696E+02   1.7349667E-01   1.6807788E-01   1.7216079E-01
   5.2173913E-01   2.5257889E+02   6.3144724E+01   3.1572362E+02   1.0892134E-01   3.2185918E-01   1.5144751E-01
   5.3623188E-01   1.2287622E+02   6.1438110E+01   1.8431433E+02   8.5224544E-02   1.1096876E-01   9.3747408E-02
   5.5072464E-01   1.7946395E+02   7.9761756E+01   2.5922571E+02   1.0155710E-01   1.0713669E-01   1.0319449E-01
   5.6521739E-01   2.1372060E+02   1.9429146E+01   2.3314975E+02   1.6739445E-01   4.2821242E-01   1.8905777E-01
   5.7971014E-01   7.5773668E+01   0.0000000E+00   7.5773668E+01   3.4886333E-05   0.0000000E+00   3.4886333E-05
   5.9420290E-01   1.1088830E+02   1.8481383E+01   1.2936968E+02   6.8973587E-02   2.6750918E-05   5.9124012E-02
   6.0869565E-01   7.2165398E+01   1.8041350E+01   9.0206748E+01   3.0058474E-06   1.5536316E-06   2.7138474E-06
   6.2318841E-01   8.8108917E+01   0.0000000E+00   8.8108917E+01   7.3890748E-02   0.0000000E+00   7.3890748E-02
   6.3768116E-01   1.0332773E+02   1.7221288E+01   1.2054902E+02   7.0798273E-02   2.7591359E-01   1.0007238E-01
   6.5217391E-01   3.3677186E+01   1.6838593E+01   5.0515779E+01   2.1376103E-01   1.3118356E-05   1.4251171E-01
   6.6666667E-01   1.6472537E+01   1.6472537E+01   3.2945073E+01   3.4829404E-01   2.6283364E-05   1.7413393E-01
   6.8115942E-01   3.2244114E+01   0.0000000E+00   3.2244114E+01   2.0961921E-01   0.0000000E+00   2.0961921E-01
   6.9565217E-01   1.5786181E+01   1.5786181E+01   3.1572362E+01   3.6153562E-01   2.5947665E-06   1.8076651E-01
   7.1014493E-01   3.0928028E+01   0.0000000E+00   3.0928028E+01   3.8269366E-01   0.0000000E+00   3.8269366E-01
   7.2463768E-01   1.5154734E+01   0.0000000E+00   1.5154734E+01   4.2781246E-01   0.0000000E+00   4.2781246E-01
   7.3913043E-01   1.4857582E+01   0.0000000E+00   1.4857582E+01   4.2789309E-01   0.0000000E+00   4.2789309E-01
   7.5362319E-01   2.9143719E+01   0.0000000E+00   2.9143719E+01   3.2787862E-01   0.0000000E+00   3.2787862E-01
   7.6811594E-01   2.8593837E+01   0.0000000E+00   2.8593837E+01   1.8114109E-01   0.0000000E+00   1.8114109E-01
   7.8260870E-01   4.2096482E+01   1.4032161E+01   5.6128643E+01   1.0255541E-01   3.1969416E-01   1.5681362E-01
   7.9710145E-01   0.0000000E+00   0.0000000E+00   0.0000000E+00   0.0000000E+00   0.0000000E+00   0.0000000E+00
   8.1159420E-01   2.7062024E+01   0.0000000E+00   2.7062024E+01   1.8735975E-01   0.0000000E+00   1.8735975E-01
   8.2608696E-01   0.0000000E+00   0.0000000E+00   0.0000000E+00   0.0000000E+00   0.0000000E+00   0.0000000E+00
   8.4057971E-01   1.3064426E+01   0.0000000E+00   1.3064426E+01   4.1287896E-01   0.0000000E+00   4.1287896E-01
   8.5507246E-01   0.0000000E+00   0.0000000E+00   0.0000000E+00   0.0000000E+00   0.0000000E+00   0.0000000E+00
   8.6956522E-01   0.0000000E+00   0.0000000E+00   0.0000000E+00   0.0000000E+00   0.0000000E+00   0.0000000E+00
   8.8405797E-01   1.2421913E+01   0.0000000E+00   1.2421913E+01   8.2567017E-06   0.0000000E+00   8.2567017E-06
   8.9855072E-01   0.0000000E+00   0.0000000E+00   0.0000000E+00   0.0000000E+00   0.0000000E+00   0.0000000E+00
   9.1304348E-01   1.2027566E+01   0.0000000E+00   1.2027566E+01   9.3771951E-06   0.0000000E+00   9.3771951E-06
   9.2753623E-01   0.0000000E+00   0.0000000E+00   0.0000000E+00   0.0000000E+00   0.0000000E+00   0.0000000E+00
   9.4202899E-01   1.1657487E+01   0.0000000E+00   1.1657487E+01   2.1029742E-06   0.0000000E+00   2.1029742E-06
   9.5652174E-01   0.0000000E+00   0.0000000E+00   0.0000000E+00   0.0000000E+00   0.0000000E+00   0.0000000E+00
   9.7101449E-01   0.0000000E+00   0.0000000E+00   0.0000000E+00   0.0000000E+00   0.0000000E+00   0.0000000E+00
   9.8550725E-01   0.0000000E+00   0.0000000E+00   0.0000000E+00   0.0000000E+00   0.0000000E+00   0.0000000E+00
   1.0000000E+00   0.0000000E+00   0.0000000E+00   0.0000000E+00   0.0000000E+00   0.0000000E+00   0.0000000E+00
