   0.0000000E+00   8.6606272E+07   4.3403157E+07   1.3000943E+08   1.5675201E-03   5.6864203E-05   1.0441262E-03
   1.4492754E-02   9.2340066E+07   4.6509878E+07   1.3884767E+08   1.0572414E-03   1.5691237E-05   7.0527475E-04
   2.8985507E-02   7.6535194E+07   3.8399822E+07   1.1493388E+08   1.0862181E-03   9.0483779E-05   6.9251824E-04
   4.3478261E-02   4.2976552E+07   2.1631614E+07   6.4606903E+07   1.6724958E-03   2.4588684E-04   1.1920849E-03
   5.7971014E-02   2.3844647E+07   1.1959926E+07   3.5804195E+07   1.6333698E-03   4.9182019E-04   1.2076813E-03
   7.2463768E-02   3.8632447E+06   1.9404121E+06   5.8036568E+06   1.3704214E-02   2.0164204E-03   9.7740490E-03
   8.6956522E-02   3.5386303E+05   1.6468144E+05   5.1854447E+05   3.1052820E-02   1.1902191E-02   2.4961540E-02
   1.0144928E-01   2.2623852E+05   1.0792335E+05   3.3416188E+05   5.1825634E-03   5.3855314E-03   3.4902203E-03
   1.1594203E-01   7.7952161E+04   3.9212873E+04   1.1716503E+05   6.2742452E-03   4.7764417E-03   2.5799555E-03
   1.3043478E-01   5.8935075E+02   8.4192965E+01   6.7354372E+02   1.9306844E-01   4.5874689E-07   1.6893483E-01
   1.4492754E-01   0.0000000E+00   0.0000000E+00   0.0000000E+00   0.0000000E+00   0.0000000E+00   0.0000000E+00
   1.5942029E-01   2.0665546E+02   0.0000000E+00   2.0665546E+02   3.1055635E-06   0.0000000E+00   3.1055635E-06
   1.7391304E-01   6.3144724E+01   0.0000000E+00   6.3144724E+01   6.1417837E-06   0.0000000E+00   6.1417837E-06
   1.8840580E-01   5.2458694E+02   0.0000000E+00   5.2458694E+02   1.4828939E-05   0.0000000E+00   1.4828939E-05
   2.0289855E-01   5.9536454E+02   0.0000000E+00   5.9536454E+02   8.0512129E-07   0.0000000E+00   8.0512129E-07
   2.1739130E-01   3.5361045E+02   0.0000000E+00   3.5361045E+02   2.6840453E-05   0.0000000E+00   2.6840453E-05
   2.3188406E-01   2.8415126E+02   0.0000000E+00   2.8415126E+02   1.8521727E-06   0.0000000E+00   1.8521727E-06
   2.4637681E-01   1.3371824E+02   0.0000000E+00   1.3371824E+02   3.5056277E-06   0.0000000E+00   3.5056277E-06
   2.6086957E-01   4.6306131E+02   0.0000000E+00   4.6306131E+02   1.0406720E-05   0.0000000E+00   1.0406720E-05
   2.7536232E-01   4.7857054E+02   0.0000000E+00   4.7857054E+02   6.9662669E-06   0.0000000E+00   6.9662669E-06
   2.8985507E-01   2.6520784E+02   0.0000000E+00   2.6520784E+02   7.9728421E-06   0.0000000E+00   7.9728421E-06
   3.0434783E-01   2.8866159E+02   0.0000000E+00   2.8866159E+02   5.8007801E-06   0.0000000E+00   5.8007801E-06
   3.1884058E-01   2.0665546E+02   0.0000000E+00   2.0665546E+02   2.4770057E-05   0.0000000E+00   2.4770057E-05
   3.3333333E-01   4.6123103E+02   0.0000000E+00   4.6123103E+02   8.4518452E-06   0.0000000E+00   8.4518452E-06
   3.4782609E-01   3.1572362E+02   0.0000000E+00   3.1572362E+02   2.9072955E-06   0.0000000E+00   2.9072955E-06
   3.6231884E-01   3.3340414E+02   0.0000000E+00   3.3340414E+02   3.5020012E-06   0.0000000E+00   3.5020012E-06
   3.7681159E-01   2.9143719E+02   0.0000000E+00   2.9143719E+02   6.8704141E-06   0.0000000E+00   6.8704141E-06
   3.9130435E-01   3.6483618E+02   0.0000000E+00   3.6483618E+02   6.5645536E-05   0.0000000E+00   6.5645536E-05
   4.0579710E-01   3.5180632E+02   0.0000000E+00   3.5180632E+02   1.5176075E-06   0.0000000E+00   1.5176075E-06
   4.2028986E-01   3.1354621E+02   0.0000000E+00   3.1354621E+02   2.1183435E-05   0.0000000E+00   2.1183435E-05
   4.3478261E-01   5.3041568E+02   0.0000000E+00   5.3041568E+02   3.6385040E-05   0.0000000E+00   3.6385040E-05
   4.4927536E-01   4.8886238E+02   0.0000000E+00   4.8886238E+02   1.8701194E-06   0.0000000E+00   1.8701194E-06
   4.6376812E-01   4.9726470E+02   0.0000000E+00   4.9726470E+02   1.0975438E-05   0.0000000E+00   1.0975438E-05
   4.7826087E-01   6.8885153E+02   0.0000000E+00   6.8885153E+02   4.0416225E-06   0.0000000E+00   4.0416225E-06
   4.9275362E-01   7.3545031E+02   0.0000000E+00   7.3545031E+02   6.1746666E-06   0.0000000E+00   6.1746666E-06
   5.0724638E-01   6.2783897E+02   0.0000000E+00   6.2783897E+02   1.2578868E-05   0.0000000E+00   1.2578868E-05
   5.2173913E-01   7.9983317E+02   0.0000000E+00   7.9983317E+02   5.0592305E-06   0.0000000E+00   5.0592305E-06
   5.3623188E-01   4.7102551E+02   0.0000000E+00   4.7102551E+02   2.7690465E-06   0.0000000E+00   2.7690465E-06
   5.5072464E-01   2.3928527E+02   0.0000000E+00   2.3928527E+02   2.9001014E-06   0.0000000E+00   2.9001014E-06
   5.6521739E-01   7.7716583E+01   0.0000000E+00   7.7716583E+01   1.4782202E-06   0.0000000E+00   1.4782202E-06
   5.7971014E-01   3.7886834E+01   0.0000000E+00   3.7886834E+01   6.2080617E-06   0.0000000E+00   6.2080617E-06
   5.9420290E-01   5.5444148E+01   0.0000000E+00   5.5444148E+01   1.0773280E-04   0.0000000E+00   1.0773280E-04
   6.0869565E-01   1.8041350E+01   0.0000000E+00   1.8041350E+01   5.7222003E-06   0.0000000E+00   5.7222003E-06
   6.2318841E-01   0.0000000E+00   0.0000000E+00   0.0000000E+00   0.0000000E+00   0.0000000E+00   0.0000000E+00
   6.3768116E-01   0.0000000E+00   0.0000000E+00   0.0000000E+00   0.0000000E+00   0.0000000E+00   0.0000000E+00
   6.5217391E-01   0.0000000E+00   0.0000000E+00   0.0000000E+00   0.0000000E+00   0.0000000E+00   0.0000000E+00
   6.6666667E-01   0.0000000E+00   0.0000000E+00   0.0000000E+00   0.0000000E+00   0.0000000E+00   0.0000000E+00
   6.8115942E-01   0.0000000E+00   0.0000000E+00   0.0000000E+00   0.0000000E+00   0.0000000E+00   0.0000000E+00
   6.9565217E-01   0.0000000E+00   0.0000000E+00   0.0000000E+00   0.0000000E+00   0.0000000E+00   0.0000000E+00
   7.1014493E-01   0.0000000E+00   0.0000000E+00   0.0000000E+00   0.0000000E+00   0.0000000E+00   0.0000000E+00
   7.2463768E-01   0.0000000E+00   0.0000000E+00   0.0000000E+00   0.0000000E+00   0.0000000E+00   0.0000000E+00
   7.3913043E-01   0.0000000E+00   0.0000000E+00   0.0000000E+00   0.0000000E+00   0.0000000E+00   0.0000000E+00
   7.5362319E-01   0.0000000E+00   0.0000000E+00   0.0000000E+00   0.0000000E+00   0.0000000E+00   0.0000000E+00
   7.6811594E-01   0.0000000E+00   0.0000000E+00   0.0000000E+00   0.0000000E+00   0.0000000E+00   0.0000000E+00
   7.8260870E-01   0.0000000E+00   0.0000000E+00   0.0000000E+00   0.0000000E+00   0.0000000E+00   0.0000000E+00
   7.9710145E-01   0.0000000E+00   0.0000000E+00   0.0000000E+00   0.0000000E+00   0.0000000E+00   0.0000000E+00
   8.1159420E-01   0.0000000E+00   0.0000000E+00   0.0000000E+00   0.0000000E+00   0.0000000E+00   0.0000000E+00
   8.2608696E-01   0.0000000E+00   0.0000000E+00   0.0000000E+00   0.0000000E+00   0.0000000E+00   0.0000000E+00
   8.4057971E-01   0.0000000E+00   0.0000000E+00   0.0000000E+00   0.0000000E+00   0.0000000E+00   0.0000000E+00
   8.5507246E-01   0.0000000E+00   0.0000000E+00   0.0000000E+00   0.0000000E+00   0.0000000E+00   0.0000000E+00
   8.6956522E-01   0.0000000E+00   0.0000000E+00   0.0000000E+00   0.0000000E+00   0.0000000E+00   0.0000000E+00
   8.8405797E-01   0.0000000E+00   0.0000000E+00   0.0000000E+00   0.0000000E+00   0.0000000E+00   0.0000000E+00
   8.9855072E-01   0.0000000E+00   0.0000000E+00   0.0000000E+00   0.0000000E+00   0.0000000E+00   0.0000000E+00
   9.1304348E-01   0.0000000E+00   0.0000000E+00   0.0000000E+00   0.0000000E+00   0.0000000E+00   0.0000000E+00
   9.2753623E-01   0.0000000E+00   0.0000000E+00   0.0000000E+00   0.0000000E+00   0.0000000E+00   0.0000000E+00
   9.4202899E-01   0.0000000E+00   0.0000000E+00   0.0000000E+00   0.0000000E+00   0.0000000E+00   0.0000000E+00
   9.5652174E-01   0.0000000E+00   0.0000000E+00   0.0000000E+00   0.0000000E+00   0.0000000E+00   0.0000000E+00
   9.7101449E-01   0.0000000E+00   0.0000000E+00   0.0000000E+00   0.0000000E+00   0.0000000E+00   0.0000000E+00
   9.8550725E-01   0.0000000E+00   0.0000000E+00   0.0000000E+00   0.0000000E+00   0.0000000E+00   0.0000000E+00
   1.0000000E+00   0.0000000E+00   0.0000000E+00   0.0000000E+00   0.0000000E+00   0.0000000E+00   0.0000000E+00
