   0.0000000E+00   2.1980426E+07   1.2584491E+07   3.4564917E+07   4.5144346E-03   1.8814395E-03   3.1861048E-03
   1.4492754E-02   2.1794780E+07   1.2166220E+07   3.3960243E+07   1.4588533E-03   9.6720026E-04   7.1031535E-04
   2.8985507E-02   2.1282171E+07   1.1692635E+07   3.2974427E+07   1.0717985E-03   3.3302542E-04   5.7984773E-04
   4.3478261E-02   1.9965856E+07   1.0852305E+07   3.0818161E+07   1.7142949E-03   1.5888732E-04   1.0658107E-03
   5.7971014E-02   1.8744511E+07   9.9079754E+06   2.8652108E+07   2.2515571E-03   2.5866705E-04   1.5129395E-03
   7.2463768E-02   1.6799780E+07   8.6289538E+06   2.5428582E+07   3.6377289E-03   4.0801933E-04   2.5414635E-03
   8.6956522E-02   1.4570898E+07   7.2438364E+06   2.1814355E+07   5.9249083E-03   3.5522365E-04   4.0336618E-03
   1.0144928E-01   1.1788867E+07   5.5051735E+06   1.7293608E+07   7.8506234E-03   1.4247196E-03   5.8025246E-03
   1.1594203E-01   5.6678704E+06   2.2446055E+06   7.9124759E+06   1.7819593E-02   4.1532664E-03   1.3933753E-02
   1.3043478E-01   1.1323954E+05   3.0646239E+04   1.4388578E+05   7.3852062E-02   1.8739222E-02   6.1999925E-02
   1.4492754E-01   5.2132284E+04   1.6670207E+04   6.8802491E+04   8.5923219E-02   3.9422151E-02   7.4445725E-02
   1.5942029E-01   3.2789333E+04   8.6106441E+03   4.1399977E+04   9.9398726E-02   2.1358156E-02   8.1158592E-02
   1.7391304E-01   2.1469206E+04   6.2513276E+03   2.7720534E+04   1.1425272E-01   5.9508974E-02   1.0142192E-01
   1.8840580E-01   1.4688434E+04   3.9052583E+03   1.8593692E+04   1.2328238E-01   3.1428075E-02   1.0381320E-01
   2.0289855E-01   9.9047009E+03   2.5979543E+03   1.2502655E+04   1.1084637E-01   4.7314620E-02   9.7216205E-02
   2.1739130E-01   6.2134408E+03   2.5257889E+03   8.7392298E+03   1.2972713E-01   7.1222045E-02   1.1279133E-01
   2.3188406E-01   5.7777422E+03   1.7049075E+03   7.4826498E+03   1.3633287E-01   6.0628939E-02   1.1906051E-01
   2.4637681E-01   3.8778289E+03   1.2480369E+03   5.1258658E+03   1.4303388E-01   3.9893256E-02   1.1777627E-01
   2.6086957E-01   4.2096482E+03   7.9983317E+02   5.0094814E+03   1.2592527E-01   2.4503084E-03   1.0621066E-01
   2.7536232E-01   2.5523762E+03   6.3809405E+02   3.1904702E+03   1.4171541E-01   4.2890281E-02   1.2057694E-01
   2.8985507E-01   2.3489837E+03   6.8196302E+02   3.0309467E+03   1.6082053E-01   6.4034221E-02   1.3873854E-01
   3.0434783E-01   1.4072253E+03   3.6082699E+02   1.7680523E+03   1.3453600E-01   3.2932272E-02   1.1339973E-01
   3.1884058E-01   1.1366050E+03   3.0998319E+02   1.4465882E+03   1.4796515E-01   4.4061193E-02   1.2568699E-01
   3.3333333E-01   7.9068176E+02   2.3061551E+02   1.0212973E+03   1.5944759E-01   1.3723060E-01   1.5390131E-01
   3.4782609E-01   6.3144724E+02   1.5786181E+02   7.8930905E+02   1.3861008E-01   1.6222030E-06   1.1088836E-01
   3.6231884E-01   4.5464201E+02   6.0618935E+01   5.1526095E+02   1.6052505E-01   1.5263922E-01   1.5943170E-01
   3.7681159E-01   5.2458694E+02   2.6229347E+02   7.8688040E+02   8.7274975E-02   1.3045131E-01   1.0163884E-01
   3.9130435E-01   5.8935075E+02   8.4192965E+01   6.7354372E+02   1.3845691E-01   1.5302108E-01   1.3872393E-01
   4.0579710E-01   3.5180632E+02   1.6237215E+02   5.1417846E+02   1.6928940E-01   1.6749571E-05   1.1583466E-01
   4.2028986E-01   3.6580392E+02   5.2257702E+01   4.1806162E+02   1.2991869E-01   1.4011770E-05   1.1368055E-01
   4.3478261E-01   3.0309467E+02   5.0515779E+01   3.5361045E+02   1.0037896E-01   1.7286140E-05   8.6040838E-02
   4.4927536E-01   3.1776054E+02   7.3329357E+01   3.9108990E+02   1.0275687E-01   1.3137550E-01   1.0777589E-01
   4.6376812E-01   1.4207563E+02   7.1037814E+01   2.1311344E+02   2.0602418E-01   4.6070077E-02   1.3823378E-01
   4.7826087E-01   2.9850233E+02   0.0000000E+00   2.9850233E+02   1.5854210E-01   0.0000000E+00   1.5854210E-01
   4.9275362E-01   2.4515010E+02   4.4572746E+01   2.8972285E+02   1.9958436E-01   8.7104981E-05   1.6886568E-01
   5.0724638E-01   8.6598478E+01   2.1649620E+01   1.0824810E+02   2.0021655E-01   2.9678832E-06   1.6017265E-01
   5.2173913E-01   1.2628945E+02   4.2096482E+01   1.6838593E+02   7.3196035E-02   1.8919562E-01   1.0035018E-01
   5.3623188E-01   1.8431433E+02   0.0000000E+00   1.8431433E+02   1.1539500E-01   0.0000000E+00   1.1539500E-01
   5.5072464E-01   5.9821317E+01   5.9821317E+01   1.1964263E+02   2.4162567E-01   3.7085782E-05   1.2079430E-01
   5.6521739E-01   5.8287437E+01   0.0000000E+00   5.8287437E+01   3.9147869E-01   0.0000000E+00   3.9147869E-01
   5.7971014E-01   9.4717086E+01   1.8943417E+01   1.1366050E+02   2.5173948E-01   3.8449176E-06   2.0978354E-01
   5.9420290E-01   7.3925530E+01   1.8481383E+01   9.2406913E+01   1.8527391E-01   4.5640344E-01   2.3914262E-01
   6.0869565E-01   1.2628945E+02   0.0000000E+00   1.2628945E+02   1.5648998E-01   0.0000000E+00   1.5648998E-01
   6.2318841E-01   5.2865350E+01   0.0000000E+00   5.2865350E+01   2.0815125E-05   0.0000000E+00   2.0815125E-05
   6.3768116E-01   3.4442577E+01   1.7221288E+01   5.1663865E+01   8.2161874E-06   3.1223717E-06   6.4869796E-06
   6.5217391E-01   3.3677186E+01   0.0000000E+00   3.3677186E+01   3.3026723E-01   0.0000000E+00   3.3026723E-01
   6.6666667E-01   1.6472537E+01   0.0000000E+00   1.6472537E+01   7.2379990E-06   0.0000000E+00   7.2379990E-06
   6.8115942E-01   0.0000000E+00   0.0000000E+00   0.0000000E+00   0.0000000E+00   0.0000000E+00   0.0000000E+00
   6.9565217E-01   3.1572362E+01   1.5786181E+01   4.7358543E+01   4.6220455E-06   7.8729749E-06   1.1929987E-06
   7.1014493E-01   0.0000000E+00   3.0928028E+01   3.0928028E+01   0.0000000E+00   1.0035418E-05   1.0035418E-05
   7.2463768E-01   3.0309467E+01   0.0000000E+00   3.0309467E+01   6.7734504E-06   0.0000000E+00   6.7734504E-06
   7.3913043E-01   4.4572746E+01   0.0000000E+00   4.4572746E+01   3.0318249E-01   0.0000000E+00   3.0318249E-01
   7.5362319E-01   1.0200302E+02   4.3715578E+01   1.4571859E+02   2.9492386E-01   1.1800840E-01   2.4158580E-01
   7.6811594E-01   0.0000000E+00   1.4296919E+01   1.4296919E+01   0.0000000E+00   2.2407729E-05   2.2407729E-05
   7.8260870E-01   2.8064322E+01   0.0000000E+00   2.8064322E+01   3.0655066E-06   0.0000000E+00   3.0655066E-06
   7.9710145E-01   2.7554061E+01   1.3777031E+01   4.1331092E+01   2.0358927E-01   3.5449307E-05   1.3571443E-01
   8.1159420E-01   2.7062024E+01   0.0000000E+00   2.7062024E+01   2.4487952E-01   0.0000000E+00   2.4487952E-01
   8.2608696E-01   0.0000000E+00   1.3293626E+01   1.3293626E+01   0.0000000E+00   1.0376501E-05   1.0376501E-05
   8.4057971E-01   0.0000000E+00   0.0000000E+00   0.0000000E+00   0.0000000E+00   0.0000000E+00   0.0000000E+00
   8.5507246E-01   0.0000000E+00   0.0000000E+00   0.0000000E+00   0.0000000E+00   0.0000000E+00   0.0000000E+00
   8.6956522E-01   0.0000000E+00   0.0000000E+00   0.0000000E+00   0.0000000E+00   0.0000000E+00   0.0000000E+00
   8.8405797E-01   0.0000000E+00   0.0000000E+00   0.0000000E+00   0.0000000E+00   0.0000000E+00   0.0000000E+00
   8.9855072E-01   1.2221559E+01   0.0000000E+00   1.2221559E+01   4.3988998E-01   0.0000000E+00   4.3988998E-01
   9.1304348E-01   1.2027566E+01   0.0000000E+00   1.2027566E+01   4.3401885E-01   0.0000000E+00   4.3401885E-01
   9.2753623E-01   2.3679271E+01   0.0000000E+00   2.3679271E+01   2.1972902E-01   0.0000000E+00   2.1972902E-01
   9.4202899E-01   0.0000000E+00   1.1657487E+01   1.1657487E+01   0.0000000E+00   7.4674729E-06   7.4674729E-06
   9.5652174E-01   1.1480859E+01   0.0000000E+00   1.1480859E+01   6.4869746E-06   0.0000000E+00   6.4869746E-06
   9.7101449E-01   0.0000000E+00   0.0000000E+00   0.0000000E+00   0.0000000E+00   0.0000000E+00   0.0000000E+00
   9.8550725E-01   0.0000000E+00   0.0000000E+00   0.0000000E+00   0.0000000E+00   0.0000000E+00   0.0000000E+00
   1.0000000E+00   0.0000000E+00   0.0000000E+00   0.0000000E+00   0.0000000E+00   0.0000000E+00   0.0000000E+00
