   0.0000000E+00   4.5955214E+07   2.5108363E+07   7.1063577E+07   5.6597771E-04   1.8384976E-04   4.2777690E-04
   1.4492754E-02   4.4183626E+07   2.5040924E+07   6.9225308E+07   1.1668488E-04   6.3015646E-06   7.6561206E-05
   2.8985507E-02   4.0150951E+07   2.2412715E+07   6.2562908E+07   9.8678370E-05   1.4254486E-05   6.4537972E-05
   4.3478261E-02   3.3703117E+07   1.8083133E+07   5.1786503E+07   1.7383120E-04   2.5664247E-05   1.1920005E-04
   5.7971014E-02   2.4805836E+07   1.2851214E+07   3.7657051E+07   1.9558860E-04   3.2590121E-05   1.3958528E-04
   7.2463768E-02   1.5854579E+07   7.5790339E+06   2.3433613E+07   6.6818375E-04   3.7826714E-05   4.6325659E-04
   8.6956522E-02   9.0373991E+06   3.8429879E+06   1.2880008E+07   8.6407975E-04   1.4336653E-04   6.4856903E-04
   1.0144928E-01   4.4457494E+06   1.5993656E+06   6.0450068E+06   1.5552047E-03   9.1741858E-05   1.1459393E-03
   1.1594203E-01   1.1248601E+06   2.9977958E+05   1.4246397E+06   5.7111435E-03   2.3535997E-04   4.5265775E-03
   1.3043478E-01   1.3049910E+04   1.5154734E+03   1.4565383E+04   2.4389488E-02   2.3681785E-02   2.2895667E-02
   1.4492754E-01   5.9103461E+03   7.5773668E+02   6.6680828E+03   2.2309814E-02   1.8360710E-05   1.9775917E-02
   1.5942029E-01   3.2376022E+03   4.8219607E+02   3.7197983E+03   7.6136949E-02   5.2631787E-02   7.3088741E-02
   1.7391304E-01   1.8311970E+03   6.3144724E+01   1.8943417E+03   1.1428050E-01   3.5606978E-05   1.1047234E-01
   1.8840580E-01   1.3988985E+03   1.1657487E+02   1.5154734E+03   7.2775042E-02   5.3771148E-05   6.7175377E-02
   2.0289855E-01   6.4948859E+02   5.4124049E+01   7.0361264E+02   9.9780453E-02   4.7681174E-06   9.2104668E-02
   2.1739130E-01   5.5567357E+02   5.0515779E+01   6.0618935E+02   1.2706463E-01   4.2535093E-06   1.1647627E-01
   2.3188406E-01   3.3150980E+02   0.0000000E+00   3.3150980E+02   1.2250516E-01   0.0000000E+00   1.2250516E-01
   2.4637681E-01   5.7944570E+02   0.0000000E+00   5.7944570E+02   7.8975367E-02   0.0000000E+00   7.8975367E-02
   2.6086957E-01   1.2628945E+02   4.2096482E+01   1.6838593E+02   1.3740602E-01   2.6721390E-05   1.0305593E-01
   2.7536232E-01   1.5952351E+02   0.0000000E+00   1.5952351E+02   2.4381959E-01   0.0000000E+00   2.4381959E-01
   2.8985507E-01   1.5154734E+02   0.0000000E+00   1.5154734E+02   9.9575531E-02   0.0000000E+00   9.9575531E-02
   3.0434783E-01   3.6082699E+01   0.0000000E+00   3.6082699E+01   8.9584047E-05   0.0000000E+00   8.9584047E-05
   3.1884058E-01   6.8885153E+01   0.0000000E+00   6.8885153E+01   1.2445034E-01   0.0000000E+00   1.2445034E-01
   3.3333333E-01   6.5890146E+01   0.0000000E+00   6.5890146E+01   1.9185476E-05   0.0000000E+00   1.9185476E-05
   3.4782609E-01   3.1572362E+01   0.0000000E+00   3.1572362E+01   3.2305217E-01   0.0000000E+00   3.2305217E-01
   3.6231884E-01   3.0309467E+01   0.0000000E+00   3.0309467E+01   3.8593945E-01   0.0000000E+00   3.8593945E-01
   3.7681159E-01   0.0000000E+00   0.0000000E+00   0.0000000E+00   0.0000000E+00   0.0000000E+00   0.0000000E+00
   3.9130435E-01   0.0000000E+00   0.0000000E+00   0.0000000E+00   0.0000000E+00   0.0000000E+00   0.0000000E+00
   4.0579710E-01   2.7062024E+01   0.0000000E+00   2.7062024E+01   3.8096968E-01   0.0000000E+00   3.8096968E-01
   4.2028986E-01   2.6128851E+01   0.0000000E+00   2.6128851E+01   5.8081688E-07   0.0000000E+00   5.8081688E-07
   4.3478261E-01   0.0000000E+00   0.0000000E+00   0.0000000E+00   0.0000000E+00   0.0000000E+00   0.0000000E+00
   4.4927536E-01   0.0000000E+00   0.0000000E+00   0.0000000E+00   0.0000000E+00   0.0000000E+00   0.0000000E+00
   4.6376812E-01   0.0000000E+00   0.0000000E+00   0.0000000E+00   0.0000000E+00   0.0000000E+00   0.0000000E+00
   4.7826087E-01   2.2961718E+01   0.0000000E+00   2.2961718E+01   4.9429705E-05   0.0000000E+00   4.9429705E-05
   4.9275362E-01   0.0000000E+00   0.0000000E+00   0.0000000E+00   0.0000000E+00   0.0000000E+00   0.0000000E+00
   5.0724638E-01   0.0000000E+00   0.0000000E+00   0.0000000E+00   0.0000000E+00   0.0000000E+00   0.0000000E+00
   5.2173913E-01   0.0000000E+00   0.0000000E+00   0.0000000E+00   0.0000000E+00   0.0000000E+00   0.0000000E+00
   5.3623188E-01   0.0000000E+00   0.0000000E+00   0.0000000E+00   0.0000000E+00   0.0000000E+00   0.0000000E+00
   5.5072464E-01   0.0000000E+00   0.0000000E+00   0.0000000E+00   0.0000000E+00   0.0000000E+00   0.0000000E+00
   5.6521739E-01   1.9429146E+01   0.0000000E+00   1.9429146E+01   3.1191315E-01   0.0000000E+00   3.1191315E-01
   5.7971014E-01   1.8943417E+01   0.0000000E+00   1.8943417E+01   3.2160484E-01   0.0000000E+00   3.2160484E-01
   5.9420290E-01   0.0000000E+00   0.0000000E+00   0.0000000E+00   0.0000000E+00   0.0000000E+00   0.0000000E+00
   6.0869565E-01   0.0000000E+00   0.0000000E+00   0.0000000E+00   0.0000000E+00   0.0000000E+00   0.0000000E+00
   6.2318841E-01   0.0000000E+00   0.0000000E+00   0.0000000E+00   0.0000000E+00   0.0000000E+00   0.0000000E+00
   6.3768116E-01   0.0000000E+00   0.0000000E+00   0.0000000E+00   0.0000000E+00   0.0000000E+00   0.0000000E+00
   6.5217391E-01   0.0000000E+00   0.0000000E+00   0.0000000E+00   0.0000000E+00   0.0000000E+00   0.0000000E+00
   6.6666667E-01   0.0000000E+00   0.0000000E+00   0.0000000E+00   0.0000000E+00   0.0000000E+00   0.0000000E+00
   6.8115942E-01   0.0000000E+00   0.0000000E+00   0.0000000E+00   0.0000000E+00   0.0000000E+00   0.0000000E+00
   6.9565217E-01   0.0000000E+00   0.0000000E+00   0.0000000E+00   0.0000000E+00   0.0000000E+00   0.0000000E+00
   7.1014493E-01   0.0000000E+00   0.0000000E+00   0.0000000E+00   0.0000000E+00   0.0000000E+00   0.0000000E+00
   7.2463768E-01   0.0000000E+00   0.0000000E+00   0.0000000E+00   0.0000000E+00   0.0000000E+00   0.0000000E+00
   7.3913043E-01   0.0000000E+00   0.0000000E+00   0.0000000E+00   0.0000000E+00   0.0000000E+00   0.0000000E+00
   7.5362319E-01   0.0000000E+00   0.0000000E+00   0.0000000E+00   0.0000000E+00   0.0000000E+00   0.0000000E+00
   7.6811594E-01   0.0000000E+00   0.0000000E+00   0.0000000E+00   0.0000000E+00   0.0000000E+00   0.0000000E+00
   7.8260870E-01   0.0000000E+00   0.0000000E+00   0.0000000E+00   0.0000000E+00   0.0000000E+00   0.0000000E+00
   7.9710145E-01   0.0000000E+00   0.0000000E+00   0.0000000E+00   0.0000000E+00   0.0000000E+00   0.0000000E+00
   8.1159420E-01   0.0000000E+00   0.0000000E+00   0.0000000E+00   0.0000000E+00   0.0000000E+00   0.0000000E+00
   8.2608696E-01   0.0000000E+00   0.0000000E+00   0.0000000E+00   0.0000000E+00   0.0000000E+00   0.0000000E+00
   8.4057971E-01   0.0000000E+00   0.0000000E+00   0.0000000E+00   0.0000000E+00   0.0000000E+00   0.0000000E+00
   8.5507246E-01   0.0000000E+00   0.0000000E+00   0.0000000E+00   0.0000000E+00   0.0000000E+00   0.0000000E+00
   8.6956522E-01   0.0000000E+00   0.0000000E+00   0.0000000E+00   0.0000000E+00   0.0000000E+00   0.0000000E+00
   8.8405797E-01   0.0000000E+00   0.0000000E+00   0.0000000E+00   0.0000000E+00   0.0000000E+00   0.0000000E+00
   8.9855072E-01   0.0000000E+00   0.0000000E+00   0.0000000E+00   0.0000000E+00   0.0000000E+00   0.0000000E+00
   9.1304348E-01   0.0000000E+00   0.0000000E+00   0.0000000E+00   0.0000000E+00   0.0000000E+00   0.0000000E+00
   9.2753623E-01   0.0000000E+00   0.0000000E+00   0.0000000E+00   0.0000000E+00   0.0000000E+00   0.0000000E+00
   9.4202899E-01   0.0000000E+00   0.0000000E+00   0.0000000E+00   0.0000000E+00   0.0000000E+00   0.0000000E+00
   9.5652174E-01   0.0000000E+00   0.0000000E+00   0.0000000E+00   0.0000000E+00   0.0000000E+00   0.0000000E+00
   9.7101449E-01   0.0000000E+00   0.0000000E+00   0.0000000E+00   0.0000000E+00   0.0000000E+00   0.0000000E+00
   9.8550725E-01   0.0000000E+00   0.0000000E+00   0.0000000E+00   0.0000000E+00   0.0000000E+00   0.0000000E+00
   1.0000000E+00   0.0000000E+00   0.0000000E+00   0.0000000E+00   0.0000000E+00   0.0000000E+00   0.0000000E+00
