   0.0000000E+00   8.0053365E+07   3.9281070E+07   1.1933443E+08   2.2421511E-03   1.8884314E-04   1.4421462E-03
   1.4492754E-02   8.4243649E+07   4.2556765E+07   1.2679966E+08   3.7807749E-04   5.5963246E-05   2.3242158E-04
   2.8985507E-02   7.0078519E+07   3.5127536E+07   1.0520416E+08   5.6946060E-05   7.9753286E-05   1.3904400E-05
   4.3478261E-02   4.1987958E+07   2.1222942E+07   6.3209889E+07   3.4656802E-03   2.1704754E-04   2.3770528E-03
   5.7971014E-02   2.4014191E+07   1.1994403E+07   3.6008784E+07   2.8602463E-03   4.6369026E-04   2.0597555E-03
   7.2463768E-02   5.7269739E+06   2.9136491E+06   8.6406230E+06   1.6969142E-02   1.6140820E-03   1.1790236E-02
   8.6956522E-02   1.6277447E+06   8.2681701E+05   2.4545617E+06   1.8781143E-02   2.6433213E-03   1.3341669E-02
   1.0144928E-01   7.8285024E+05   3.8189929E+05   1.1647495E+06   1.5758596E-02   2.1432429E-03   1.1276883E-02
   1.1594203E-01   2.2277459E+05   1.1034540E+05   3.3311999E+05   4.9273463E-02   1.4014228E-03   3.3410897E-02
   1.3043478E-01   4.2264868E+04   1.3134103E+04   5.5398971E+04   1.5409711E-01   2.2579288E-06   1.1756299E-01
   1.4492754E-01   3.8796118E+04   1.2275334E+04   5.1071453E+04   2.0805005E-01   2.0870587E-06   1.5804408E-01
   1.5942029E-01   3.6095820E+04   1.1366050E+04   4.7461870E+04   2.6316793E-01   3.0449141E-05   2.0013785E-01
   1.7391304E-01   2.9425441E+04   8.8402613E+03   3.8265703E+04   2.9275114E-01   4.5049135E-06   2.2511983E-01
   1.8840580E-01   2.3664700E+04   6.7613427E+03   3.0426042E+04   3.1115492E-01   5.5449308E-06   2.4201057E-01
   2.0289855E-01   1.4234625E+04   4.2757999E+03   1.8510425E+04   3.3196853E-01   3.6098686E-05   2.5527771E-01
   2.1739130E-01   1.0759861E+04   2.3742416E+03   1.3134103E+04   3.4021862E-01   1.9152049E-06   2.7871745E-01
   2.3188406E-01   6.5828374E+03   2.0364173E+03   8.6192548E+03   3.4455990E-01   2.2282375E-05   2.6315810E-01
   2.4637681E-01   3.9224017E+03   8.9145492E+02   4.8138566E+03   3.5502498E-01   4.8972215E-06   2.8928051E-01
   2.6086957E-01   1.6838593E+03   5.8935075E+02   2.2732101E+03   3.6345653E-01   2.6832672E-05   2.6922014E-01
   2.7536232E-01   1.5154734E+03   3.5892790E+02   1.8744013E+03   3.6649049E-01   1.1183054E-04   2.9629079E-01
   2.8985507E-01   4.1675518E+02   3.0309467E+02   7.1984985E+02   3.4601148E-01   1.2096336E-05   2.0031735E-01
   3.0434783E-01   5.0515779E+02   7.2165398E+01   5.7732319E+02   3.6289465E-01   2.0111324E-06   3.1753257E-01
   3.1884058E-01   2.0665546E+02   0.0000000E+00   2.0665546E+02   3.6649428E-01   0.0000000E+00   3.6649428E-01
   3.3333333E-01   2.3061551E+02   3.2945073E+01   2.6356059E+02   3.7321942E-01   4.9037342E-06   3.2656759E-01
   3.4782609E-01   1.2628945E+02   6.3144724E+01   1.8943417E+02   3.2587404E-01   1.0567133E-05   2.1725285E-01
   3.6231884E-01   9.0928402E+01   3.0309467E+01   1.2123787E+02   3.3443134E-01   6.9004985E-06   2.5082178E-01
   3.7681159E-01   0.0000000E+00   0.0000000E+00   0.0000000E+00   0.0000000E+00   0.0000000E+00   0.0000000E+00
   3.9130435E-01   0.0000000E+00   0.0000000E+00   0.0000000E+00   0.0000000E+00   0.0000000E+00   0.0000000E+00
   4.0579710E-01   0.0000000E+00   0.0000000E+00   0.0000000E+00   0.0000000E+00   0.0000000E+00   0.0000000E+00
   4.2028986E-01   0.0000000E+00   0.0000000E+00   0.0000000E+00   0.0000000E+00   0.0000000E+00   0.0000000E+00
   4.3478261E-01   0.0000000E+00   0.0000000E+00   0.0000000E+00   0.0000000E+00   0.0000000E+00   0.0000000E+00
   4.4927536E-01   0.0000000E+00   0.0000000E+00   0.0000000E+00   0.0000000E+00   0.0000000E+00   0.0000000E+00
   4.6376812E-01   0.0000000E+00   0.0000000E+00   0.0000000E+00   0.0000000E+00   0.0000000E+00   0.0000000E+00
   4.7826087E-01   0.0000000E+00   0.0000000E+00   0.0000000E+00   0.0000000E+00   0.0000000E+00   0.0000000E+00
   4.9275362E-01   0.0000000E+00   0.0000000E+00   0.0000000E+00   0.0000000E+00   0.0000000E+00   0.0000000E+00
   5.0724638E-01   0.0000000E+00   0.0000000E+00   0.0000000E+00   0.0000000E+00   0.0000000E+00   0.0000000E+00
   5.2173913E-01   0.0000000E+00   0.0000000E+00   0.0000000E+00   0.0000000E+00   0.0000000E+00   0.0000000E+00
   5.3623188E-01   0.0000000E+00   0.0000000E+00   0.0000000E+00   0.0000000E+00   0.0000000E+00   0.0000000E+00
   5.5072464E-01   0.0000000E+00   0.0000000E+00   0.0000000E+00   0.0000000E+00   0.0000000E+00   0.0000000E+00
   5.6521739E-01   0.0000000E+00   0.0000000E+00   0.0000000E+00   0.0000000E+00   0.0000000E+00   0.0000000E+00
   5.7971014E-01   0.0000000E+00   0.0000000E+00   0.0000000E+00   0.0000000E+00   0.0000000E+00   0.0000000E+00
   5.9420290E-01   0.0000000E+00   0.0000000E+00   0.0000000E+00   0.0000000E+00   0.0000000E+00   0.0000000E+00
   6.0869565E-01   0.0000000E+00   0.0000000E+00   0.0000000E+00   0.0000000E+00   0.0000000E+00   0.0000000E+00
   6.2318841E-01   0.0000000E+00   0.0000000E+00   0.0000000E+00   0.0000000E+00   0.0000000E+00   0.0000000E+00
   6.3768116E-01   0.0000000E+00   0.0000000E+00   0.0000000E+00   0.0000000E+00   0.0000000E+00   0.0000000E+00
   6.5217391E-01   0.0000000E+00   0.0000000E+00   0.0000000E+00   0.0000000E+00   0.0000000E+00   0.0000000E+00
   6.6666667E-01   0.0000000E+00   0.0000000E+00   0.0000000E+00   0.0000000E+00   0.0000000E+00   0.0000000E+00
   6.8115942E-01   0.0000000E+00   0.0000000E+00   0.0000000E+00   0.0000000E+00   0.0000000E+00   0.0000000E+00
   6.9565217E-01   0.0000000E+00   0.0000000E+00   0.0000000E+00   0.0000000E+00   0.0000000E+00   0.0000000E+00
   7.1014493E-01   0.0000000E+00   0.0000000E+00   0.0000000E+00   0.0000000E+00   0.0000000E+00   0.0000000E+00
   7.2463768E-01   0.0000000E+00   0.0000000E+00   0.0000000E+00   0.0000000E+00   0.0000000E+00   0.0000000E+00
   7.3913043E-01   0.0000000E+00   0.0000000E+00   0.0000000E+00   0.0000000E+00   0.0000000E+00   0.0000000E+00
   7.5362319E-01   0.0000000E+00   0.0000000E+00   0.0000000E+00   0.0000000E+00   0.0000000E+00   0.0000000E+00
   7.6811594E-01   0.0000000E+00   0.0000000E+00   0.0000000E+00   0.0000000E+00   0.0000000E+00   0.0000000E+00
   7.8260870E-01   0.0000000E+00   0.0000000E+00   0.0000000E+00   0.0000000E+00   0.0000000E+00   0.0000000E+00
   7.9710145E-01   0.0000000E+00   0.0000000E+00   0.0000000E+00   0.0000000E+00   0.0000000E+00   0.0000000E+00
   8.1159420E-01   0.0000000E+00   0.0000000E+00   0.0000000E+00   0.0000000E+00   0.0000000E+00   0.0000000E+00
   8.2608696E-01   0.0000000E+00   0.0000000E+00   0.0000000E+00   0.0000000E+00   0.0000000E+00   0.0000000E+00
   8.4057971E-01   0.0000000E+00   0.0000000E+00   0.0000000E+00   0.0000000E+00   0.0000000E+00   0.0000000E+00
   8.5507246E-01   0.0000000E+00   0.0000000E+00   0.0000000E+00   0.0000000E+00   0.0000000E+00   0.0000000E+00
   8.6956522E-01   0.0000000E+00   0.0000000E+00   0.0000000E+00   0.0000000E+00   0.0000000E+00   0.0000000E+00
   8.8405797E-01   0.0000000E+00   0.0000000E+00   0.0000000E+00   0.0000000E+00   0.0000000E+00   0.0000000E+00
   8.9855072E-01   1.2221559E+01   0.0000000E+00   1.2221559E+01   1.9825243E-05   0.0000000E+00   1.9825243E-05
   9.1304348E-01   1.2027566E+01   0.0000000E+00   1.2027566E+01   3.1484627E-05   0.0000000E+00   3.1484627E-05
   9.2753623E-01   0.0000000E+00   0.0000000E+00   0.0000000E+00   0.0000000E+00   0.0000000E+00   0.0000000E+00
   9.4202899E-01   1.1657487E+01   0.0000000E+00   1.1657487E+01   4.1399489E-06   0.0000000E+00   4.1399489E-06
   9.5652174E-01   0.0000000E+00   0.0000000E+00   0.0000000E+00   0.0000000E+00   0.0000000E+00   0.0000000E+00
   9.7101449E-01   0.0000000E+00   0.0000000E+00   0.0000000E+00   0.0000000E+00   0.0000000E+00   0.0000000E+00
   9.8550725E-01   0.0000000E+00   0.0000000E+00   0.0000000E+00   0.0000000E+00   0.0000000E+00   0.0000000E+00
   1.0000000E+00   0.0000000E+00   0.0000000E+00   0.0000000E+00   0.0000000E+00   0.0000000E+00   0.0000000E+00
