   0.0000000E+00   4.2433254E+05   1.7579491E+05   6.0012745E+05   1.7087302E-02   1.8881466E-06   1.2081901E-02
   1.4492754E-02   4.2357481E+05   1.4927413E+05   5.7284893E+05   1.0305074E-03   1.7331559E-07   7.6198250E-04
   2.8985507E-02   3.6371361E+05   1.8450888E+05   5.4822249E+05   3.9998195E-03   3.7664952E-06   2.6536570E-03
   4.3478261E-02   3.8290960E+05   1.7958359E+05   5.6249320E+05   2.0658099E-03   2.3878123E-06   1.4070310E-03
   5.7971014E-02   3.8000495E+05   1.7352170E+05   5.5352665E+05   1.1995324E-03   3.3702808E-06   8.2284416E-04
   7.2463768E-02   3.8174774E+05   1.7700729E+05   5.5875503E+05   1.3056587E-03   2.7573061E-06   8.9272120E-04
   8.6956522E-02   3.8177300E+05   1.9082335E+05   5.7259635E+05   1.7864171E-03   1.0108949E-05   1.1878739E-03
   1.0144928E-01   3.9164162E+05   1.8921767E+05   5.8085929E+05   2.9625680E-03   4.1081850E-06   1.9988196E-03
   1.1594203E-01   3.8767703E+05   1.9454889E+05   5.8213121E+05   3.1446948E-03   1.5763761E-06   2.0940536E-03
   1.3043478E-01   3.8745602E+05   1.8960256E+05   5.7705858E+05   2.4910053E-03   1.1343968E-06   1.6728599E-03
   1.4492754E-01   3.9326534E+05   1.9125274E+05   5.8451808E+05   4.2810304E-03   2.1318638E-06   2.8808941E-03
   1.5942029E-01   3.9794953E+05   1.9356728E+05   5.9151681E+05   8.1251001E-04   7.9006698E-07   5.4662593E-04
   1.7391304E-01   4.0096900E+05   2.0364173E+05   6.0461073E+05   1.8425863E-03   3.8823881E-07   1.2218545E-03
   1.8840580E-01   4.1477340E+05   2.0254884E+05   6.1726396E+05   2.0367620E-03   1.2208201E-06   1.3682285E-03
   2.0289855E-01   4.1047679E+05   2.0870233E+05   6.1917912E+05   2.3915932E-03   4.1309010E-06   1.5868215E-03
   2.1739130E-01   4.1417887E+05   2.0933739E+05   6.2346574E+05   1.1534963E-03   2.5901502E-06   7.6541752E-04
   2.3188406E-01   4.2504292E+05   2.1458156E+05   6.3962448E+05   2.1612099E-03   1.3201994E-06   1.4358009E-03
   2.4637681E-01   4.2963670E+05   2.1595495E+05   6.4550251E+05   3.5281780E-04   1.3316976E-07   2.3486675E-04
   2.6086957E-01   4.3014186E+05   2.1835445E+05   6.4824373E+05   2.8231292E-03   3.1874331E-07   1.8971642E-03
   2.7536232E-01   4.2417302E+05   2.2101983E+05   6.4519285E+05   9.2979364E-04   3.3658085E-06   6.1106498E-04
   2.8985507E-01   4.2198356E+05   2.1891013E+05   6.4085580E+05   1.7925905E-03   1.3483335E-06   1.1799864E-03
   3.0434783E-01   4.1339949E+05   2.2342407E+05   6.3671531E+05   8.9017640E-04   8.5848769E-07   5.7972033E-04
   3.1884058E-01   4.1947614E+05   2.1440504E+05   6.3370897E+05   4.5572061E-04   1.3089825E-06   2.9572843E-04
   3.3333333E-01   4.1579977E+05   2.2270869E+05   6.3837668E+05   7.3927066E-04   2.1664782E-06   4.7588150E-04
   3.4782609E-01   4.1527128E+05   2.2081710E+05   6.3602523E+05   1.4490073E-03   2.9974754E-05   9.5639954E-04
   3.6231884E-01   4.0566191E+05   2.1759167E+05   6.2316265E+05   1.4091624E-03   1.3782116E-06   9.0491711E-04
   3.7681159E-01   4.0471882E+05   2.1662526E+05   6.2114007E+05   1.3692097E-03   7.1079089E-06   8.9832757E-04
   3.9130435E-01   3.9200244E+05   2.0624470E+05   5.9810682E+05   1.4285609E-03   2.7115476E-06   9.4367175E-04
   4.0579710E-01   3.8468668E+05   2.0564432E+05   5.9030394E+05   1.2242166E-03   4.4489777E-07   7.9789645E-04
   4.2028986E-01   3.7403450E+05   2.0309956E+05   5.7702955E+05   1.4530314E-03   1.1202337E-06   9.4431103E-04
   4.3478261E-01   3.6750229E+05   1.9908268E+05   5.6635766E+05   1.5833541E-03   3.9561601E-07   1.0427595E-03
   4.4927536E-01   3.6552240E+05   1.8867643E+05   5.5397885E+05   1.2563318E-03   3.9325529E-07   8.2753731E-04
   4.6376812E-01   3.5367360E+05   1.8995511E+05   5.4358135E+05   6.7823446E-04   3.2756565E-07   4.5111459E-04
   4.7826087E-01   3.4835222E+05   1.7710373E+05   5.2536410E+05   6.0786583E-04   1.5121629E-06   4.0330944E-04
   4.9275362E-01   3.3175495E+05   1.7664179E+05   5.0830760E+05   6.5864795E-04   1.1886334E-06   4.3014696E-04
   5.0724638E-01   3.2052262E+05   1.6994951E+05   4.9032058E+05   3.8694591E-04   1.1370337E-06   2.5289598E-04
   5.2173913E-01   3.1827046E+05   1.6682836E+05   4.8497253E+05   3.5708429E-04   1.0052977E-06   2.2487330E-04
   5.3623188E-01   3.1108163E+05   1.5748635E+05   4.6846559E+05   2.0255415E-03   1.5013489E-06   1.3491435E-03
   5.5072464E-01   2.9348338E+05   1.5226519E+05   4.4568875E+05   1.5223713E-03   2.9183150E-06   1.0023112E-03
   5.6521739E-01   2.8566673E+05   1.4904098E+05   4.3461056E+05   1.9011023E-03   4.1722263E-06   1.2471165E-03
   5.7971014E-01   2.7574038E+05   1.4118529E+05   4.1686884E+05   1.4629007E-03   1.1213012E-06   9.6790017E-04
   5.9420290E-01   2.6746257E+05   1.3408243E+05   4.0145259E+05   2.5013600E-03   5.1037825E-05   1.6696864E-03
   6.0869565E-01   2.5472582E+05   1.3211680E+05   3.8675241E+05   1.4783639E-03   6.9995824E-07   9.7385809E-04
   6.2318841E-01   2.4765654E+05   1.2347584E+05   3.7107951E+05   8.4629634E-04   1.2234879E-06   5.6506620E-04
   6.3768116E-01   2.3653439E+05   1.1915409E+05   3.5556794E+05   1.9782928E-03   2.5100398E-06   1.3190336E-03
   6.5217391E-01   2.2235362E+05   1.1007388E+05   3.3241066E+05   1.1959883E-03   7.3575525E-07   7.9978741E-04
   6.6666667E-01   2.1781635E+05   1.0807631E+05   3.2589266E+05   2.0569377E-03   7.0266941E-07   1.3672484E-03
   6.8115942E-01   2.0997367E+05   1.0285872E+05   3.1278403E+05   3.2509285E-03   1.8142539E-06   2.1730238E-03
   6.9565217E-01   1.9881116E+05   9.6848220E+04   2.9558045E+05   1.8476545E-03   2.1491407E-06   1.2337031E-03
   7.1014493E-01   1.8938778E+05   9.2382019E+04   2.8173887E+05   1.9146594E-03   5.8742533E-07   1.2910461E-03
   7.2463768E-01   1.7750740E+05   8.6094042E+04   2.6355597E+05   1.6608571E-03   1.7549516E-06   1.1190817E-03
   7.3913043E-01   1.7453202E+05   8.2325862E+04   2.5681331E+05   1.7164079E-03   2.5614996E-06   1.1672917E-03
   7.5362319E-01   1.6472030E+05   7.7944875E+04   2.4265060E+05   8.4260530E-04   1.3627991E-06   5.7676325E-04
   7.6811594E-01   1.5713743E+05   7.4115226E+04   2.3120977E+05   1.4985243E-03   9.9596892E-07   1.0185046E-03
   7.8260870E-01   1.4895139E+05   6.8055980E+04   2.1695124E+05   3.9046216E-04   1.1632936E-06   2.6480943E-04
   7.9710145E-01   1.3989197E+05   6.5592443E+04   2.0544308E+05   1.6930883E-03   1.1949063E-06   1.1554963E-03
   8.1159420E-01   1.3065545E+05   5.8914027E+04   1.8956948E+05   7.2017929E-04   4.1135887E-06   4.9525971E-04
   8.2608696E-01   1.2474739E+05   5.5288191E+04   1.8002228E+05   1.4447631E-03   3.0498609E-05   9.9490189E-04
   8.4057971E-01   1.1572468E+05   5.3172212E+04   1.6888383E+05   1.5143787E-03   2.9626069E-05   1.0598426E-03
   8.5507246E-01   1.0795821E+05   4.6543013E+04   1.5447554E+05   1.4755459E-03   1.2904587E-06   1.0403774E-03
   8.6956522E-01   1.0071583E+05   4.2913154E+04   1.4359110E+05   1.6534534E-03   9.8682432E-06   1.1621911E-03
   8.8405797E-01   9.1599185E+04   3.8520352E+04   1.3010712E+05   8.7019941E-04   1.2657201E-07   6.1268052E-04
   8.9855072E-01   8.3656574E+04   3.4085929E+04   1.1771806E+05   2.8500648E-03   6.1026658E-06   2.0269897E-03
   9.1304348E-01   7.3861285E+04   3.2690926E+04   1.0652816E+05   1.3096582E-03   4.9555581E-07   9.0801730E-04
   9.2753623E-01   6.6597951E+04   2.7302200E+04   9.3900151E+04   2.2180495E-03   5.0176001E-07   1.5730289E-03
   9.4202899E-01   5.7098374E+04   2.2102596E+04   7.9189312E+04   4.1933375E-04   1.8646707E-06   3.0266109E-04
   9.5652174E-01   4.5234584E+04   1.7117961E+04   6.2352544E+04   2.2757333E-03   2.7872644E-07   1.6509949E-03
   9.7101449E-01   3.3419581E+04   1.2881524E+04   4.6289795E+04   1.8612064E-03   6.3434218E-07   1.3436013E-03
   9.8550725E-01   1.2725519E+04   4.8138566E+03   1.7539376E+04   4.5965751E-03   3.6685712E-07   3.3349141E-03
   1.0000000E+00   4.3768184E+01   0.0000000E+00   4.3768184E+01   2.4628706E-01   0.0000000E+00   2.4628706E-01
