   0.0000000E+00   4.7282769E+05   1.8791870E+05   6.6074639E+05   1.7297715E-02   4.1481242E-04   1.2262872E-02
   1.4492754E-02   4.5009559E+05   1.8034133E+05   6.3043692E+05   5.7733746E-03   1.4525310E-06   4.1222282E-03
   2.8985507E-02   4.3797180E+05   1.7541604E+05   6.1338785E+05   2.1494854E-03   6.8397749E-06   1.5328217E-03
   4.3478261E-02   4.4327596E+05   1.7453202E+05   6.1780798E+05   4.0406661E-03   4.7654913E-06   2.8990683E-03
   5.7971014E-02   4.4858012E+05   1.8166737E+05   6.3024749E+05   4.1944648E-03   2.3767151E-06   2.9847353E-03
   7.2463768E-02   4.5267190E+05   1.7246087E+05   6.2513276E+05   3.5186971E-03   2.4225389E-06   2.5473454E-03
   8.6956522E-02   4.2635317E+05   1.9094964E+05   6.1730282E+05   1.8512983E-03   2.0715902E-06   1.2787782E-03
   1.0144928E-01   4.3429137E+05   1.9203213E+05   6.2632349E+05   2.4273363E-03   3.1661172E-05   1.6840118E-03
   1.1594203E-01   4.5227408E+05   1.8346699E+05   6.3574108E+05   2.0478012E-03   7.4256561E-06   1.4588111E-03
   1.3043478E-01   4.4369692E+05   1.9069707E+05   6.3447818E+05   1.8136473E-03   1.1616724E-06   1.3062991E-03
   1.4492754E-01   4.3084908E+05   1.9875433E+05   6.2952764E+05   1.5403112E-03   1.4583758E-06   1.0537365E-03
   1.5942029E-01   4.4010724E+05   1.9701154E+05   6.3718767E+05   2.9128542E-03   7.6593792E-06   2.0142266E-03
   1.7391304E-01   4.4340225E+05   1.9511720E+05   6.3839316E+05   2.2867315E-03   5.5783569E-06   1.5880570E-03
   1.8840580E-01   4.2963670E+05   1.9497148E+05   6.2454989E+05   1.8178132E-03   1.5533589E-06   1.2506315E-03
   2.0289855E-01   4.3331714E+05   2.0718686E+05   6.4050399E+05   2.2179850E-03   8.1290480E-06   1.5012951E-03
   2.1739130E-01   4.2872742E+05   2.1196421E+05   6.4079266E+05   3.0257532E-03   6.5137700E-05   2.0176935E-03
   2.3188406E-01   4.2921047E+05   2.1003514E+05   6.3910353E+05   1.2503362E-03   3.4007941E-06   8.4064914E-04
   2.4637681E-01   4.1902839E+05   2.1323602E+05   6.3226440E+05   1.7120817E-03   2.0536816E-06   1.1352498E-03
   2.6086957E-01   4.1831275E+05   2.1839655E+05   6.3666720E+05   3.0345807E-03   2.5187922E-06   1.9933450E-03
   2.7536232E-01   4.0650579E+05   2.1543650E+05   6.2182265E+05   7.3392903E-04   6.4695776E-05   4.2966043E-04
   2.8985507E-01   4.0194142E+05   2.2023617E+05   6.2210182E+05   4.6916338E-04   8.1580642E-06   3.0178958E-04
   3.0434783E-01   4.0567779E+05   2.2584161E+05   6.3141115E+05   1.0992125E-03   1.9925706E-06   7.2598870E-04
   3.1884058E-01   3.8964887E+05   2.2325678E+05   6.1283676E+05   2.0857563E-03   2.4867087E-06   1.3237869E-03
   3.3333333E-01   3.8707167E+05   2.2188507E+05   6.0882495E+05   7.9407665E-04   8.2836059E-05   4.7133917E-04
   3.4782609E-01   3.7984709E+05   2.1614439E+05   5.9592833E+05   2.7833967E-04   7.1930391E-06   1.7518395E-04
   3.6231884E-01   3.7507966E+05   2.2007704E+05   5.9506577E+05   4.5783087E-04   1.0944297E-05   2.8492146E-04
   3.7681159E-01   3.7271902E+05   2.0954334E+05   5.8223321E+05   6.3822411E-04   7.1188215E-07   4.1149308E-04
   3.9130435E-01   3.5871816E+05   2.1328884E+05   5.7200700E+05   6.6175115E-04   2.5569774E-06   4.1433838E-04
   4.0579710E-01   3.5849064E+05   2.0713273E+05   5.6554219E+05   5.8493133E-04   8.8290719E-06   3.7209559E-04
   4.2028986E-01   3.4782727E+05   2.0278601E+05   5.5050877E+05   1.1453976E-03   2.1234587E-05   7.3115060E-04
   4.3478261E-01   3.4333049E+05   1.9683473E+05   5.4016522E+05   8.6236326E-04   8.1002266E-06   5.4891316E-04
   4.4927536E-01   3.2966434E+05   1.9380949E+05   5.2342495E+05   1.2715829E-03   3.2535747E-05   8.1196371E-04
   4.6376812E-01   3.2975753E+05   1.8576388E+05   5.1547406E+05   2.0793143E-03   1.5434589E-05   1.3357322E-03
   4.7826087E-01   3.2543642E+05   1.8153534E+05   5.0685696E+05   1.7465959E-03   2.8744457E-05   1.1145551E-03
   4.9275362E-01   3.1615449E+05   1.7884814E+05   4.9502492E+05   6.7030811E-04   3.0866784E-06   4.2588750E-04
   5.0724638E-01   3.0820398E+05   1.7062065E+05   4.7878134E+05   4.6602539E-04   4.2497348E-07   2.8842019E-04
   5.2173913E-01   3.0096880E+05   1.6550232E+05   4.6640798E+05   4.6578263E-04   1.9993171E-05   2.9750995E-04
   5.3623188E-01   2.9238396E+05   1.5490595E+05   4.4724896E+05   4.9388958E-04   2.2300773E-05   3.2755149E-04
   5.5072464E-01   2.8349322E+05   1.5425924E+05   4.3765276E+05   9.6943641E-04   4.2022526E-06   6.5299918E-04
   5.6521739E-01   2.7981856E+05   1.4511629E+05   4.2485713E+05   1.3210488E-03   1.9952359E-07   8.7009396E-04
   5.7971014E-01   2.7062566E+05   1.4137472E+05   4.1200038E+05   8.9221735E-04   3.1337367E-06   5.8713027E-04
   5.9420290E-01   2.5792617E+05   1.3365736E+05   3.9154657E+05   9.7297940E-04   1.3037877E-05   6.3759944E-04
   6.0869565E-01   2.5409437E+05   1.3305495E+05   3.8711324E+05   1.4486517E-03   1.0416413E-05   9.5268821E-04
   6.2318841E-01   2.4476657E+05   1.2509704E+05   3.6984599E+05   9.1763950E-04   4.9128636E-05   6.2069201E-04
   6.3768116E-01   2.3860095E+05   1.2053180E+05   3.5908108E+05   2.8098958E-04   4.6220000E-05   1.9597829E-04
   6.5217391E-01   2.2954370E+05   1.1103368E+05   3.4054370E+05   1.2164016E-03   1.2264517E-05   8.1540592E-04
   6.6666667E-01   2.2167093E+05   1.0967415E+05   3.3137802E+05   1.5586038E-03   4.7078261E-06   1.0439937E-03
   6.8115942E-01   2.0987694E+05   1.0153672E+05   3.1142978E+05   6.2689544E-04   2.9011243E-05   4.1530358E-04
   6.9565217E-01   2.0580444E+05   9.7858536E+04   3.0369455E+05   1.5399705E-03   1.1312340E-05   1.0399600E-03
   7.1014493E-01   1.9291357E+05   9.1485107E+04   2.8444507E+05   6.0910719E-04   2.0239621E-06   4.1374860E-04
   7.2463768E-01   1.8861582E+05   8.6275899E+04   2.7489171E+05   1.1242563E-03   6.2378683E-06   7.6970384E-04
   7.3913043E-01   1.7696866E+05   8.0542952E+04   2.5751161E+05   9.9166154E-04   1.9857201E-05   6.6980094E-04
   7.5362319E-01   1.6989331E+05   7.8411175E+04   2.4826077E+05   1.1944238E-03   2.3426022E-05   8.3786934E-04
   7.6811594E-01   1.6191260E+05   7.2799909E+04   2.3472681E+05   1.7818408E-03   1.7294562E-05   1.2255884E-03
   7.8260870E-01   1.5431167E+05   6.8827749E+04   2.2315345E+05   1.0380734E-03   4.0901410E-06   7.1780257E-04
   7.9710145E-01   1.4766221E+05   6.4545388E+04   2.1218005E+05   2.6312481E-03   1.1111045E-06   1.8310696E-03
   8.1159420E-01   1.3575665E+05   5.9536454E+04   1.9530663E+05   1.4871193E-03   4.5026945E-06   1.0393316E-03
   8.2608696E-01   1.3156702E+05   5.5620531E+04   1.8721414E+05   1.6332089E-03   1.3232455E-06   1.1476316E-03
   8.4057971E-01   1.2377237E+05   5.1774319E+04   1.7554669E+05   1.4556402E-03   1.0652389E-05   1.0236075E-03
   8.5507246E-01   1.1273581E+05   4.6774186E+04   1.5949715E+05   1.5977415E-03   2.0292766E-04   1.1833724E-03
   8.6956522E-01   1.0629783E+05   4.3531972E+04   1.4981717E+05   1.9072065E-03   5.1442333E-06   1.3535462E-03
   8.8405797E-01   9.9151708E+04   4.0420904E+04   1.3957261E+05   3.0385883E-03   5.0252963E-05   2.1595493E-03
   8.9855072E-01   9.3996014E+04   3.5625846E+04   1.2960964E+05   7.6256074E-04   1.5358127E-05   5.5722308E-04
   9.1304348E-01   8.1162018E+04   3.1452086E+04   1.1261410E+05   2.4689807E-03   2.7861112E-05   1.7723079E-03
   9.2753623E-01   7.4293714E+04   2.7669229E+04   1.0193926E+05   1.9401639E-03   1.2206466E-05   1.4059370E-03
   9.4202899E-01   6.4535851E+04   2.2370718E+04   8.6918226E+04   3.6519545E-03   1.3966127E-05   2.7070739E-03
   9.5652174E-01   5.2869355E+04   1.8426778E+04   7.1296133E+04   3.5460725E-03   1.6788638E-05   2.6323500E-03
   9.7101449E-01   4.1856470E+04   1.4216045E+04   5.6061205E+04   1.9785645E-03   2.8792168E-07   1.4773115E-03
   9.8550725E-01   2.3311546E+04   6.9644916E+03   3.0276038E+04   5.9930248E-03   5.8988892E-06   4.6131030E-03
   1.0000000E+00   3.1294252E+03   8.0971140E+02   3.9391366E+03   3.9112822E-02   2.0376580E-05   3.1069717E-02
