   0.0000000E+00   5.4708589E+07   4.6961489E+07   1.0166402E+08   9.1672843E-04   5.4990136E-04   4.5492908E-04
   1.4492754E-02   5.3185538E+07   4.5118673E+07   9.8300422E+07   1.6504939E-04   1.2055168E-04   1.1692340E-04
   2.8985507E-02   4.5176640E+07   3.3306316E+07   7.8478409E+07   7.1656180E-04   7.6524298E-05   3.8822935E-04
   4.3478261E-02   3.4630587E+07   1.8959330E+07   5.3587138E+07   7.3149865E-04   1.0748754E-04   4.7896107E-04
   5.7971014E-02   2.3431870E+07   9.4215085E+06   3.2852242E+07   8.9861983E-04   3.5750426E-04   7.0862285E-04
   7.2463768E-02   1.3995851E+07   4.1781601E+06   1.8172950E+07   9.3104734E-04   4.8482903E-04   7.4448577E-04
   8.6956522E-02   7.9677275E+06   1.9516771E+06   9.9192784E+06   8.5043422E-04   8.8903670E-04   8.1687342E-04
   1.0144928E-01   3.9909991E+06   8.7507762E+05   4.8660767E+06   3.6104661E-03   5.6877246E-04   3.0631119E-03
   1.1594203E-01   1.1626522E+06   2.4995839E+05   1.4126106E+06   8.0832571E-03   1.5399956E-03   6.8358067E-03
   1.3043478E-01   4.1086167E+04   6.0618935E+03   4.7148060E+04   4.4484689E-02   2.5070221E-02   4.1917584E-02
   1.4492754E-01   2.0610438E+04   3.2582677E+03   2.3868706E+04   6.5385194E-02   1.4603615E-02   5.8438595E-02
   1.5942029E-01   1.3570375E+04   2.2043249E+03   1.5774700E+04   8.5883831E-02   3.5006521E-02   7.8761608E-02
   1.7391304E-01   1.1429195E+04   1.5786181E+03   1.3007813E+04   6.7143073E-02   2.5191361E-02   6.2045013E-02
   1.8840580E-01   9.1511276E+03   9.9088643E+02   1.0142014E+04   8.6474326E-02   3.1079156E-02   8.1055191E-02
   2.0289855E-01   6.7655061E+03   9.7423288E+02   7.7397390E+03   7.6854440E-02   2.0354972E-02   6.9376458E-02
   2.1739130E-01   6.0113777E+03   5.0515779E+02   6.5165355E+03   8.8545647E-02   3.9154836E-02   8.4353292E-02
   2.3188406E-01   4.2149103E+03   4.7358543E+02   4.6884957E+03   8.7005099E-02   1.0964312E-05   7.8215600E-02
   2.4637681E-01   4.7692838E+03   4.9030021E+02   5.2595840E+03   6.2259718E-02   2.4299705E-02   5.8701190E-02
   2.6086957E-01   2.5257889E+03   3.3677186E+02   2.8625608E+03   5.5785157E-02   2.4934692E-06   4.9222481E-02
   2.7536232E-01   2.7916615E+03   3.5892790E+02   3.1505894E+03   9.6342864E-02   7.1828965E-06   8.5367913E-02
   2.8985507E-01   1.9701154E+03   7.5773668E+01   2.0458890E+03   4.3170969E-02   2.0673454E-05   4.1571278E-02
   3.0434783E-01   1.4793907E+03   7.2165398E+01   1.5515561E+03   1.0138894E-01   8.5241052E-06   9.6673574E-02
   3.1884058E-01   1.1366050E+03   1.0332773E+02   1.2399328E+03   1.0687539E-01   9.0709972E-06   9.7968659E-02
   3.3333333E-01   8.5657190E+02   3.2945073E+01   8.8951698E+02   5.7975741E-02   2.6595633E-03   5.5769197E-02
   3.4782609E-01   4.7358543E+02   6.3144724E+01   5.3673015E+02   2.9589210E-02   2.0954261E-01   5.0626682E-02
   3.6231884E-01   4.8495148E+02   0.0000000E+00   4.8495148E+02   7.7808824E-02   0.0000000E+00   7.7808824E-02
   3.7681159E-01   3.7886834E+02   2.9143719E+01   4.0801206E+02   1.1668044E-01   4.2999621E-06   1.0834643E-01
   3.9130435E-01   2.5257889E+02   2.8064322E+01   2.8064322E+02   8.6805586E-02   1.6656744E-06   7.8124862E-02
   4.0579710E-01   1.6237215E+02   0.0000000E+00   1.6237215E+02   9.4597453E-06   0.0000000E+00   9.4597453E-06
   4.2028986E-01   1.5677311E+02   0.0000000E+00   1.5677311E+02   7.8611294E-02   0.0000000E+00   7.8611294E-02
   4.3478261E-01   5.0515779E+01   0.0000000E+00   5.0515779E+01   1.5076468E-06   0.0000000E+00   1.5076468E-06
   4.4927536E-01   2.4443119E+01   0.0000000E+00   2.4443119E+01   2.4191294E-05   0.0000000E+00   2.4191294E-05
   4.6376812E-01   4.7358543E+01   0.0000000E+00   4.7358543E+01   1.9687343E-01   0.0000000E+00   1.9687343E-01
   4.7826087E-01   4.5923435E+01   0.0000000E+00   4.5923435E+01   1.9925797E-05   0.0000000E+00   1.9925797E-05
   4.9275362E-01   2.2286373E+01   0.0000000E+00   2.2286373E+01   3.0196185E-05   0.0000000E+00   3.0196185E-05
   5.0724638E-01   0.0000000E+00   0.0000000E+00   0.0000000E+00   0.0000000E+00   0.0000000E+00   0.0000000E+00
   5.2173913E-01   0.0000000E+00   0.0000000E+00   0.0000000E+00   0.0000000E+00   0.0000000E+00   0.0000000E+00
   5.3623188E-01   0.0000000E+00   0.0000000E+00   0.0000000E+00   0.0000000E+00   0.0000000E+00   0.0000000E+00
   5.5072464E-01   0.0000000E+00   0.0000000E+00   0.0000000E+00   0.0000000E+00   0.0000000E+00   0.0000000E+00
   5.6521739E-01   0.0000000E+00   0.0000000E+00   0.0000000E+00   0.0000000E+00   0.0000000E+00   0.0000000E+00
   5.7971014E-01   0.0000000E+00   0.0000000E+00   0.0000000E+00   0.0000000E+00   0.0000000E+00   0.0000000E+00
   5.9420290E-01   1.8481383E+01   0.0000000E+00   1.8481383E+01   1.9303644E-05   0.0000000E+00   1.9303644E-05
   6.0869565E-01   0.0000000E+00   0.0000000E+00   0.0000000E+00   0.0000000E+00   0.0000000E+00   0.0000000E+00
   6.2318841E-01   0.0000000E+00   0.0000000E+00   0.0000000E+00   0.0000000E+00   0.0000000E+00   0.0000000E+00
   6.3768116E-01   0.0000000E+00   0.0000000E+00   0.0000000E+00   0.0000000E+00   0.0000000E+00   0.0000000E+00
   6.5217391E-01   0.0000000E+00   0.0000000E+00   0.0000000E+00   0.0000000E+00   0.0000000E+00   0.0000000E+00
   6.6666667E-01   1.6472537E+01   0.0000000E+00   1.6472537E+01   1.4062068E-06   0.0000000E+00   1.4062068E-06
   6.8115942E-01   1.6122057E+01   0.0000000E+00   1.6122057E+01   8.6641150E-06   0.0000000E+00   8.6641150E-06
   6.9565217E-01   0.0000000E+00   0.0000000E+00   0.0000000E+00   0.0000000E+00   0.0000000E+00   0.0000000E+00
   7.1014493E-01   1.5464014E+01   0.0000000E+00   1.5464014E+01   7.1428389E-06   0.0000000E+00   7.1428389E-06
   7.2463768E-01   1.5154734E+01   0.0000000E+00   1.5154734E+01   6.7568623E-06   0.0000000E+00   6.7568623E-06
   7.3913043E-01   0.0000000E+00   0.0000000E+00   0.0000000E+00   0.0000000E+00   0.0000000E+00   0.0000000E+00
   7.5362319E-01   0.0000000E+00   0.0000000E+00   0.0000000E+00   0.0000000E+00   0.0000000E+00   0.0000000E+00
   7.6811594E-01   0.0000000E+00   0.0000000E+00   0.0000000E+00   0.0000000E+00   0.0000000E+00   0.0000000E+00
   7.8260870E-01   0.0000000E+00   0.0000000E+00   0.0000000E+00   0.0000000E+00   0.0000000E+00   0.0000000E+00
   7.9710145E-01   0.0000000E+00   0.0000000E+00   0.0000000E+00   0.0000000E+00   0.0000000E+00   0.0000000E+00
   8.1159420E-01   0.0000000E+00   0.0000000E+00   0.0000000E+00   0.0000000E+00   0.0000000E+00   0.0000000E+00
   8.2608696E-01   1.3293626E+01   0.0000000E+00   1.3293626E+01   3.0642384E-03   0.0000000E+00   3.0642384E-03
   8.4057971E-01   0.0000000E+00   0.0000000E+00   0.0000000E+00   0.0000000E+00   0.0000000E+00   0.0000000E+00
   8.5507246E-01   0.0000000E+00   0.0000000E+00   0.0000000E+00   0.0000000E+00   0.0000000E+00   0.0000000E+00
   8.6956522E-01   0.0000000E+00   0.0000000E+00   0.0000000E+00   0.0000000E+00   0.0000000E+00   0.0000000E+00
   8.8405797E-01   0.0000000E+00   0.0000000E+00   0.0000000E+00   0.0000000E+00   0.0000000E+00   0.0000000E+00
   8.9855072E-01   0.0000000E+00   0.0000000E+00   0.0000000E+00   0.0000000E+00   0.0000000E+00   0.0000000E+00
   9.1304348E-01   0.0000000E+00   0.0000000E+00   0.0000000E+00   0.0000000E+00   0.0000000E+00   0.0000000E+00
   9.2753623E-01   0.0000000E+00   0.0000000E+00   0.0000000E+00   0.0000000E+00   0.0000000E+00   0.0000000E+00
   9.4202899E-01   0.0000000E+00   0.0000000E+00   0.0000000E+00   0.0000000E+00   0.0000000E+00   0.0000000E+00
   9.5652174E-01   0.0000000E+00   0.0000000E+00   0.0000000E+00   0.0000000E+00   0.0000000E+00   0.0000000E+00
   9.7101449E-01   0.0000000E+00   0.0000000E+00   0.0000000E+00   0.0000000E+00   0.0000000E+00   0.0000000E+00
   9.8550725E-01   0.0000000E+00   0.0000000E+00   0.0000000E+00   0.0000000E+00   0.0000000E+00   0.0000000E+00
   1.0000000E+00   0.0000000E+00   0.0000000E+00   0.0000000E+00   0.0000000E+00   0.0000000E+00   0.0000000E+00
