   0.0000000E+00   3.3946603E+05   1.5154734E+05   4.9101337E+05   3.2061637E-02   3.7082144E-06   2.2165503E-02
   1.4492754E-02   3.6674456E+05   1.4548544E+05   5.1223000E+05   6.2725046E-03   2.4788921E-06   4.4911451E-03
   2.8985507E-02   3.6560795E+05   1.3070958E+05   4.9631753E+05   9.0546372E-03   1.2480794E-05   6.6667555E-03
   4.3478261E-02   3.7331161E+05   1.3992871E+05   5.1324031E+05   3.9550808E-03   6.8903943E-06   2.8772555E-03
   5.7971014E-02   3.7337475E+05   1.3980242E+05   5.1317717E+05   1.1694781E-03   4.1995846E-06   8.5002202E-04
   7.2463768E-02   3.6280432E+05   1.2972452E+05   4.9252884E+05   6.1039572E-03   1.7996283E-06   4.4965418E-03
   8.6956522E-02   3.6800745E+05   1.4359110E+05   5.1159855E+05   3.8285195E-03   8.7877080E-06   2.7541775E-03
   1.0144928E-01   3.7659513E+05   1.3693384E+05   5.1352898E+05   2.5938240E-03   4.0537913E-06   1.9013108E-03
   1.1594203E-01   3.6958607E+05   1.4179148E+05   5.1137754E+05   3.1079438E-03   2.1802971E-06   2.2456926E-03
   1.3043478E-01   3.7676352E+05   1.4093902E+05   5.1761835E+05   8.8593054E-04   5.2076116E-07   6.4484912E-04
   1.4492754E-01   3.7242758E+05   1.3677147E+05   5.0919905E+05   2.6333027E-03   6.2708200E-06   1.9387797E-03
   1.5942029E-01   3.7501077E+05   1.4534767E+05   5.2042733E+05   2.7183457E-03   3.6567259E-06   1.9588582E-03
   1.7391304E-01   3.6661827E+05   1.4479085E+05   5.1134597E+05   1.2951904E-03   6.1972400E-07   9.2295775E-04
   1.8840580E-01   3.6656969E+05   1.4909926E+05   5.1555238E+05   1.7351642E-03   9.3193261E-05   1.2276721E-03
   2.0289855E-01   3.7031674E+05   1.4927413E+05   5.1948262E+05   1.7121762E-03   3.4939835E-06   1.2211559E-03
   2.1739130E-01   3.7351367E+05   1.5139579E+05   5.2485894E+05   2.1351350E-03   2.2752163E-06   1.5196744E-03
   2.3188406E-01   3.7133833E+05   1.5273130E+05   5.2411699E+05   1.0698921E-03   2.3564786E-06   7.9745741E-04
   2.4637681E-01   3.6629883E+05   1.5801038E+05   5.2417549E+05   1.7110819E-03   2.1531536E-06   1.1815117E-03
   2.6086957E-01   3.6644988E+05   1.6177678E+05   5.2822666E+05   1.3999739E-03   2.2196601E-05   9.6770601E-04
   2.7536232E-01   3.5769160E+05   1.6797826E+05   5.2562997E+05   2.3938689E-03   3.9199026E-06   1.6288020E-03
   2.8985507E-01   3.5643934E+05   1.6461829E+05   5.2105763E+05   5.9043698E-04   3.8569031E-06   4.0413712E-04
   3.0434783E-01   3.5703831E+05   1.7290829E+05   5.2991052E+05   1.8133320E-03   3.9760891E-06   1.2357276E-03
   3.1884058E-01   3.4976436E+05   1.7810256E+05   5.2793581E+05   1.9349883E-03   1.7032645E-06   1.2722806E-03
   3.3333333E-01   3.4987668E+05   1.7296163E+05   5.2280537E+05   2.7954484E-04   2.0456532E-07   1.9701638E-04
   3.4782609E-01   3.4442290E+05   1.7920473E+05   5.2362762E+05   8.0826087E-04   3.2307962E-06   5.3271018E-04
   3.6231884E-01   3.4495205E+05   1.8088690E+05   5.2574802E+05   1.5107610E-03   4.6646884E-06   9.9131123E-04
   3.7681159E-01   3.4173924E+05   1.7856356E+05   5.2044853E+05   1.0833336E-03   1.6986616E-05   7.0645142E-04
   3.9130435E-01   3.3421801E+05   1.7700168E+05   5.1113549E+05   1.8455243E-03   1.2705354E-06   1.2069784E-03
   4.0579710E-01   3.2961546E+05   1.7801400E+05   5.0757533E+05   2.5798645E-03   8.3912781E-06   1.6530140E-03
   4.2028986E-01   3.2271744E+05   1.7778070E+05   5.0041976E+05   1.0162986E-03   2.2181692E-05   6.9913144E-04
   4.3478261E-01   3.2451336E+05   1.8036659E+05   5.0472841E+05   1.1308905E-03   1.9545783E-06   7.2647494E-04
   4.4927536E-01   3.1529179E+05   1.7398612E+05   4.8922902E+05   1.2996037E-03   2.5030128E-06   8.3823801E-04
   4.6376812E-01   3.0972487E+05   1.7411368E+05   4.8364912E+05   1.7751118E-03   2.4857930E-06   1.1401521E-03
   4.7826087E-01   3.0068369E+05   1.7175365E+05   4.7239142E+05   1.2781324E-03   1.9005739E-06   8.1393759E-04
   4.9275362E-01   2.9754537E+05   1.7280854E+05   4.7028704E+05   4.7463695E-04   4.2633960E-06   3.0083423E-04
   5.0724638E-01   2.8800489E+05   1.6607423E+05   4.5394922E+05   1.3951130E-03   1.7118834E-05   8.7975640E-04
   5.2173913E-01   2.9198120E+05   1.6764924E+05   4.5950415E+05   1.5927063E-03   2.1131994E-06   1.0112785E-03
   5.3623188E-01   2.7878566E+05   1.6195086E+05   4.4065460E+05   3.6149346E-04   9.7970583E-07   2.2202470E-04
   5.5072464E-01   2.7715216E+05   1.5934405E+05   4.3641645E+05   6.1200102E-04   8.4899433E-07   3.8837376E-04
   5.6521739E-01   2.6717018E+05   1.5630748E+05   4.2326394E+05   9.4510348E-04   3.1791742E-06   5.9542880E-04
   5.7971014E-01   2.6446905E+05   1.5480560E+05   4.1919888E+05   7.4105323E-05   1.2547789E-06   4.3628020E-05
   5.9420290E-01   2.5544967E+05   1.4548544E+05   4.0089815E+05   9.4943361E-04   1.9688493E-05   5.9797168E-04
   6.0869565E-01   2.5082888E+05   1.4402409E+05   3.9476277E+05   1.1041673E-03   1.8872429E-05   7.0369530E-04
   6.2318841E-01   2.4524236E+05   1.3723845E+05   3.8246319E+05   1.9671529E-03   7.6856623E-06   1.2498211E-03
   6.3768116E-01   2.3904870E+05   1.3019294E+05   3.6918998E+05   1.5442969E-03   1.6384050E-06   9.7435151E-04
   6.5217391E-01   2.2893751E+05   1.2997710E+05   3.5883042E+05   1.0077963E-03   7.1735322E-06   6.4282548E-04
   6.6666667E-01   2.2606909E+05   1.2132023E+05   3.4733991E+05   1.3981950E-03   5.0232442E-06   9.0832336E-04
   6.8115942E-01   2.1800246E+05   1.1957730E+05   3.3748302E+05   1.1989101E-03   6.9226505E-06   7.7884771E-04
   6.9565217E-01   2.1180319E+05   1.1490761E+05   3.2661608E+05   1.4274618E-03   1.1998962E-06   9.2599481E-04
   7.1014493E-01   2.0813016E+05   1.1052131E+05   3.1858962E+05   4.4227613E-04   4.6859460E-07   2.8882422E-04
   7.2463768E-01   2.0155796E+05   1.0409787E+05   3.0561036E+05   1.0495898E-03   6.8996441E-06   6.8065764E-04
   7.3913043E-01   1.9603094E+05   9.9783521E+04   2.9579960E+05   6.2828154E-04   3.7928033E-06   4.1500643E-04
   7.5362319E-01   1.8976932E+05   9.6290846E+04   2.8607474E+05   7.0913625E-04   3.0244675E-05   4.6147859E-04
   7.6811594E-01   1.8041282E+05   9.3030049E+04   2.7338568E+05   1.6210873E-03   7.7172819E-06   1.0625581E-03
   7.8260870E-01   1.7736651E+05   8.5301506E+04   2.6263995E+05   2.9297491E-04   8.8911441E-06   2.2265722E-04
   7.9710145E-01   1.6908550E+05   8.3654130E+04   2.5275340E+05   1.8127917E-03   1.3694379E-06   1.2078390E-03
   8.1159420E-01   1.6065371E+05   7.7559762E+04   2.3821347E+05   1.0488786E-04   2.0736871E-07   5.0013732E-05
   8.2608696E-01   1.5556201E+05   7.0283401E+04   2.2583212E+05   1.2251707E-03   1.4188306E-05   8.4005007E-04
   8.4057971E-01   1.4564222E+05   6.5322128E+04   2.1095128E+05   1.6792315E-03   2.5051338E-06   1.1884637E-03
   8.5507246E-01   1.3983453E+05   6.0644621E+04   2.0047915E+05   2.4068301E-03   4.8907716E-06   1.6834598E-03
   8.6956522E-01   1.3333640E+05   5.6994428E+04   1.9033083E+05   1.7857711E-03   3.1824308E-06   1.2565196E-03
   8.8405797E-01   1.2659171E+05   5.1203125E+04   1.7778242E+05   1.2846086E-03   9.9692645E-06   9.3781027E-04
   8.9855072E-01   1.1914798E+05   4.6515255E+04   1.6566324E+05   1.2266172E-03   1.2310770E-05   8.8442711E-04
   9.1304348E-01   1.0664843E+05   3.9883410E+04   1.4651981E+05   1.4986349E-03   1.8297298E-04   1.1071094E-03
   9.2753623E-01   9.7712513E+04   3.6525276E+04   1.3424963E+05   3.3361135E-03   2.1744330E-06   2.4287373E-03
   9.4202899E-01   8.8188893E+04   3.0169578E+04   1.1835847E+05   2.8922050E-03   2.5677755E-05   2.1559527E-03
   9.5652174E-01   7.3167513E+04   2.5028272E+04   9.8195786E+04   3.1903106E-03   1.7429549E-06   2.3548121E-03
   9.7101449E-01   5.7452274E+04   1.9169607E+04   7.6621881E+04   3.4710462E-03   4.0490308E-06   2.6017202E-03
   9.8550725E-01   3.2538105E+04   1.1321478E+04   4.3859582E+04   3.7677220E-03   6.3307249E-06   2.7935258E-03
   1.0000000E+00   5.9305889E+03   1.5100023E+03   7.4405913E+03   5.2717748E-03   9.6952285E-07   4.2021103E-03
