   0.0000000E+00   2.4853763E+05   1.4548544E+05   3.9402308E+05   5.1933144E-02   3.4958031E-06   3.2756540E-02
   1.4492754E-02   2.2353232E+05   1.4700092E+05   3.7053324E+05   1.4351220E-02   2.4502652E-04   8.7525628E-03
   2.8985507E-02   2.2163798E+05   1.4586431E+05   3.6750229E+05   6.5716823E-03   1.4851778E-06   3.9638764E-03
   4.3478261E-02   2.2934164E+05   1.4700092E+05   3.7634255E+05   3.0824040E-03   2.9194874E-06   1.8777937E-03
   5.7971014E-02   2.2410062E+05   1.3449826E+05   3.5859889E+05   2.5174628E-03   1.6113600E-06   1.5726686E-03
   7.2463768E-02   2.3080659E+05   1.4881948E+05   3.7962608E+05   2.7203469E-03   2.9299718E-05   1.6565225E-03
   8.6956522E-02   2.3489837E+05   1.4839010E+05   3.8328847E+05   3.1473412E-03   2.0740060E-06   1.9289621E-03
   1.0144928E-01   2.3262516E+05   1.4786690E+05   3.8049206E+05   2.8327431E-03   1.1905736E-06   1.7320493E-03
   1.1594203E-01   2.3821347E+05   1.5514659E+05   3.9336006E+05   3.3094054E-03   1.8932055E-06   2.0035739E-03
   1.3043478E-01   2.2807874E+05   1.5003186E+05   3.7811061E+05   3.2786283E-03   1.5206135E-05   1.9800422E-03
   1.4492754E-01   2.3429218E+05   1.5374477E+05   3.8803696E+05   5.4268921E-03   6.1154907E-06   3.2768745E-03
   1.5942029E-01   2.4206243E+05   1.5685149E+05   3.9891392E+05   3.5877163E-03   1.6101851E-05   2.1709176E-03
   1.7391304E-01   2.3799246E+05   1.5306281E+05   3.9105527E+05   1.5544643E-03   1.9614275E-07   9.4610659E-04
   1.8840580E-01   2.3932822E+05   1.5463657E+05   3.9390650E+05   8.5603231E-04   1.0906983E-06   5.3639081E-04
   2.0289855E-01   2.4794227E+05   1.6020718E+05   4.0809533E+05   1.6231492E-03   1.4056071E-05   9.8319157E-04
   2.1739130E-01   2.5166961E+05   1.5634634E+05   4.0791491E+05   4.0842919E-03   5.1879576E-05   2.5277721E-03
   2.3188406E-01   2.5744104E+05   1.5936150E+05   4.1670782E+05   3.7749341E-03   1.6974793E-06   2.3327801E-03
   2.4637681E-01   2.6395980E+05   1.6340369E+05   4.2736349E+05   1.1529859E-03   1.0332096E-05   7.0825476E-04
   2.6086957E-01   2.6554461E+05   1.5929309E+05   4.2475351E+05   1.0842384E-03   2.4800640E-05   6.4588687E-04
   2.7536232E-01   2.7266556E+05   1.6718064E+05   4.3984620E+05   6.3087840E-03   5.8777207E-05   3.9331362E-03
   2.8985507E-01   2.7801359E+05   1.6844486E+05   4.4642057E+05   1.3739427E-03   2.1492164E-05   8.5198648E-04
   3.0434783E-01   2.8216671E+05   1.7298046E+05   4.5507500E+05   1.7522006E-03   3.0668194E-05   1.1029083E-03
   3.1884058E-01   2.9017871E+05   1.7173069E+05   4.6187495E+05   1.0930029E-03   2.5493319E-06   6.9017494E-04
   3.3333333E-01   2.9321115E+05   1.7134733E+05   4.6455848E+05   2.0664640E-03   4.5636095E-06   1.3242032E-03
   3.4782609E-01   2.9873769E+05   1.7513189E+05   4.7380643E+05   1.7963708E-03   4.3917112E-05   1.1218051E-03
   3.6231884E-01   3.0151858E+05   1.7734069E+05   4.7873804E+05   1.7790429E-03   3.2738585E-06   1.0703141E-03
   3.7681159E-01   3.0866112E+05   1.7369656E+05   4.8229940E+05   3.7154560E-03   6.4317819E-05   2.4102339E-03
   3.9130435E-01   3.1507814E+05   1.7484072E+05   4.8986273E+05   1.6809151E-03   1.3479057E-05   1.1106861E-03
   4.0579710E-01   3.1161921E+05   1.7614672E+05   4.8765768E+05   3.2604369E-03   3.7981320E-05   2.1127026E-03
   4.2028986E-01   3.1391202E+05   1.7895650E+05   4.9273788E+05   1.7450492E-03   1.1626074E-05   1.0760180E-03
   4.3478261E-01   3.2054788E+05   1.7614852E+05   4.9662062E+05   2.2861134E-03   1.3400792E-05   1.5098784E-03
   4.4927536E-01   3.2037596E+05   1.7552604E+05   4.9582867E+05   3.7739779E-03   2.9048809E-06   2.4218918E-03
   4.6376812E-01   3.2426394E+05   1.7122481E+05   4.9544140E+05   6.2189630E-04   3.8568544E-07   4.1970411E-04
   4.7826087E-01   3.2387503E+05   1.6952636E+05   4.9328658E+05   1.6298722E-03   2.5172158E-06   1.0705942E-03
   4.9275362E-01   3.1844998E+05   1.7222909E+05   4.9056764E+05   2.2361447E-03   1.2587819E-05   1.4560927E-03
   5.0724638E-01   3.1755662E+05   1.6574949E+05   4.8319786E+05   3.5515355E-04   2.4410811E-06   2.4925331E-04
   5.2173913E-01   3.1433443E+05   1.6396580E+05   4.7825814E+05   1.8731895E-03   3.3505305E-06   1.2367504E-03
   5.3623188E-01   3.1599668E+05   1.6096785E+05   4.7690309E+05   1.4803005E-03   7.2578268E-07   9.8622570E-04
   5.5072464E-01   3.0807978E+05   1.5647263E+05   4.6449259E+05   1.3466443E-03   7.3508975E-06   9.0528598E-04
   5.6521739E-01   3.0806853E+05   1.5444228E+05   4.6245253E+05   1.0597401E-03   7.2736886E-06   6.9597212E-04
   5.7971014E-01   3.0161709E+05   1.5118741E+05   4.5272873E+05   1.2199962E-03   2.0006981E-05   7.9507150E-04
   5.9420290E-01   2.9875155E+05   1.4622470E+05   4.4484688E+05   1.6668757E-03   1.0136736E-05   1.1009131E-03
   6.0869565E-01   2.9510236E+05   1.4092098E+05   4.3598725E+05   9.2341546E-04   3.0675114E-05   6.1777386E-04
   6.2318841E-01   2.8682977E+05   1.3840149E+05   4.2514315E+05   1.2498278E-03   6.1429765E-06   8.3838064E-04
   6.3768116E-01   2.8062089E+05   1.3270725E+05   4.1319037E+05   2.9113798E-03   2.4948311E-06   1.9538934E-03
   6.5217391E-01   2.7896497E+05   1.2822589E+05   4.0698879E+05   5.9452139E-04   2.1306340E-05   4.0797382E-04
   6.6666667E-01   2.6654211E+05   1.2441707E+05   3.9084388E+05   2.3986071E-03   3.9039695E-05   1.6252556E-03
   6.8115942E-01   2.6098386E+05   1.1709450E+05   3.7799775E+05   3.6327565E-03   2.6478590E-06   2.5075363E-03
   6.9565217E-01   2.5193166E+05   1.1427616E+05   3.6612889E+05   1.6333578E-03   5.1904666E-06   1.1520918E-03
   7.1014493E-01   2.4246027E+05   1.1022749E+05   3.5259498E+05   4.1565819E-04   7.7809155E-06   2.7741364E-04
   7.2463768E-01   2.3883860E+05   1.0435550E+05   3.4308802E+05   1.4482754E-03   3.5806615E-05   1.0419817E-03
   7.3913043E-01   2.2360661E+05   9.9040642E+04   3.2263239E+05   3.1648683E-03   5.5443825E-06   2.1934420E-03
   7.5362319E-01   2.1881104E+05   9.6028553E+04   3.1475216E+05   1.4439533E-03   6.1821567E-06   1.0309960E-03
   7.6811594E-01   2.1010752E+05   9.1714733E+04   3.0173647E+05   3.6823391E-03   1.3005398E-05   2.5947404E-03
   7.8260870E-01   1.9969168E+05   8.5610213E+04   2.8530189E+05   9.3187962E-04   3.6783674E-06   6.7070988E-04
   7.9710145E-01   1.8853866E+05   8.2111102E+04   2.7059466E+05   3.1727221E-03   7.2895749E-06   2.2127884E-03
   8.1159420E-01   1.7793281E+05   7.6017227E+04   2.5393651E+05   7.7628742E-04   8.7736391E-07   5.2964944E-04
   8.2608696E-01   1.6749969E+05   7.2397087E+04   2.3985689E+05   2.5307391E-03   2.5310528E-05   1.7666095E-03
   8.4057971E-01   1.5660327E+05   6.5949220E+04   2.2252636E+05   7.6203638E-04   5.2166259E-06   5.6735508E-04
   8.5507246E-01   1.4733483E+05   6.1440886E+04   2.0873719E+05   1.0155039E-03   5.3152629E-06   7.1927107E-04
   8.6956522E-01   1.3447300E+05   5.6261949E+04   1.9072232E+05   1.5574624E-03   2.5127518E-06   1.0822985E-03
   8.8405797E-01   1.2318811E+05   5.1923596E+04   1.7506202E+05   1.4547528E-03   2.6755487E-06   1.0517227E-03
   8.9855072E-01   1.1187615E+05   4.7480758E+04   1.5935691E+05   1.1420200E-03   6.0261082E-06   7.9996648E-04
   9.1304348E-01   9.8638072E+04   4.2012289E+04   1.4065036E+05   3.2127020E-03   1.7123287E-05   2.2581702E-03
   9.2753623E-01   8.6299105E+04   3.5767539E+04   1.2205480E+05   1.3487852E-03   8.7238161E-07   9.2278490E-04
   9.4202899E-01   7.3617033E+04   3.0659192E+04   1.0427623E+05   1.4057083E-03   6.2778540E-06   9.9424915E-04
   9.5652174E-01   5.9091980E+04   2.5234928E+04   8.4303947E+04   1.5664145E-03   3.3265414E-06   1.1037739E-03
   9.7101449E-01   4.2896944E+04   1.8932108E+04   6.1840361E+04   3.3892346E-03   2.1755911E-06   2.3249937E-03
   9.8550725E-01   2.8158832E+04   1.2614087E+04   4.0772920E+04   5.7494243E-03   7.0680338E-07   3.9704855E-03
   1.0000000E+00   5.5585594E+03   1.6850751E+03   7.2436344E+03   2.5483687E-02   6.5480550E-06   1.9556880E-02
