   0.0000000E+00   2.2429006E+05   7.8804615E+04   3.0309467E+05   2.2603508E-02   8.4325182E-07   1.6726755E-02
   1.4492754E-02   2.7278521E+05   1.2881524E+05   4.0160044E+05   3.3126461E-03   1.2960394E-06   2.2500091E-03
   2.8985507E-02   2.5611500E+05   1.3184618E+05   3.8796118E+05   5.4627217E-03   2.2623738E-06   3.6064922E-03
   4.3478261E-02   2.8692962E+05   1.3891839E+05   4.2584802E+05   2.2953096E-03   1.9466018E-06   1.5460783E-03
   5.7971014E-02   2.7505842E+05   1.3771864E+05   4.1277706E+05   2.7045183E-03   3.4375612E-06   1.8024712E-03
   7.2463768E-02   2.6808724E+05   1.3290701E+05   4.0099425E+05   3.6096418E-03   3.2181895E-06   2.4127788E-03
   8.6956522E-02   2.7354294E+05   1.2995184E+05   4.0349478E+05   4.6514579E-03   2.3848419E-04   3.0805815E-03
   1.0144928E-01   2.6953776E+05   1.3931530E+05   4.0885307E+05   4.3868190E-03   5.5528893E-07   2.8918641E-03
   1.1594203E-01   2.7951012E+05   1.3733977E+05   4.1684989E+05   3.2549101E-03   1.1157657E-06   2.1822034E-03
   1.3043478E-01   2.8078354E+05   1.3950774E+05   4.2029128E+05   1.0938273E-03   2.6363419E-06   7.2987872E-04
   1.4492754E-01   2.8066567E+05   1.4374265E+05   4.2440832E+05   2.2427291E-03   3.5120140E-07   1.4831066E-03
   1.5942029E-01   2.7519619E+05   1.4114568E+05   4.1634187E+05   2.6568671E-03   1.2558954E-06   1.7561496E-03
   1.7391304E-01   2.7467955E+05   1.4068644E+05   4.1536599E+05   1.7322783E-03   7.8253060E-07   1.1453051E-03
   1.8840580E-01   2.8461756E+05   1.4198820E+05   4.2660575E+05   3.4804952E-03   1.7941397E-05   2.3169950E-03
   2.0289855E-01   2.8631622E+05   1.4380760E+05   4.3012382E+05   6.3393801E-03   2.0858206E-07   4.2198076E-03
   2.1739130E-01   2.9081934E+05   1.4573802E+05   4.3655736E+05   3.7572779E-03   3.4622807E-06   2.5041021E-03
   2.3188406E-01   2.8997636E+05   1.4553280E+05   4.3550916E+05   3.7361318E-03   2.9311523E-06   2.4876028E-03
   2.4637681E-01   2.9565103E+05   1.5070045E+05   4.4639605E+05   7.2972822E-04   7.1549304E-05   5.1977654E-04
   2.6086957E-01   3.0246323E+05   1.4910574E+05   4.5156897E+05   1.4263214E-03   2.7340169E-05   9.6485376E-04
   2.7536232E-01   2.9850837E+05   1.5003186E+05   4.4854024E+05   6.6772375E-04   3.9529803E-06   4.4328446E-04
   2.8985507E-01   3.0491324E+05   1.5526025E+05   4.6017349E+05   2.5156119E-03   6.1311837E-05   1.6466181E-03
   3.0434783E-01   2.9844001E+05   1.5432570E+05   4.5283788E+05   1.8201209E-03   2.2011001E-05   1.1811709E-03
   3.1884058E-01   3.0250915E+05   1.5423386E+05   4.5674301E+05   2.8007692E-03   1.2597789E-05   1.8558814E-03
   3.3333333E-01   3.0428070E+05   1.5563253E+05   4.5984733E+05   1.0563845E-03   1.9360722E-06   6.9885599E-04
   3.4782609E-01   3.0760952E+05   1.6092433E+05   4.6853385E+05   3.7132340E-03   1.7636050E-06   2.4383834E-03
   3.6231884E-01   3.1209659E+05   1.5715459E+05   4.6925117E+05   8.5935515E-04   3.4907714E-05   5.8451883E-04
   3.7681159E-01   3.0842797E+05   1.5306281E+05   4.6149078E+05   2.3918332E-03   2.2587135E-05   1.5946077E-03
   3.9130435E-01   3.1215945E+05   1.5892825E+05   4.7105964E+05   3.3505651E-03   1.1062287E-06   2.2199729E-03
   4.0579710E-01   3.1096972E+05   1.5606669E+05   4.6698229E+05   2.6710604E-03   4.9806817E-05   1.7951670E-03
   4.2028986E-01   3.0941786E+05   1.5719117E+05   4.6660902E+05   8.2916094E-04   1.6916774E-05   5.5212737E-04
   4.3478261E-01   3.1471330E+05   1.5687675E+05   4.7156480E+05   1.5592997E-03   5.3438224E-05   1.0300518E-03
   4.4927536E-01   3.0864326E+05   1.5430941E+05   4.6292823E+05   3.7747962E-03   1.3655502E-06   2.5321140E-03
   4.6376812E-01   3.0418392E+05   1.5694621E+05   4.6110645E+05   1.3745930E-03   4.7197718E-06   9.0837462E-04
   4.7826087E-01   3.0690632E+05   1.5055998E+05   4.5742038E+05   2.7387186E-04   3.1467995E-05   1.7929372E-04
   4.9275362E-01   3.0262666E+05   1.5288452E+05   4.5546661E+05   7.8059402E-04   5.1544144E-05   5.1038504E-04
   5.0724638E-01   2.9376369E+05   1.5464323E+05   4.4838527E+05   8.0289202E-04   3.8386668E-06   5.2682484E-04
   5.2173913E-01   2.9315990E+05   1.4954775E+05   4.4270766E+05   1.6650121E-03   2.5059816E-06   1.1034064E-03
   5.3623188E-01   2.8503187E+05   1.4405189E+05   4.2908376E+05   2.8477737E-03   1.3185150E-06   1.8920899E-03
   5.5072464E-01   2.7872746E+05   1.4231491E+05   4.2100249E+05   1.9779552E-03   9.7902021E-07   1.3098041E-03
   5.6521739E-01   2.8044029E+05   1.4093902E+05   4.2132103E+05   1.6882614E-03   1.1550765E-05   1.1273445E-03
   5.7971014E-01   2.7492581E+05   1.3747238E+05   4.1237925E+05   1.3969860E-03   4.1467328E-05   9.2234853E-04
   5.9420290E-01   2.7123277E+05   1.3572727E+05   4.0694156E+05   2.0101709E-03   2.2708724E-05   1.3454006E-03
   6.0869565E-01   2.6638053E+05   1.3253175E+05   3.9889424E+05   1.0735724E-03   3.6955460E-06   7.1776359E-04
   6.2318841E-01   2.5884638E+05   1.2862140E+05   3.8745015E+05   4.5471690E-03   2.7733763E-05   3.0349423E-03
   6.3768116E-01   2.4929537E+05   1.2487156E+05   3.7409805E+05   2.0549586E-03   3.4299625E-05   1.3867240E-03
   6.5217391E-01   2.4362076E+05   1.2465610E+05   3.6827687E+05   8.8841836E-04   2.9731493E-06   5.8669707E-04
   6.6666667E-01   2.3939537E+05   1.1875052E+05   3.5816236E+05   4.5371289E-03   5.6190104E-06   3.0312410E-03
   6.8115942E-01   2.3386656E+05   1.1812631E+05   3.5200899E+05   4.2168931E-03   1.3501753E-05   2.7971066E-03
   6.9565217E-01   2.2560031E+05   1.1707032E+05   3.4265484E+05   5.2807108E-03   2.8356558E-05   3.4852641E-03
   7.1014493E-01   2.2087251E+05   1.1251617E+05   3.3337321E+05   2.3801634E-03   1.1563277E-05   1.5635279E-03
   7.2463768E-01   2.1604588E+05   1.0821995E+05   3.2425068E+05   4.0061298E-03   2.2877826E-05   2.6622868E-03
   7.3913043E-01   2.0650553E+05   1.0394364E+05   3.1043432E+05   4.2908389E-03   8.1241777E-06   2.8430664E-03
   7.5362319E-01   2.0165996E+05   9.8651488E+04   3.0031145E+05   4.9698340E-03   8.7673347E-06   3.3396240E-03
   7.6811594E-01   1.9573911E+05   9.8591550E+04   2.9431637E+05   5.5939358E-03   1.2992687E-05   3.7208496E-03
   7.8260870E-01   1.8537888E+05   9.1896621E+04   2.7726147E+05   3.1598916E-03   3.7615152E-06   2.1046273E-03
   7.9710145E-01   1.8142972E+05   9.0156888E+04   2.7158660E+05   7.1681229E-03   9.9086393E-06   4.7861214E-03
   8.1159420E-01   1.7291281E+05   8.6950284E+04   2.5983603E+05   5.7321964E-03   2.4078818E-05   3.8111330E-03
   8.2608696E-01   1.6606398E+05   8.4055597E+04   2.5013287E+05   7.3107673E-03   2.6719420E-05   4.8454974E-03
   8.4057971E-01   1.5921615E+05   7.9993478E+04   2.3920963E+05   7.9449000E-03   5.1955027E-05   5.2950633E-03
   8.5507246E-01   1.5258762E+05   7.6261702E+04   2.2884932E+05   8.4401310E-03   6.0708805E-06   5.6294957E-03
   8.6956522E-01   1.4322486E+05   7.1378796E+04   2.1456577E+05   9.9340009E-03   1.5139209E-06   6.6290492E-03
   8.8405797E-01   1.3826831E+05   6.8022395E+04   2.0626586E+05   1.1308295E-02   1.5701946E-05   7.5904902E-03
   8.9855072E-01   1.2905967E+05   6.4175409E+04   1.9323508E+05   1.2191041E-02   3.6626754E-05   8.1309211E-03
   9.1304348E-01   1.2239252E+05   6.0330273E+04   1.8272279E+05   1.3555822E-02   6.4421506E-05   9.0638798E-03
   9.2753623E-01   1.1267781E+05   5.3455955E+04   1.6613377E+05   1.3787414E-02   5.3367194E-05   9.3655031E-03
   9.4202899E-01   1.0239937E+05   4.9789129E+04   1.5220016E+05   1.2185754E-02   3.8796178E-05   8.2356913E-03
   9.5652174E-01   9.1284309E+04   4.5900474E+04   1.3717330E+05   2.0892284E-02   3.7513480E-05   1.3908897E-02
   9.7101449E-01   7.9867708E+04   3.8712428E+04   1.1858014E+05   2.4806261E-02   4.0947345E-06   1.6708448E-02
   9.8550725E-01   6.3482734E+04   2.8537701E+04   9.2020434E+04   2.5826227E-02   5.2868536E-06   1.7815376E-02
   1.0000000E+00   2.2540615E+04   8.7974050E+03   3.1338020E+04   4.2061293E-02   3.3430740E-06   3.0254389E-02
