   0.0000000E+00   3.7583740E+05   1.8185680E+05   5.5769420E+05   4.9553091E-03   6.3269546E-03   4.5356077E-03
   1.4492754E-02   3.5007435E+05   1.5457828E+05   5.0465263E+05   2.3375381E-03   4.0564121E-03   3.8955593E-04
   2.8985507E-02   3.2355356E+05   1.5647263E+05   4.8002619E+05   5.1514837E-03   2.8925817E-03   2.6538745E-03
   4.3478261E-02   3.3491961E+05   1.7150107E+05   5.0642068E+05   1.6074468E-03   4.4317088E-03   1.3933612E-03
   5.7971014E-02   3.3245697E+05   1.7086962E+05   5.0332659E+05   2.2142664E-03   5.2293083E-04   1.6312769E-03
   7.2463768E-02   3.3764747E+05   1.7776503E+05   5.1541249E+05   2.4717781E-03   1.9637063E-03   1.2725527E-03
   8.6956522E-02   3.5196869E+05   1.6897528E+05   5.2094397E+05   3.9238965E-04   3.1320509E-03   1.2768988E-03
   1.0144928E-01   3.5115683E+05   1.7806812E+05   5.2922495E+05   1.7362268E-03   1.7366356E-03   1.6692038E-03
   1.1594203E-01   3.5528379E+05   1.7759454E+05   5.3287832E+05   1.5236846E-03   1.0016409E-03   1.2231375E-03
   1.3043478E-01   3.5941977E+05   1.7958359E+05   5.3900336E+05   2.9103278E-03   5.1924708E-04   2.0518208E-03
   1.4492754E-01   3.6356206E+05   1.8056865E+05   5.4413071E+05   1.0925839E-03   2.7793507E-03   1.6379797E-03
   1.5942029E-01   3.6578016E+05   1.8633434E+05   5.5204562E+05   2.1525331E-03   8.5941281E-04   1.7111653E-03
   1.7391304E-01   3.7356419E+05   1.9429631E+05   5.6779736E+05   1.1412104E-03   8.7067204E-04   8.0239554E-04
   1.8840580E-01   3.7671171E+05   1.9059992E+05   5.6731163E+05   6.8973996E-04   2.1854493E-04   5.2132058E-04
   2.0289855E-01   3.9391483E+05   1.9603730E+05   5.8995213E+05   2.1225623E-03   1.4933875E-03   1.5426468E-03
   2.1739130E-01   3.9240657E+05   1.9675896E+05   5.8911501E+05   1.2664155E-03   3.3939690E-04   9.2256115E-04
   2.3188406E-01   3.9980082E+05   2.0203154E+05   6.0178500E+05   2.4723954E-04   2.0828109E-03   6.7792039E-04
   2.4637681E-01   4.0784063E+05   2.0396489E+05   6.1180551E+05   7.5075761E-04   1.0627876E-03   7.2455028E-04
   2.6086957E-01   4.0976716E+05   2.0517826E+05   6.1494542E+05   5.9047635E-04   5.2114471E-04   4.2972558E-04
   2.7536232E-01   4.1220876E+05   2.1108949E+05   6.2329824E+05   4.6136326E-04   1.8789852E-04   2.5438208E-04
   2.8985507E-01   4.2175624E+05   2.1084023E+05   6.3259647E+05   4.5237251E-04   4.6891922E-04   1.4924732E-04
   3.0434783E-01   4.1538403E+05   2.1007347E+05   6.2545751E+05   1.3900379E-03   9.8506599E-04   9.2421175E-04
   3.1884058E-01   4.1337980E+05   2.0985862E+05   6.2323842E+05   1.2841029E-04   1.0475742E-03   3.7125184E-04
   3.3333333E-01   4.1250526E+05   2.0419356E+05   6.1663294E+05   4.4333402E-04   1.1332220E-03   6.1441424E-04
   3.4782609E-01   4.0914624E+05   2.0222098E+05   6.1136721E+05   6.1675645E-05   1.1233923E-03   3.4739577E-04
   3.6231884E-01   4.0254004E+05   2.0613469E+05   6.0864441E+05   7.9062664E-04   1.3966984E-03   9.9560075E-04
   3.7681159E-01   3.9737460E+05   2.0065450E+05   5.9802911E+05   8.3702817E-04   1.3751031E-03   7.5160889E-04
   3.9130435E-01   3.9929917E+05   1.9936894E+05   5.9872424E+05   1.4454277E-03   5.1797188E-04   1.0519167E-03
   4.0579710E-01   3.8744700E+05   1.9354760E+05   5.8099460E+05   3.4737143E-04   8.5769772E-04   5.1673400E-04
   4.2028986E-01   3.7813673E+05   1.9016578E+05   5.6825026E+05   2.8811185E-04   6.5160138E-04   5.5148832E-05
   4.3478261E-01   3.6904302E+05   1.8524136E+05   5.5428438E+05   2.3381638E-04   4.9821025E-04   1.9034414E-04
   4.4927536E-01   3.6016936E+05   1.8007246E+05   5.4024181E+05   8.2450690E-04   1.3239719E-03   9.2526290E-04
   4.6376812E-01   3.5270275E+05   1.7804444E+05   5.3072351E+05   5.1278047E-04   1.4555320E-03   7.8617122E-04
   4.7826087E-01   3.4612493E+05   1.7724150E+05   5.2338939E+05   2.4048516E-04   8.5776440E-04   2.4124473E-04
   4.9275362E-01   3.3739340E+05   1.7162736E+05   5.0906533E+05   4.7051675E-04   1.2212410E-03   7.0154317E-04
   5.0724638E-01   3.2071746E+05   1.6308658E+05   4.8378240E+05   1.8577436E-04   4.0352246E-04   1.6561124E-04
   5.2173913E-01   3.1555523E+05   1.5636738E+05   4.7196471E+05   9.3480906E-04   1.3400864E-03   9.9224623E-04
   5.3623188E-01   3.0706767E+05   1.5844888E+05   4.6551656E+05   8.3294937E-04   1.5929053E-03   7.6480584E-04
   5.5072464E-01   2.9599588E+05   1.4993216E+05   4.4592804E+05   5.6672983E-04   8.2282882E-04   4.5971821E-04
   5.6521739E-01   2.8984400E+05   1.4352310E+05   4.3336710E+05   1.5571816E-03   3.2971722E-04   1.1034941E-03
   5.7971014E-01   2.7541834E+05   1.3840061E+05   4.1381895E+05   2.2894543E-04   4.0129322E-04   1.9703078E-04
   5.9420290E-01   2.6677876E+05   1.3820378E+05   4.0500102E+05   6.7352078E-04   1.1984495E-03   7.7113392E-04
   6.0869565E-01   2.5532118E+05   1.2865286E+05   3.8397404E+05   9.6973148E-04   7.0283680E-04   8.8011454E-04
   6.2318841E-01   2.4548906E+05   1.2345821E+05   3.6896490E+05   1.0558150E-03   1.9221096E-03   1.3449495E-03
   6.3768116E-01   2.3557000E+05   1.1798305E+05   3.5355305E+05   7.8397175E-04   1.5760492E-03   8.0798577E-04
   6.5217391E-01   2.2669798E+05   1.1413198E+05   3.4081312E+05   2.2963278E-03   1.3811836E-03   1.8437979E-03
   6.6666667E-01   2.1750337E+05   1.0888347E+05   3.2637037E+05   1.6486954E-03   9.2705421E-04   1.4036896E-03
   6.8115942E-01   2.0644294E+05   1.0164957E+05   3.0807639E+05   1.0951369E-03   9.9704643E-04   9.2249547E-04
   6.9565217E-01   1.9420160E+05   9.9389795E+04   2.9359139E+05   5.8138556E-04   1.0145118E-03   6.1945148E-04
   7.1014493E-01   1.8971252E+05   9.4361413E+04   2.8404301E+05   9.7144447E-04   5.8326721E-04   4.4208789E-04
   7.2463768E-01   1.8046257E+05   9.1822531E+04   2.7226995E+05   8.6566589E-04   5.4584778E-04   7.5599496E-04
   7.3913043E-01   1.7312055E+05   8.5951112E+04   2.5907166E+05   2.4159074E-03   7.7832312E-04   1.8667179E-03
   7.5362319E-01   1.6402085E+05   8.0524095E+04   2.4454494E+05   2.1352414E-03   1.3117731E-03   1.6429997E-03
   7.6811594E-01   1.5647977E+05   7.7689455E+04   2.3416923E+05   2.8653758E-03   1.2553224E-03   1.4994952E-03
   7.8260870E-01   1.4874090E+05   7.5128189E+04   2.2386909E+05   2.3733846E-03   7.7195348E-04   1.8358823E-03
   7.9710145E-01   1.3939600E+05   7.1158363E+04   2.1055436E+05   2.8627451E-03   8.7876375E-04   2.1348052E-03
   8.1159420E-01   1.3226564E+05   6.4109936E+04   1.9636205E+05   2.1158304E-03   2.0296860E-03   1.7976299E-03
   8.2608696E-01   1.2599699E+05   6.1310203E+04   1.8730719E+05   2.9994879E-03   1.3316647E-03   2.4534420E-03
   8.4057971E-01   1.1906917E+05   5.7143798E+04   1.7622604E+05   3.9533576E-03   3.5613976E-03   3.8009965E-03
   8.5507246E-01   1.0991035E+05   5.5456051E+04   1.6536640E+05   3.2471787E-03   2.7678873E-03   2.9806498E-03
   8.6956522E-01   1.0285013E+05   5.0755729E+04   1.5360585E+05   2.3855270E-03   3.0474464E-03   2.3730238E-03
   8.8405797E-01   9.5151852E+04   4.6358579E+04   1.4151043E+05   4.8066434E-03   2.2629781E-03   3.9674681E-03
   8.9855072E-01   8.6907509E+04   4.3496530E+04   1.3040404E+05   2.7675450E-03   4.8896791E-03   3.4336874E-03
   9.1304348E-01   8.0777136E+04   3.9330142E+04   1.2010728E+05   4.0699927E-03   4.9410840E-03   4.3397439E-03
   9.2753623E-01   6.9474982E+04   3.5009803E+04   1.0448478E+05   1.1196973E-02   2.1663916E-03   7.9181436E-03
   9.4202899E-01   6.3918004E+04   3.1603448E+04   9.5521452E+04   6.6263252E-03   1.5470934E-03   4.9015953E-03
   9.5652174E-01   5.4166692E+04   2.6934095E+04   8.1100787E+04   8.1678964E-03   4.9108630E-03   7.0861947E-03
   9.7101449E-01   4.4559441E+04   2.1510674E+04   6.6070115E+04   7.8262651E-03   8.3796880E-03   7.9447861E-03
   9.8550725E-01   3.0732908E+04   1.4987586E+04   4.5720494E+04   1.0043633E-02   9.7664985E-03   9.9443780E-03
   1.0000000E+00   6.0618935E+03   2.9981206E+03   9.0600141E+03   2.4308515E-02   3.1052052E-02   2.4577684E-02
