   0.0000000E+00   4.1827065E+05   2.1822817E+05   6.3649881E+05   2.3222536E-02   2.2281417E-07   1.5260453E-02
   1.4492754E-02   4.1145102E+05   1.7731038E+05   5.8876140E+05   5.0586981E-03   2.9885513E-05   3.5344588E-03
   2.8985507E-02   4.1486083E+05   1.7693152E+05   5.9179235E+05   5.3521452E-03   2.2114957E-06   3.7513423E-03
   4.3478261E-02   4.3797180E+05   1.7983617E+05   6.1780798E+05   1.0655293E-02   1.9229240E-06   7.5535837E-03
   5.7971014E-02   4.4043445E+05   1.7465831E+05   6.1509275E+05   4.9390815E-03   7.8398235E-07   3.5367343E-03
   7.2463768E-02   4.4024501E+05   1.8610013E+05   6.2634514E+05   2.6284379E-03   2.9416030E-04   1.7906502E-03
   8.6956522E-02   4.5211622E+05   1.9751670E+05   6.4963292E+05   2.7620728E-03   4.1671687E-07   1.9221637E-03
   1.0144928E-01   4.3634808E+05   1.8358877E+05   6.1993686E+05   3.5163098E-03   1.7183417E-06   2.4754497E-03
   1.1594203E-01   4.3806652E+05   1.8507719E+05   6.2304899E+05   2.1961405E-03   1.7081651E-06   1.5445982E-03
   1.3043478E-01   4.3275184E+05   1.8311970E+05   6.1578735E+05   1.1981274E-03   1.7132975E-06   8.4240078E-04
   1.4492754E-01   4.2940938E+05   1.9549606E+05   6.2490544E+05   1.0189024E-03   2.0068381E-06   6.9982491E-04
   1.5942029E-01   4.3204768E+05   1.9384282E+05   6.2582162E+05   1.8905056E-03   4.0024315E-05   1.2991529E-03
   1.7391304E-01   4.3052073E+05   1.9808500E+05   6.2841629E+05   1.2861776E-03   1.3369289E-06   8.8079542E-04
   1.8840580E-01   4.2211762E+05   2.0505520E+05   6.2711454E+05   6.7868771E-04   2.2967646E-06   4.5752840E-04
   2.0289855E-01   4.2969082E+05   2.0789047E+05   6.3741892E+05   1.5595137E-03   2.2141840E-06   1.0514019E-03
   2.1739130E-01   4.1953354E+05   2.1443948E+05   6.3392251E+05   2.6737577E-03   1.6882088E-05   1.7750468E-03
   2.3188406E-01   4.1632895E+05   2.1102967E+05   6.2726390E+05   1.3405443E-03   1.4276556E-06   8.8943475E-04
   2.4637681E-01   4.1051499E+05   2.1996650E+05   6.3048149E+05   1.0189102E-03   6.1983346E-07   6.6332749E-04
   2.6086957E-01   4.1225085E+05   2.1523931E+05   6.2732178E+05   1.3958245E-03   1.4983465E-06   9.1704752E-04
   2.7536232E-01   3.9434212E+05   2.2265494E+05   6.1687742E+05   1.2533429E-03   8.5111153E-06   8.0389335E-04
   2.8985507E-01   3.8966609E+05   2.1568975E+05   6.0524218E+05   1.8246108E-03   2.8166471E-06   1.1757196E-03
   3.0434783E-01   3.8850242E+05   2.1797559E+05   6.0636976E+05   1.1484445E-03   1.4681987E-05   7.3581372E-04
   3.1884058E-01   3.8165819E+05   2.2132800E+05   6.0284842E+05   1.5798913E-03   1.2806276E-05   9.9928230E-04
   3.3333333E-01   3.7992258E+05   2.2277459E+05   6.0273011E+05   3.3945383E-04   6.8647998E-06   2.1534035E-04
   3.4782609E-01   3.6980707E+05   2.1791244E+05   5.8771952E+05   1.2163786E-03   1.7470451E-05   7.7135357E-04
   3.6231884E-01   3.7113943E+05   2.1622774E+05   5.8730655E+05   1.2995798E-04   5.0682907E-06   8.0259867E-05
   3.7681159E-01   3.5791401E+05   2.0887303E+05   5.6672875E+05   1.1582850E-03   8.8612261E-06   7.2860617E-04
   3.9130435E-01   3.4782920E+05   2.0778824E+05   5.5553325E+05   7.6685004E-04   1.9734756E-06   4.7941908E-04
   4.0579710E-01   3.4533849E+05   2.0745748E+05   5.5260654E+05   6.4983134E-04   2.9126733E-06   4.0902791E-04
   4.2028986E-01   3.4299343E+05   1.9737734E+05   5.4024013E+05   5.4974213E-04   2.5849046E-05   3.6978158E-04
   4.3478261E-01   3.3284847E+05   1.9572339E+05   5.2847082E+05   1.4601465E-03   2.1909252E-05   9.1927236E-04
   4.4927536E-01   3.2917548E+05   1.9288065E+05   5.2190947E+05   3.3825446E-04   4.6538625E-05   2.1997333E-04
   4.6376812E-01   3.1829677E+05   1.8829757E+05   5.0652329E+05   8.4490030E-04   3.0771629E-05   5.4222703E-04
   4.7826087E-01   3.1423111E+05   1.8507144E+05   4.9921070E+05   9.8250226E-04   2.8335401E-05   6.1315380E-04
   4.9275362E-01   3.0269352E+05   1.8310484E+05   4.8570921E+05   1.0180790E-04   4.0366856E-05   7.8658689E-05
   5.0724638E-01   3.0203384E+05   1.7010106E+05   4.7196171E+05   5.4225435E-04   7.3295691E-05   3.5308881E-04
   5.2173913E-01   2.9347563E+05   1.6636530E+05   4.5984093E+05   1.7916869E-03   4.1720698E-05   1.1416765E-03
   5.3623188E-01   2.8267674E+05   1.6039442E+05   4.4294829E+05   1.4885148E-03   4.8453571E-06   9.5756121E-04
   5.5072464E-01   2.7705246E+05   1.5362114E+05   4.3057390E+05   4.2825370E-04   3.6128400E-05   2.6811642E-04
   5.6521739E-01   2.6656788E+05   1.4612661E+05   4.1263620E+05   1.4082850E-03   2.0728326E-05   9.1635712E-04
   5.7971014E-01   2.6357871E+05   1.4340167E+05   4.0690460E+05   9.1212740E-04   4.9100011E-05   5.7443964E-04
   5.9420290E-01   2.5703907E+05   1.3685464E+05   3.9374585E+05   1.5836916E-03   1.6185672E-05   1.0383269E-03
   6.0869565E-01   2.5221807E+05   1.3067350E+05   3.8287352E+05   7.1058081E-04   2.8253704E-05   4.5891335E-04
   6.2318841E-01   2.4191184E+05   1.2363443E+05   3.6552865E+05   1.6039411E-03   5.6229105E-06   1.0599299E-03
   6.3768116E-01   2.3534613E+05   1.1863745E+05   3.5394914E+05   1.5929362E-03   2.3427768E-05   1.0515994E-03
   6.5217391E-01   2.2705159E+05   1.1170723E+05   3.3867462E+05   1.1593672E-03   2.9197679E-05   7.7611839E-04
   6.6666667E-01   2.2048490E+05   1.0776333E+05   3.2824824E+05   9.0166115E-04   2.0460712E-06   6.0505435E-04
   6.8115942E-01   2.1071529E+05   1.0145611E+05   3.1207466E+05   1.2989652E-03   1.4894519E-05   8.7255180E-04
   6.9565217E-01   2.0231569E+05   9.8805706E+04   3.0107404E+05   1.0313265E-03   3.8829012E-06   7.0077576E-04
   7.1014493E-01   1.9821773E+05   9.1113970E+04   2.8931624E+05   1.6021145E-03   1.7566571E-05   1.0941792E-03
   7.2463768E-01   1.9270759E+05   8.7579206E+04   2.8028680E+05   6.9435371E-04   8.5603836E-05   4.9810045E-04
   7.3913043E-01   1.8089106E+05   8.1493837E+04   2.6231061E+05   5.2725930E-04   1.2893601E-06   3.5237676E-04
   7.5362319E-01   1.7483317E+05   7.7828301E+04   2.5258861E+05   1.6236559E-03   9.0210571E-05   1.1389787E-03
   7.6811594E-01   1.6734543E+05   7.3042957E+04   2.4034550E+05   1.3957425E-03   2.8117309E-06   9.4920192E-04
   7.8260870E-01   1.5818455E+05   6.8799684E+04   2.2694214E+05   3.9036751E-04   1.6302379E-04   3.1115522E-04
   7.9710145E-01   1.5229130E+05   6.5923092E+04   2.1820061E+05   1.2102012E-03   1.3284620E-06   8.5220556E-04
   8.1159420E-01   1.4460593E+05   5.9928853E+04   2.0452125E+05   1.6905362E-04   3.4247638E-06   1.3965096E-04
   8.2608696E-01   1.3707058E+05   5.7069537E+04   1.9411353E+05   9.1937290E-04   4.2586049E-06   6.4991351E-04
   8.4057971E-01   1.3081409E+05   5.1643674E+04   1.8241857E+05   7.6865250E-04   6.5286506E-05   5.6620963E-04
   8.5507246E-01   1.2159747E+05   4.8302503E+04   1.6989998E+05   2.1206655E-03   3.7937265E-05   1.5143965E-03
   8.6956522E-01   1.1504969E+05   4.3961357E+04   1.5898579E+05   2.2421649E-03   5.3625966E-06   1.6217043E-03
   8.8405797E-01   1.0687814E+05   3.8520352E+04   1.4537365E+05   7.8917626E-04   4.8874144E-05   5.7884605E-04
   8.9855072E-01   1.0187892E+05   3.5198091E+04   1.3706479E+05   1.3342770E-03   1.6808350E-06   9.9216253E-04
   9.1304348E-01   9.3213640E+04   3.1355866E+04   1.2453342E+05   2.0697861E-04   8.7780201E-07   1.5504012E-04
   9.2753623E-01   8.2545940E+04   2.7207483E+04   1.0974158E+05   3.8302249E-04   2.7861444E-06   2.8761940E-04
   9.4202899E-01   7.3826868E+04   2.2906963E+04   9.6733831E+04   7.7008312E-04   3.0932501E-05   5.9433173E-04
   9.5652174E-01   6.2168851E+04   1.8840089E+04   8.0997459E+04   3.9155777E-04   5.6636505E-06   2.9970388E-04
   9.7101449E-01   4.5136225E+04   1.3774974E+04   5.8911200E+04   2.7751665E-03   6.5820477E-06   2.1256176E-03
   9.8550725E-01   2.3679271E+04   7.5662237E+03   3.1245495E+04   2.1181737E-03   2.8655465E-06   1.6052394E-03
   1.0000000E+00   2.9543524E+03   5.9087048E+02   3.5452229E+03   1.2104753E-02   4.1663234E-05   1.0094121E-02
