   0.0000000E+00   3.0915657E+05   1.8185680E+05   4.9101337E+05   1.3172327E-02   8.2156057E-03   6.4050358E-03
   1.4492754E-02   3.2582677E+05   1.7958359E+05   5.0541037E+05   6.9575073E-03   4.6381091E-04   4.6499380E-03
   2.8985507E-02   3.4704340E+05   1.7011189E+05   5.1715529E+05   6.9549977E-03   3.7673885E-03   5.4492932E-03
   4.3478261E-02   3.4578051E+05   1.7124849E+05   5.1702900E+05   1.8894168E-03   2.7372638E-03   1.1062175E-03
   5.7971014E-02   3.4477019E+05   1.7939416E+05   5.2416435E+05   1.0215553E-03   3.0271160E-03   7.8515874E-04
   7.2463768E-02   3.3658664E+05   1.8413001E+05   5.2071665E+05   2.9192067E-03   1.3308649E-03   1.4973348E-03
   8.6956522E-02   3.5032693E+05   1.8716096E+05   5.3748789E+05   1.0718627E-03   1.9799876E-03   2.9744510E-04
   1.0144928E-01   3.4736815E+05   1.8597023E+05   5.3333838E+05   1.7238464E-03   1.5021352E-03   5.9924259E-04
   1.1594203E-01   3.4590680E+05   1.8185680E+05   5.2776360E+05   1.4040392E-03   5.3839581E-04   8.1089884E-04
   1.3043478E-01   3.4855887E+05   1.8446679E+05   5.3302566E+05   2.1916876E-03   1.3507430E-03   1.5708012E-03
   1.4492754E-01   3.5568160E+05   1.9534452E+05   5.5095034E+05   1.4222321E-03   2.2389301E-03   1.4452617E-03
   1.5942029E-01   3.5158982E+05   1.8977860E+05   5.4136842E+05   7.5258579E-04   1.4107760E-03   4.8943613E-05
   1.7391304E-01   3.6068266E+05   1.9038134E+05   5.5106400E+05   4.4537423E-04   1.6402488E-03   3.0476198E-04
   1.8840580E-01   3.5741857E+05   1.9427203E+05   5.5163231E+05   7.2459436E-04   1.1559444E-03   8.1258883E-04
   2.0289855E-01   3.6414660E+05   1.9890588E+05   5.6294423E+05   1.3349603E-03   1.7035521E-03   3.9556805E-04
   2.1739130E-01   3.7684771E+05   2.0090125E+05   5.7764793E+05   2.0637641E-03   6.5638674E-04   1.1350957E-03
   2.3188406E-01   3.6641305E+05   1.9729569E+05   5.6370873E+05   1.9148858E-03   5.3328013E-04   1.4297690E-03
   2.4637681E-01   3.8608913E+05   2.0953648E+05   5.9562561E+05   8.2527813E-04   6.5309148E-04   4.2311410E-04
   2.6086957E-01   3.8147832E+05   2.0854597E+05   5.8994011E+05   1.5061950E-03   1.0324526E-03   6.1395439E-04
   2.7536232E-01   3.7990524E+05   2.0666271E+05   5.8644831E+05   1.0702755E-03   8.9067864E-04   7.4529626E-04
   2.8985507E-01   3.8027015E+05   2.0386905E+05   5.8406344E+05   7.7201210E-04   7.8596926E-04   7.6317232E-04
   3.0434783E-01   3.7908484E+05   2.1234669E+05   5.9135936E+05   2.1360444E-03   5.1845782E-04   1.3216631E-03
   3.1884058E-01   3.7935054E+05   2.0765429E+05   5.8697039E+05   5.6308620E-04   3.7838973E-04   2.5409920E-04
   3.3333333E-01   3.8614920E+05   2.0676328E+05   5.9284659E+05   1.9597500E-03   1.6172230E-04   1.3272942E-03
   3.4782609E-01   3.7454293E+05   2.0825130E+05   5.8273108E+05   3.6449393E-04   1.2760615E-03   6.5101544E-04
   3.6231884E-01   3.7247304E+05   2.0607407E+05   5.7851680E+05   2.5217300E-03   1.1096414E-03   1.2658799E-03
   3.7681159E-01   3.7181556E+05   1.9893502E+05   5.7066315E+05   3.4032423E-04   8.6766779E-04   5.0363594E-04
   3.9130435E-01   3.6452747E+05   1.9574864E+05   5.6019192E+05   9.7552521E-04   1.7727575E-03   4.2853910E-04
   4.0579710E-01   3.5965430E+05   1.9571256E+05   5.5528568E+05   4.9372103E-04   5.0209449E-04   2.5635816E-04
   4.2028986E-01   3.5660656E+05   1.9220383E+05   5.4873200E+05   5.4900896E-04   4.4744708E-04   5.1234352E-04
   4.3478261E-01   3.5186766E+05   1.8698416E+05   5.3875078E+05   4.8066510E-04   7.1276498E-04   5.4576404E-04
   4.4927536E-01   3.4100595E+05   1.8437445E+05   5.2530707E+05   1.0514064E-03   4.9637437E-04   6.5588878E-04
   4.6376812E-01   3.4188132E+05   1.7678944E+05   5.1859972E+05   3.2978197E-04   2.7724706E-03   1.0876325E-03
   4.7826087E-01   3.3023542E+05   1.7175365E+05   5.0189723E+05   8.1015152E-04   1.1462303E-03   6.9593162E-04
   4.9275362E-01   3.2845657E+05   1.6500831E+05   4.9330887E+05   8.6598018E-04   1.1543658E-03   7.2945439E-04
   5.0724638E-01   3.1673393E+05   1.6427731E+05   4.8090300E+05   5.0974778E-04   8.3513447E-04   5.9721469E-04
   5.2173913E-01   3.0869351E+05   1.6120848E+05   4.6985989E+05   1.4433764E-03   1.3380634E-03   1.3084007E-03
   5.3623188E-01   2.9848682E+05   1.5652382E+05   4.5488776E+05   7.9181274E-04   2.2024362E-03   6.2008931E-04
   5.5072464E-01   2.9230690E+05   1.4917442E+05   4.4144144E+05   8.6525433E-04   1.3290114E-03   3.2348947E-04
   5.6521739E-01   2.8465641E+05   1.4635975E+05   4.3097731E+05   7.8161566E-04   4.6217530E-04   6.1659919E-04
   5.7971014E-01   2.7935857E+05   1.3805962E+05   4.1728559E+05   1.7087691E-03   4.4486456E-04   1.0025701E-03
   5.9420290E-01   2.6810942E+05   1.3683616E+05   4.0485317E+05   8.1533955E-04   1.2121048E-03   8.3534301E-04
   6.0869565E-01   2.5883924E+05   1.2944668E+05   3.8817768E+05   2.0795269E-03   1.1453510E-03   1.0069470E-03
   6.2318841E-01   2.5410612E+05   1.2766982E+05   3.8175831E+05   6.2374626E-04   1.0793005E-03   4.9599975E-04
   6.3768116E-01   2.4311293E+05   1.1934353E+05   3.6240479E+05   1.7333288E-03   1.0512391E-03   9.4255406E-04
   6.5217391E-01   2.3676746E+05   1.1467082E+05   3.5140460E+05   2.2057094E-03   1.0141750E-03   1.1660024E-03
   6.6666667E-01   2.2914946E+05   1.0941059E+05   3.3846121E+05   1.4765530E-03   2.1185596E-03   1.2715619E-03
   6.8115942E-01   2.1919549E+05   1.0827574E+05   3.2747122E+05   5.2741943E-04   7.7526833E-04   6.0887500E-04
   6.9565217E-01   2.1077709E+05   9.8316335E+04   3.0904606E+05   6.7839193E-04   2.0179329E-03   1.0745418E-03
   7.1014493E-01   2.0602706E+05   9.7794424E+04   3.0379055E+05   5.5223513E-04   2.0294010E-03   8.7258092E-04
   7.2463768E-01   1.9839062E+05   9.2883363E+04   2.9125883E+05   1.2041644E-03   1.4478934E-03   3.5861701E-04
   7.3913043E-01   1.8928560E+05   8.9056347E+04   2.7831223E+05   3.6923641E-04   1.7981834E-03   6.2205466E-04
   7.5362319E-01   1.7911729E+05   8.1660700E+04   2.6074885E+05   5.4774253E-04   1.9068736E-03   6.8466729E-04
   7.6811594E-01   1.7310709E+05   8.0534542E+04   2.5362734E+05   2.3282461E-03   9.2456421E-04   1.3089558E-03
   7.8260870E-01   1.6687046E+05   7.4987867E+04   2.4178816E+05   1.8306252E-03   1.2459576E-03   9.4604702E-04
   7.9710145E-01   1.5769189E+05   7.0951708E+04   2.2861605E+05   3.0524234E-03   1.3885861E-03   2.3054550E-03
   8.1159420E-01   1.5139850E+05   6.6315491E+04   2.1770046E+05   3.2732477E-04   2.3263217E-03   7.5318495E-04
   8.2608696E-01   1.4061998E+05   6.1815361E+04   2.0239546E+05   2.1083563E-04   1.1066322E-03   2.6110711E-04
   8.4057971E-01   1.3204215E+05   5.9586845E+04   1.9160287E+05   1.5059072E-03   7.1473106E-04   8.9752590E-04
   8.5507246E-01   1.2340834E+05   5.4133222E+04   1.7752871E+05   1.2360356E-03   9.8700474E-04   1.0750902E-03
   8.6956522E-01   1.1354684E+05   4.8975048E+04   1.6252189E+05   2.3368761E-03   1.4690028E-03   1.5397891E-03
   8.8405797E-01   1.0587196E+05   4.6569751E+04   1.5244171E+05   1.5605124E-03   3.9253086E-04   1.1427801E-03
   8.9855072E-01   9.4717086E+04   3.9548966E+04   1.3422939E+05   2.4638432E-03   4.4925016E-03   1.1053550E-03
   9.1304348E-01   8.5143143E+04   3.8163468E+04   1.2329458E+05   1.7323105E-03   6.7959368E-04   1.0235583E-03
   9.2753623E-01   7.4625224E+04   3.2405083E+04   1.0703031E+05   1.0753949E-03   1.4044855E-03   1.0695023E-03
   9.4202899E-01   6.2635680E+04   2.7523328E+04   9.0159008E+04   1.6080695E-03   1.4884927E-03   1.5656410E-03
   9.5652174E-01   5.0263200E+04   2.2732101E+04   7.2983820E+04   5.3942214E-03   2.2037316E-03   4.3588510E-03
   9.7101449E-01   3.7807668E+04   1.7224373E+04   5.5032040E+04   3.6128429E-03   5.1853203E-03   4.0782847E-03
   9.8550725E-01   2.4069283E+04   9.9954383E+03   3.4053578E+04   4.0234901E-03   2.8324468E-03   2.9924583E-03
   1.0000000E+00   2.6260910E+03   8.5347959E+02   3.4795706E+03   4.9278825E-02   4.9085036E-02   4.3125869E-02
