   0.0000000E+00   1.5836044E+07   1.0572472E+07   2.6239430E+07   2.5450068E-03   1.0395037E-03   1.9316798E-03
   5.0000000E-02   2.0308171E+05   9.3201135E+04   2.9615552E+05   3.1426817E-02   2.8307293E-02   3.0237895E-02
   1.0000000E-01   7.9704796E+04   3.5332397E+04   1.1497353E+05   2.9673488E-02   2.3339745E-02   2.7483431E-02
   1.5000000E-01   5.2627235E+04   2.1878500E+04   7.4484513E+04   2.8470896E-02   2.2689655E-02   2.6763832E-02
   2.0000000E-01   3.5634792E+04   1.4308029E+04   4.9926906E+04   2.4045314E-02   1.4778971E-02   2.1310055E-02
   2.5000000E-01   2.8011270E+04   1.1726536E+04   3.9686877E+04   2.9955605E-02   1.4532809E-02   2.5461199E-02
   3.0000000E-01   2.2175589E+04   8.5837566E+03   3.0748735E+04   2.6801809E-02   1.4382475E-02   2.3331663E-02
   3.5000000E-01   1.8689338E+04   6.9755338E+03   2.5664871E+04   2.7937108E-02   1.9835535E-02   2.5691052E-02
   4.0000000E-01   1.5804086E+04   5.4749300E+03   2.1271058E+04   2.8793995E-02   1.3525966E-02   2.4819008E-02
   4.5000000E-01   1.3927826E+04   4.5978095E+03   1.8511488E+04   2.9219642E-02   2.1822983E-02   2.7066533E-02
   5.0000000E-01   1.1720170E+04   3.9661412E+03   1.5673579E+04   2.6610469E-02   8.7006226E-03   2.1972322E-02
   5.5000000E-01   1.0608400E+04   3.3914472E+03   1.3994060E+04   2.5692782E-02   8.1195767E-03   2.1204085E-02
   6.0000000E-01   8.8596252E+03   2.9178406E+03   1.1782771E+04   3.4683080E-02   1.5494583E-02   2.9905616E-02
   6.5000000E-01   8.1732185E+03   2.4730230E+03   1.0646241E+04   2.2538324E-02   1.3262145E-02   2.0316090E-02
   7.0000000E-01   7.1255942E+03   2.3236622E+03   9.4492563E+03   2.9853717E-02   1.9150647E-02   2.7178475E-02
   7.5000000E-01   6.2261414E+03   1.9735213E+03   8.1954185E+03   2.8492310E-02   1.8226146E-02   2.5963746E-02
   8.0000000E-01   5.5067610E+03   1.4522889E+03   6.9590499E+03   3.5331556E-02   1.6612013E-02   3.1242639E-02
   8.5000000E-01   4.4862970E+03   1.1983431E+03   5.6846401E+03   2.6407151E-02   1.2336383E-02   2.3439884E-02
   9.0000000E-01   3.4801881E+03   8.8065735E+02   4.3608454E+03   1.6316242E-02   5.7072149E-03   1.3925445E-02
   9.5000000E-01   2.0405339E+03   6.8687923E+02   2.7274131E+03   2.3220887E-02   1.4421128E-02   2.0912960E-02
   1.0000000E+00   9.3056520E+02   2.5779171E+02   1.1883569E+03   5.0373035E-02   1.1668697E-02   3.9823646E-02
