   0.0000000E+00   3.8390719E+06   9.0776887E+06   1.2905556E+07   4.2524606E-05   2.1931547E-06   1.2756222E-05
   5.0000000E-02   1.5011494E+05   1.3025241E+05   2.8036735E+05   4.5109743E-04   2.3844655E-04   2.6055000E-04
   1.0000000E-01   8.8744796E+04   5.3826202E+04   1.4257100E+05   9.2405355E-04   4.6998677E-04   7.4150573E-04
   1.5000000E-01   6.8097095E+04   3.4929205E+04   1.0296264E+05   9.1141038E-04   4.7708778E-04   5.7940215E-04
   2.0000000E-01   5.8027892E+04   2.3188875E+04   8.1184936E+04   4.7510584E-04   6.0587156E-04   2.1107689E-04
   2.5000000E-01   5.0127441E+04   1.5902762E+04   6.6030203E+04   1.6505511E-03   1.3570684E-03   9.3138806E-04
   3.0000000E-01   4.3343196E+04   1.3114367E+04   5.6457563E+04   6.7316955E-04   8.7801842E-04   4.1320323E-04
   3.5000000E-01   3.8915657E+04   1.0340524E+04   4.9247087E+04   1.3030736E-03   5.4454779E-04   9.5407110E-04
   4.0000000E-01   3.5785989E+04   7.2415499E+03   4.3019581E+04   6.9412638E-04   8.5601777E-04   7.1236199E-04
   4.5000000E-01   3.2467608E+04   5.6800631E+03   3.8147671E+04   4.4368516E-04   1.2039393E-03   2.1665949E-04
   5.0000000E-01   2.9507326E+04   4.5263666E+03   3.4033693E+04   1.2429689E-03   1.7461322E-03   1.0099283E-03
   5.5000000E-01   2.7640873E+04   3.9354677E+03   3.1576341E+04   3.4220484E-04   3.1247472E-04   2.9755102E-04
   6.0000000E-01   2.5730049E+04   3.5385449E+03   2.9263289E+04   1.2726604E-03   1.9211222E-03   1.3483807E-03
   6.5000000E-01   2.1473675E+04   2.6542147E+03   2.4127889E+04   6.3152653E-04   1.3601380E-03   5.1539240E-04
   7.0000000E-01   1.0226842E+04   7.8668015E+02   1.1013522E+04   3.1276016E-03   2.4991198E-03   3.0164859E-03
   7.5000000E-01   7.1131649E+03   3.5650707E+02   7.4696720E+03   8.9135619E-04   5.9432164E-03   1.1141823E-03
   8.0000000E-01   4.9855286E+03   2.2679579E+02   5.2123244E+03   2.3252388E-03   3.9475795E-03   2.2301696E-03
   8.5000000E-01   3.5650707E+03   1.6102735E+02   3.7260981E+03   5.7266848E-03   1.0854542E-02   5.0158780E-03
   9.0000000E-01   2.5429423E+03   1.0964007E+02   2.6525824E+03   3.9074409E-03   1.0554004E-02   3.4380556E-03
   9.5000000E-01   1.4474723E+03   6.3661977E+01   1.5111343E+03   5.6548552E-03   2.6958400E-02   6.3129294E-03
   1.0000000E+00   5.6588424E+02   6.2876027E+00   5.7217184E+02   9.5108646E-03   4.0610054E-06   9.4063063E-03
