   0.0000000E+00   3.3312021E+07   1.6837320E+07   4.9495914E+07   3.9144354E-05   0.0000000E+00   2.5790644E-05
   5.0000000E-02   2.6101411E+03   9.5492966E+02   3.5650707E+03   2.2796550E-01   1.9893934E-05   1.6689799E-01
   1.0000000E-01   1.2095776E+03   1.2732395E+02   1.3369015E+03   2.2926487E-01   2.3841277E-05   2.0743239E-01
   1.5000000E-01   3.8197186E+02   6.3661977E+01   4.4563384E+02   2.1652506E-01   8.8528529E-05   1.8560556E-01
   2.0000000E-01   2.5464791E+02   3.1830989E+01   2.8647890E+02   2.7737473E-01   3.9263334E-06   2.4655487E-01
   2.5000000E-01   1.4005635E+02   2.5464791E+01   1.6552114E+02   2.1970430E-01   1.9125678E-06   1.8590335E-01
   3.0000000E-01   7.4272307E+01   1.0610330E+01   8.4882636E+01   9.5023383E-02   1.0510058E-06   8.3145329E-02
   3.5000000E-01   2.7283705E+01   0.0000000E+00   2.7283705E+01   1.1496300E-01   0.0000000E+00   1.1496300E-01
   4.0000000E-01   3.9788736E+01   0.0000000E+00   3.9788736E+01   7.3182183E-08   0.0000000E+00   7.3182183E-08
   4.5000000E-01   5.6588424E+01   0.0000000E+00   5.6588424E+01   3.9543669E-06   0.0000000E+00   3.9543669E-06
   5.0000000E-01   4.4563384E+01   0.0000000E+00   4.4563384E+01   5.9643449E-02   0.0000000E+00   5.9643449E-02
   5.5000000E-01   4.6299620E+01   0.0000000E+00   4.6299620E+01   3.9430044E-06   0.0000000E+00   3.9430044E-06
   6.0000000E-01   4.2441318E+01   0.0000000E+00   4.2441318E+01   6.9301513E-06   0.0000000E+00   6.9301513E-06
   6.5000000E-01   5.8764902E+01   0.0000000E+00   5.8764902E+01   2.5551141E-05   0.0000000E+00   2.5551141E-05
   7.0000000E-01   2.2736420E+01   0.0000000E+00   2.2736420E+01   2.8239383E-06   0.0000000E+00   2.8239383E-06
   7.5000000E-01   2.9708923E+01   0.0000000E+00   2.9708923E+01   9.3248844E-06   0.0000000E+00   9.3248844E-06
   8.0000000E-01   3.1830989E+01   0.0000000E+00   3.1830989E+01   1.2218024E-05   0.0000000E+00   1.2218024E-05
   8.5000000E-01   2.9958578E+01   0.0000000E+00   2.9958578E+01   9.0504375E-06   0.0000000E+00   9.0504375E-06
   9.0000000E-01   2.1220659E+01   0.0000000E+00   2.1220659E+01   7.7452727E-06   0.0000000E+00   7.7452727E-06
   9.5000000E-01   1.6753152E+01   0.0000000E+00   1.6753152E+01   6.1990962E-06   0.0000000E+00   6.1990962E-06
   1.0000000E+00   1.2575205E+01   0.0000000E+00   1.2575205E+01   2.0292384E-05   0.0000000E+00   2.0292384E-05
