   0.0000000E+00   3.2469136E+07   1.6544475E+07   4.8604646E+07   1.4911171E-04   7.0898753E-05   1.1989389E-04
   5.0000000E-02   1.4833241E+04   4.8383103E+03   1.9671551E+04   1.2890037E-01   9.1365175E-02   1.1966794E-01
   1.0000000E-01   7.1938034E+03   2.2918312E+03   9.4856346E+03   1.5192464E-01   8.3738785E-02   1.3544983E-01
   1.5000000E-01   3.9682632E+03   1.3793428E+03   5.3476061E+03   1.2886064E-01   1.0357741E-01   1.2233796E-01
   2.0000000E-01   3.1830989E+03   9.2309867E+02   4.1061975E+03   1.3853194E-01   1.0736054E-01   1.3152048E-01
   2.5000000E-01   2.3045636E+03   6.4935217E+02   2.9539157E+03   1.5268694E-01   7.6290904E-02   1.3588693E-01
   3.0000000E-01   1.7294837E+03   5.0929582E+02   2.2387795E+03   1.3672369E-01   9.3378922E-02   1.2686307E-01
   3.5000000E-01   1.4824146E+03   3.9106643E+02   1.8734810E+03   1.5247897E-01   1.0670342E-01   1.4289137E-01
   4.0000000E-01   1.1220423E+03   2.7056340E+02   1.3926058E+03   1.4185290E-01   9.3245981E-02   1.3240926E-01
   4.5000000E-01   9.4785611E+02   1.4854461E+02   1.0964007E+03   1.6131235E-01   1.0044760E-01   1.5306616E-01
   5.0000000E-01   7.7030992E+02   1.8461973E+02   9.5492966E+02   1.2040542E-01   6.4975187E-02   1.0968850E-01
   5.5000000E-01   7.5236882E+02   9.2599240E+01   8.4496806E+02   1.3303514E-01   7.0866654E-02   1.2608815E-01
   6.0000000E-01   6.0478878E+02   7.9577472E+01   6.8436626E+02   1.5513536E-01   5.0753420E-02   1.4299793E-01
   6.5000000E-01   4.5053092E+02   5.3867827E+01   5.0439874E+02   1.5292824E-01   7.5545265E-02   1.4465742E-01
   7.0000000E-01   3.0921532E+02   5.4567409E+01   3.6378273E+02   1.5225658E-01   9.1133020E-02   1.4308804E-01
   7.5000000E-01   2.3767138E+02   1.2732395E+01   2.5040378E+02   1.0642216E-01   1.2455652E-01   1.0734424E-01
   8.0000000E-01   2.1485917E+02   3.5809862E+01   2.5066904E+02   1.2578438E-01   7.3922393E-02   1.1836781E-01
   8.5000000E-01   1.4604807E+02   1.8724111E+01   1.6477218E+02   1.4717508E-01   6.0263301E-02   1.3729873E-01
   9.0000000E-01   1.4147106E+02   1.7683883E+01   1.5915494E+02   1.8626642E-01   1.6858361E-01   1.8427819E-01
   9.5000000E-01   7.7064499E+01   1.6753152E+01   9.3817651E+01   1.2200538E-01   2.2925846E-01   1.4115772E-01
   1.0000000E+00   5.0300822E+01   6.2876027E+00   5.6588424E+01   3.3063001E-02   2.8689387E-07   2.9389309E-02
