   0.0000000E+00   2.6032146E+07   1.4670266E+07   4.0189042E+07   7.6893523E-03   4.3007917E-08   4.9541220E-03
   5.0000000E-02   3.7388679E+05   1.0294142E+05   4.7676455E+05   1.9890209E-01   6.8399396E-06   1.5600268E-01
   1.0000000E-01   1.2073494E+05   3.7974369E+04   1.5861382E+05   2.1615448E-01   2.1641868E-05   1.6439829E-01
   1.5000000E-01   5.0717375E+04   1.4536151E+04   6.5274747E+04   2.3763747E-01   1.6087912E-05   1.8477560E-01
   2.0000000E-01   2.0658312E+04   7.1142260E+03   2.7772538E+04   2.4767370E-01   1.2727198E-05   1.8423275E-01
   2.5000000E-01   8.9763388E+03   2.5337467E+03   1.1510085E+04   2.5461538E-01   2.6483153E-06   1.9856561E-01
   3.0000000E-01   3.5120191E+03   1.2095776E+03   4.7215966E+03   2.7784378E-01   5.0663292E-05   2.0665491E-01
   3.5000000E-01   1.4187526E+03   5.0020125E+02   1.9189539E+03   2.8188407E-01   9.7171677E-06   2.0840465E-01
   4.0000000E-01   5.5704230E+02   1.1936621E+02   6.7640851E+02   2.8103873E-01   3.6093157E-06   2.3144361E-01
   4.5000000E-01   1.9805948E+02   3.5367765E+01   2.3342725E+02   2.8531403E-01   3.7800272E-06   2.4208429E-01
   5.0000000E-01   7.0028175E+01   3.1830989E+01   1.0185916E+02   2.2716951E-01   3.9350914E-06   1.5617795E-01
   5.5000000E-01   1.1574905E+01   5.7874525E+00   1.7362357E+01   2.3406266E-01   3.3970725E-06   1.5604249E-01
   6.0000000E-01   5.3051648E+00   5.3051648E+00   1.0610330E+01   4.2048862E-01   5.6161453E-06   2.1024150E-01
   6.5000000E-01   0.0000000E+00   0.0000000E+00   0.0000000E+00   0.0000000E+00   0.0000000E+00   0.0000000E+00
   7.0000000E-01   0.0000000E+00   0.0000000E+00   0.0000000E+00   0.0000000E+00   0.0000000E+00   0.0000000E+00
   7.5000000E-01   0.0000000E+00   0.0000000E+00   0.0000000E+00   0.0000000E+00   0.0000000E+00   0.0000000E+00
   8.0000000E-01   0.0000000E+00   0.0000000E+00   0.0000000E+00   0.0000000E+00   0.0000000E+00   0.0000000E+00
   8.5000000E-01   0.0000000E+00   0.0000000E+00   0.0000000E+00   0.0000000E+00   0.0000000E+00   0.0000000E+00
   9.0000000E-01   0.0000000E+00   0.0000000E+00   0.0000000E+00   0.0000000E+00   0.0000000E+00   0.0000000E+00
   9.5000000E-01   0.0000000E+00   0.0000000E+00   0.0000000E+00   0.0000000E+00   0.0000000E+00   0.0000000E+00
   1.0000000E+00   0.0000000E+00   0.0000000E+00   0.0000000E+00   0.0000000E+00   0.0000000E+00   0.0000000E+00
