   0.0000000E+00   3.2072904E+07   1.6237879E+07   4.7926774E+07   1.5550861E-04   9.6436090E-05   1.3822734E-04
   5.0000000E-02   1.7125072E+04   6.8118316E+03   2.3936903E+04   1.2893741E-01   8.2936277E-02   1.1584420E-01
   1.0000000E-01   8.2442261E+03   3.5969017E+03   1.1841128E+04   1.2140139E-01   8.2453253E-02   1.0940221E-01
   1.5000000E-01   5.0080755E+03   2.2069485E+03   7.2150241E+03   1.1598393E-01   9.1655185E-02   1.0843072E-01
   2.0000000E-01   3.5173242E+03   1.6233804E+03   5.1407047E+03   1.3126058E-01   9.4669088E-02   1.1969878E-01
   2.5000000E-01   2.6610706E+03   1.0440564E+03   3.7051271E+03   1.1298815E-01   7.4162862E-02   1.0203074E-01
   3.0000000E-01   2.1645072E+03   9.5492966E+02   3.1194369E+03   1.1445859E-01   1.2608954E-01   1.1794622E-01
   3.5000000E-01   1.7370625E+03   9.0945682E+02   2.6465193E+03   1.3536987E-01   9.6875795E-02   1.2214124E-01
   4.0000000E-01   1.2334508E+03   4.1380285E+02   1.6472537E+03   1.5479618E-01   9.1518877E-02   1.3884869E-01
   4.5000000E-01   1.3369015E+03   4.3148673E+02   1.7683883E+03   1.5271914E-01   1.1202668E-01   1.4276709E-01
   5.0000000E-01   9.4856346E+02   5.0292962E+02   1.4514931E+03   1.5794852E-01   9.7201250E-02   1.3687941E-01
   5.5000000E-01   1.0070167E+03   3.2409734E+02   1.3311141E+03   1.5780204E-01   1.0625076E-01   1.4524010E-01
   6.0000000E-01   8.2230054E+02   3.5014087E+02   1.1724414E+03   1.5536960E-01   1.3433977E-01   1.4902030E-01
   6.5000000E-01   6.5131100E+02   2.6444206E+02   9.1575306E+02   1.8165749E-01   1.0156412E-01   1.5842641E-01
   7.0000000E-01   6.1388335E+02   1.8189136E+02   7.9577472E+02   1.8625130E-01   1.1442019E-01   1.6981555E-01
   7.5000000E-01   5.9842259E+02   1.9098593E+02   7.8940852E+02   2.0238706E-01   1.0884728E-01   1.7975645E-01
   8.0000000E-01   4.5757046E+02   1.7109156E+02   6.2866203E+02   2.4654856E-01   1.0684058E-01   2.0717394E-01
   8.5000000E-01   3.1830989E+02   1.1983431E+02   4.3814420E+02   2.2189163E-01   1.3721779E-01   1.9873288E-01
   9.0000000E-01   1.9805948E+02   9.5492966E+01   2.9355245E+02   2.1387421E-01   2.1490027E-01   2.1417280E-01
   9.5000000E-01   1.7088215E+02   6.3661977E+01   2.3454413E+02   2.0024095E-01   1.4704319E-01   1.8573542E-01
   1.0000000E+00   8.8026438E+01   5.6588424E+01   1.4461486E+02   2.5936904E-01   2.3624599E-01   2.5023308E-01
