   0.0000000E+00   3.2598497E+07   1.6652955E+07   4.8797669E+07   6.8124174E-05   5.8466916E-05   6.5156569E-05
   5.0000000E-02   9.9312684E+03   3.5650707E+03   1.3496339E+04   1.4128800E-01   8.7748270E-02   1.2714371E-01
   1.0000000E-01   4.6154933E+03   1.4005635E+03   6.0160568E+03   1.5292836E-01   5.8134124E-02   1.3085986E-01
   1.5000000E-01   2.9496716E+03   7.6394373E+02   3.7136153E+03   1.4008131E-01   7.9577630E-02   1.2761789E-01
   2.0000000E-01   1.8143664E+03   7.6394373E+02   2.5783101E+03   1.4537825E-01   9.4005349E-02   1.3013509E-01
   2.5000000E-01   1.3114367E+03   5.8569019E+02   1.8971269E+03   1.6791840E-01   9.9500351E-02   1.4655688E-01
   3.0000000E-01   1.2414086E+03   5.6234747E+02   1.8037560E+03   1.6088627E-01   1.0150843E-01   1.4230512E-01
   3.5000000E-01   8.9126768E+02   4.0925557E+02   1.3005232E+03   1.5003133E-01   1.2515636E-01   1.4220345E-01
   4.0000000E-01   8.5147895E+02   2.7852115E+02   1.1300001E+03   1.5592868E-01   9.2828780E-02   1.4036721E-01
   4.5000000E-01   6.7198754E+02   2.2635370E+02   8.9834123E+02   2.0002066E-01   1.4601438E-01   1.8640911E-01
   5.0000000E-01   6.5571837E+02   1.0185916E+02   7.5757753E+02   1.7276478E-01   1.6133604E-01   1.7120214E-01
   5.5000000E-01   5.3823308E+02   1.9677338E+02   7.3500646E+02   1.9685212E-01   1.0407982E-01   1.7201127E-01
   6.0000000E-01   4.5093901E+02   1.3262912E+02   5.8356812E+02   1.8111601E-01   2.1680897E-01   1.8921564E-01
   6.5000000E-01   3.4279526E+02   9.3044428E+01   4.3583969E+02   2.0211469E-01   9.3935779E-02   1.7901392E-01
   7.0000000E-01   3.4104631E+02   8.6398398E+01   4.2744470E+02   2.3009346E-01   1.3291601E-01   2.1045116E-01
   7.5000000E-01   3.0557749E+02   7.6394373E+01   3.8197186E+02   2.3312915E-01   1.6362294E-01   2.1922791E-01
   8.0000000E-01   2.4669016E+02   7.9577472E+01   3.2626763E+02   2.1880899E-01   1.2645719E-01   1.9628089E-01
   8.5000000E-01   1.7226182E+02   4.4937866E+01   2.1719969E+02   2.1162838E-01   1.6512310E-01   2.0200562E-01
   9.0000000E-01   1.0964007E+02   2.8294212E+01   1.3793428E+02   2.0247937E-01   4.0202894E-02   1.6919189E-01
   9.5000000E-01   7.0363238E+01   1.0051891E+01   8.0415129E+01   2.8434032E-01   8.5323442E-07   2.4879767E-01
   1.0000000E+00   4.4013219E+01   6.2876027E+00   5.0300822E+01   3.5845719E-01   4.0873407E-01   3.6474180E-01
