   0.0000000E+00   2.7352241E+07   1.5596166E+07   4.2669313E+07   9.9004221E-04   4.4359340E-04   7.8725960E-04
   5.0000000E-02   7.9386486E+04   2.6929016E+04   1.0631550E+05   1.2942643E-01   9.0540633E-02   1.1956893E-01
   1.0000000E-01   3.6414651E+04   1.2032114E+04   4.8446765E+04   1.2492989E-01   9.5317710E-02   1.1757506E-01
   1.5000000E-01   2.4849392E+04   7.0452588E+03   3.1894651E+04   1.2553732E-01   8.3631700E-02   1.1627924E-01
   2.0000000E-01   1.6504368E+04   4.2494370E+03   2.0753805E+04   1.2684149E-01   8.3795223E-02   1.1802077E-01
   2.5000000E-01   1.2248564E+04   3.0303101E+03   1.5278875E+04   1.2638579E-01   6.4430707E-02   1.1407907E-01
   3.0000000E-01   9.8145548E+03   2.1751176E+03   1.1989672E+04   1.1781371E-01   5.8586174E-02   1.0705181E-01
   3.5000000E-01   7.4757350E+03   1.6643060E+03   9.1400410E+03   1.0881463E-01   6.1327684E-02   1.0016551E-01
   4.0000000E-01   6.2070428E+03   1.1538733E+03   7.3609161E+03   1.1247704E-01   5.1682045E-02   1.0290767E-01
   4.5000000E-01   5.2556499E+03   9.8322387E+02   6.2388738E+03   1.2013817E-01   5.5909104E-02   1.0999183E-01
   5.0000000E-01   4.2207891E+03   8.4670430E+02   5.0674934E+03   1.0779051E-01   6.0390697E-02   9.9866400E-02
   5.5000000E-01   3.2525483E+03   6.0189506E+02   3.8544433E+03   1.0814671E-01   4.6273287E-02   9.8484220E-02
   6.0000000E-01   2.5199533E+03   4.2441318E+02   2.9443664E+03   1.0880191E-01   4.7143683E-02   9.9914094E-02
   6.5000000E-01   1.9833154E+03   2.7423621E+02   2.2575517E+03   1.3027169E-01   3.3458294E-02   1.1851108E-01
   7.0000000E-01   1.6961370E+03   1.4096581E+02   1.8371028E+03   1.2101995E-01   7.6544763E-02   1.1760658E-01
   7.5000000E-01   1.2435306E+03   1.9098593E+02   1.4345166E+03   1.2339996E-01   4.3379105E-02   1.1274586E-01
   8.0000000E-01   9.5890853E+02   8.7535219E+01   1.0464438E+03   1.2000875E-01   2.4044978E-02   1.1197914E-01
   8.5000000E-01   8.0139195E+02   7.8641266E+01   8.8003321E+02   1.0472487E-01   3.3590879E-02   9.8333655E-02
   9.0000000E-01   5.8710490E+02   5.6588424E+01   6.4369333E+02   9.4920333E-02   2.7724990E-02   8.8770103E-02
   9.5000000E-01   2.9820610E+02   1.6753152E+01   3.1495926E+02   8.5811148E-02   8.4081484E-02   8.5716551E-02
   1.0000000E+00   1.1317685E+02   0.0000000E+00   1.1317685E+02   1.3630726E-01   0.0000000E+00   1.3630726E-01
