   0.0000000E+00   1.8126857E+07   9.9017293E+06   2.7824358E+07   3.7396898E-03   7.9441025E-05   2.4225752E-03
   5.0000000E-02   3.0379496E+05   1.3712790E+05   4.4054088E+05   3.5522384E-02   4.4437274E-04   2.4381574E-02
   1.0000000E-01   1.0001297E+05   4.7587328E+04   1.4747297E+05   3.5672237E-02   5.9995632E-04   2.4406347E-02
   1.5000000E-01   5.4155122E+04   2.6504603E+04   8.0574843E+04   3.1600458E-02   2.0854758E-04   2.1144900E-02
   2.0000000E-01   3.6128172E+04   1.7857185E+04   5.3905779E+04   3.2076077E-02   2.1051324E-04   2.1555507E-02
   2.5000000E-01   2.7591101E+04   1.3534536E+04   4.1100173E+04   2.5105798E-02   1.0218788E-04   1.6884431E-02
   3.0000000E-01   2.1464697E+04   1.0047982E+04   3.1502068E+04   3.4803168E-02   1.1013207E-03   2.3886827E-02
   3.5000000E-01   1.6206520E+04   7.2847491E+03   2.3473080E+04   2.6156960E-02   5.9584995E-04   1.8209661E-02
   4.0000000E-01   1.3329226E+04   6.1911273E+03   1.9520354E+04   2.7404748E-02   2.6226044E-06   1.8713291E-02
   4.5000000E-01   1.0200063E+04   4.8241632E+03   1.5010080E+04   2.5226139E-02   4.0551651E-06   1.7095683E-02
   5.0000000E-01   8.8108176E+03   3.9534088E+03   1.2757860E+04   3.0650637E-02   4.9587073E-06   2.1166595E-02
   5.5000000E-01   7.4658137E+03   3.0326251E+03   1.0498439E+04   4.4671886E-02   4.8614822E-06   3.1768105E-02
   6.0000000E-01   6.1964325E+03   2.6791082E+03   8.8755407E+03   2.9681697E-02   2.4394685E-06   2.0722868E-02
   6.5000000E-01   5.0880611E+03   2.1743014E+03   7.2574654E+03   3.3157696E-02   3.3208207E-06   2.3378288E-02
   7.0000000E-01   4.0743665E+03   1.8507446E+03   5.9205639E+03   4.4875807E-02   1.5163756E-05   3.0877540E-02
   7.5000000E-01   3.5098970E+03   1.4345166E+03   4.9401694E+03   3.4493006E-02   5.4946405E-06   2.4505617E-02
   8.0000000E-01   2.8608101E+03   1.0504226E+03   3.9112327E+03   2.7910540E-02   3.9552218E-05   2.0425307E-02
   8.5000000E-01   2.3143001E+03   9.2871590E+02   3.2430160E+03   2.6314249E-02   3.3902099E-06   1.8777682E-02
   9.0000000E-01   1.6269172E+03   6.3308300E+02   2.2600002E+03   2.3566739E-02   3.1127623E-06   1.6965580E-02
   9.5000000E-01   1.0889549E+03   3.4176430E+02   1.4307192E+03   2.4952098E-02   3.2626848E-06   1.8992208E-02
   1.0000000E+00   4.0240657E+02   1.5090246E+02   5.5330904E+02   6.3206326E-02   2.9753315E-06   4.5968367E-02
