   0.0000000E+00   1.3064966E+07   9.8156583E+06   2.2850575E+07   1.0808377E-03   3.7943406E-04   7.5823442E-04
   5.0000000E-02   1.9626988E+05   9.8676065E+04   2.9488228E+05   4.2246693E-03   5.4431789E-03   3.9551822E-03
   1.0000000E-01   7.4834654E+04   3.5746200E+04   1.1058085E+05   4.5607384E-03   3.2809219E-03   4.0433502E-03
   1.5000000E-01   4.9125826E+04   2.1284321E+04   7.0388926E+04   1.6019324E-03   3.5803181E-03   2.0530276E-03
   2.0000000E-01   3.8308595E+04   1.5342537E+04   5.3651131E+04   3.8106832E-03   1.7578171E-03   2.2183713E-03
   2.5000000E-01   3.0481355E+04   1.1802931E+04   4.2284285E+04   5.1075393E-04   5.2228788E-03   1.2239444E-03
   3.0000000E-01   2.5326857E+04   8.9445078E+03   3.4271364E+04   6.5066205E-03   3.0701722E-03   5.5895169E-03
   3.5000000E-01   2.0935696E+04   7.6758155E+03   2.8611511E+04   3.6845498E-03   1.5575997E-03   2.2829607E-03
   4.0000000E-01   1.8064086E+04   6.5651414E+03   2.4629227E+04   3.8313971E-03   2.7372088E-03   2.4369607E-03
   4.5000000E-01   1.6594555E+04   5.0363698E+03   2.1630925E+04   4.3727476E-03   5.7823963E-03   3.8608976E-03
   5.0000000E-01   1.4292114E+04   4.5645638E+03   1.8850311E+04   4.1411216E-03   3.8417637E-03   3.9704115E-03
   5.5000000E-01   1.2651371E+04   3.9123179E+03   1.6563689E+04   5.3408474E-03   4.6847940E-03   5.1138769E-03
   6.0000000E-01   1.1528123E+04   3.4854933E+03   1.5013616E+04   5.9412683E-04   2.3828357E-03   8.3497414E-04
   6.5000000E-01   1.0239784E+04   2.7668475E+03   1.3001735E+04   3.1727780E-03   6.0442861E-04   2.6005412E-03
   7.0000000E-01   9.3764998E+03   2.6192356E+03   1.1995735E+04   3.9035861E-03   2.6973794E-03   2.9056475E-03
   7.5000000E-01   8.5307049E+03   2.1347983E+03   1.0665503E+04   2.1548613E-03   7.5582546E-03   3.2189796E-03
   8.0000000E-01   7.2972541E+03   1.9098593E+03   9.2071135E+03   3.7182786E-03   7.0821574E-03   4.0665244E-03
   8.5000000E-01   6.4560735E+03   1.4380117E+03   7.8940852E+03   2.0107834E-03   2.3349977E-03   1.2610652E-03
   9.0000000E-01   5.5562759E+03   1.1317685E+03   6.6880444E+03   3.6456443E-03   2.5674431E-03   2.6798825E-03
   9.5000000E-01   3.6287327E+03   8.3430696E+02   4.4630397E+03   2.8615836E-03   7.2927263E-03   2.6086201E-03
   1.0000000E+00   1.3203966E+03   3.8354376E+02   1.7039403E+03   1.1620283E-02   1.5800786E-02   1.2554881E-02
