   0.0000000E+00   3.2428393E+07   1.6756342E+07   4.8620944E+07   1.5127219E-04   6.5240904E-05   1.2337714E-04
   5.0000000E-02   8.8490148E+03   3.5014087E+03   1.2350424E+04   1.4205959E-01   7.9358292E-02   1.2427128E-01
   1.0000000E-01   4.4881694E+03   2.1008452E+03   6.5890146E+03   1.3747191E-01   8.2778503E-02   1.1997645E-01
   1.5000000E-01   3.3740848E+03   8.0638504E+02   4.1804698E+03   1.6256798E-01   7.7403026E-02   1.4603641E-01
   2.0000000E-01   1.7347889E+03   9.0718318E+02   2.6419721E+03   1.4839313E-01   9.6836768E-02   1.3068840E-01
   2.5000000E-01   1.7188734E+03   4.5836624E+02   2.1772396E+03   1.4317876E-01   1.1200725E-01   1.3661630E-01
   3.0000000E-01   1.3475119E+03   4.5624417E+02   1.8037560E+03   1.5038169E-01   8.5640266E-02   1.3400547E-01
   3.5000000E-01   1.1459156E+03   3.9106643E+02   1.5369820E+03   1.7143126E-01   6.5893591E-02   1.4443566E-01
   4.0000000E-01   1.0265494E+03   2.7056340E+02   1.2971128E+03   1.7154309E-01   8.1164577E-02   1.5269103E-01
   4.5000000E-01   9.0541479E+02   2.1220659E+02   1.1176214E+03   1.6986760E-01   1.7122681E-01   1.7012302E-01
   5.0000000E-01   6.6845076E+02   1.2732395E+02   7.9577472E+02   1.8942315E-01   7.7959950E-02   1.7153670E-01
   5.5000000E-01   4.9772091E+02   1.1574905E+02   6.1346996E+02   1.8332245E-01   1.0219896E-01   1.6801525E-01
   6.0000000E-01   5.0399065E+02   1.1140846E+02   6.1539911E+02   2.0773493E-01   8.8870889E-02   1.8614601E-01
   6.5000000E-01   3.2320696E+02   1.2732395E+02   4.5053092E+02   1.9134115E-01   1.3745475E-01   1.7611010E-01
   7.0000000E-01   3.2285717E+02   5.9114693E+01   3.8197186E+02   1.8601022E-01   6.0445738E-02   1.6650130E-01
   7.5000000E-01   2.9708923E+02   7.6394373E+01   3.7348360E+02   1.9779373E-01   1.0042933E-01   1.7787400E-01
   8.0000000E-01   1.8700706E+02   4.7746483E+01   2.3475354E+02   2.3643712E-01   1.4920894E-01   2.1869577E-01
   8.5000000E-01   1.4230324E+02   3.7448222E+01   1.7975147E+02   2.4264058E-01   8.4702020E-02   2.0972547E-01
   9.0000000E-01   1.5561817E+02   2.8294212E+01   1.8391238E+02   2.3449185E-01   1.4312889E-01   2.2043601E-01
   9.5000000E-01   7.0363238E+01   1.6753152E+01   8.7116390E+01   2.3501902E-01   7.9568730E-02   2.0512473E-01
   1.0000000E+00   1.8862808E+01   0.0000000E+00   1.8862808E+01   3.5878147E-01   0.0000000E+00   3.5878147E-01
