   0.0000000E+00   2.1432187E+07   1.0324954E+07   3.1623196E+07   8.0058136E-03   1.3214207E-05   5.4336653E-03
   5.0000000E-02   1.3626846E+06   7.1536964E+05   2.0744892E+06   6.6292611E-03   6.0324273E-05   4.3562050E-03
   1.0000000E-01   7.5121133E+04   4.8765075E+04   1.2385438E+05   8.7433803E-03   4.7992383E-04   5.4107998E-03
   1.5000000E-01   6.9603762E+03   5.0080755E+03   1.1968452E+04   2.4378012E-03   2.9424064E-03   2.6187156E-03
   2.0000000E-01   8.9126768E+02   7.3211274E+02   1.6233804E+03   3.9980211E-02   2.5167924E-02   3.1933165E-02
   2.5000000E-01   1.9098593E+02   1.1459156E+02   3.0557749E+02   1.0335805E-01   4.9539019E-02   8.2880738E-02
   3.0000000E-01   8.4882636E+01   4.2441318E+01   1.2732395E+02   8.5321617E-02   8.6637748E-02   8.5759285E-02
   3.5000000E-01   4.5472841E+01   9.0945682E+00   5.4567409E+01   1.2662206E-01   2.6885078E-01   1.5026671E-01
   4.0000000E-01   3.1830989E+01   0.0000000E+00   3.1830989E+01   6.6804449E-02   0.0000000E+00   6.6804449E-02
   4.5000000E-01   1.4147106E+01   1.4147106E+01   2.8294212E+01   7.4365000E-02   2.0439359E-01   1.3622941E-01
   5.0000000E-01   1.2732395E+01   6.3661977E+00   1.9098593E+01   2.9124393E-02   2.5413641E-01   1.0394687E-01
   5.5000000E-01   1.1574905E+01   0.0000000E+00   1.1574905E+01   5.3617838E-02   0.0000000E+00   5.3617838E-02
   6.0000000E-01   2.1220659E+01   1.0610330E+01   3.1830989E+01   1.6726421E-02   3.9280668E-01   1.1981938E-01
   6.5000000E-01   9.7941503E+00   0.0000000E+00   9.7941503E+00   5.4443466E-02   0.0000000E+00   5.4443466E-02
   7.0000000E-01   4.5472841E+00   4.5472841E+00   9.0945682E+00   1.5220020E-05   2.8563127E-01   1.4280824E-01
   7.5000000E-01   1.6976527E+01   0.0000000E+00   1.6976527E+01   7.5007677E-02   0.0000000E+00   7.5007677E-02
   8.0000000E-01   3.9788736E+00   3.9788736E+00   7.9577472E+00   1.8630281E-01   4.9635486E-01   1.5572948E-01
   8.5000000E-01   0.0000000E+00   0.0000000E+00   0.0000000E+00   0.0000000E+00   0.0000000E+00   0.0000000E+00
   9.0000000E-01   3.5367765E+00   0.0000000E+00   3.5367765E+00   2.4914768E-01   0.0000000E+00   2.4914768E-01
   9.5000000E-01   3.3506304E+00   0.0000000E+00   3.3506304E+00   3.2386877E-01   0.0000000E+00   3.2386877E-01
   1.0000000E+00   6.2876027E+00   0.0000000E+00   6.2876027E+00   2.6636413E-01   0.0000000E+00   2.6636413E-01
