   0.0000000E+00   3.2558263E+07   1.6726293E+07   4.8652011E+07   1.0264562E-03   2.8273604E-09   6.7788211E-04
   5.0000000E-02   5.0229300E+04   1.3114367E+04   6.3343667E+04   2.3218574E-01   6.4846686E-05   1.8412855E-01
   1.0000000E-01   1.3082536E+04   3.4377468E+03   1.6520283E+04   2.8444024E-01   3.7895334E-07   2.2525041E-01
   1.5000000E-01   3.7984980E+03   1.0822536E+03   4.8807516E+03   3.2840588E-01   2.9534399E-06   2.5558607E-01
   2.0000000E-01   6.8436626E+02   4.1380285E+02   1.0981691E+03   3.2449674E-01   5.7071072E-06   2.0222475E-01
   2.5000000E-01   2.4191551E+02   6.3661977E+01   3.0557749E+02   3.8975032E-01   3.7986501E-06   3.0855313E-01
   3.0000000E-01   4.2441318E+01   2.1220659E+01   6.3661977E+01   2.9556049E-01   1.4159574E-05   1.9704493E-01
   3.5000000E-01   0.0000000E+00   2.7283705E+01   2.7283705E+01   0.0000000E+00   1.2151832E-06   1.2151832E-06
   4.0000000E-01   7.9577472E+00   0.0000000E+00   7.9577472E+00   7.4111393E-07   0.0000000E+00   7.4111393E-07
   4.5000000E-01   0.0000000E+00   0.0000000E+00   0.0000000E+00   0.0000000E+00   0.0000000E+00   0.0000000E+00
   5.0000000E-01   0.0000000E+00   0.0000000E+00   0.0000000E+00   0.0000000E+00   0.0000000E+00   0.0000000E+00
   5.5000000E-01   0.0000000E+00   0.0000000E+00   0.0000000E+00   0.0000000E+00   0.0000000E+00   0.0000000E+00
   6.0000000E-01   5.3051648E+00   0.0000000E+00   5.3051648E+00   6.6979132E-07   0.0000000E+00   6.6979132E-07
   6.5000000E-01   1.4691226E+01   0.0000000E+00   1.4691226E+01   1.6587637E-05   0.0000000E+00   1.6587637E-05
   7.0000000E-01   0.0000000E+00   0.0000000E+00   0.0000000E+00   0.0000000E+00   0.0000000E+00   0.0000000E+00
   7.5000000E-01   0.0000000E+00   0.0000000E+00   0.0000000E+00   0.0000000E+00   0.0000000E+00   0.0000000E+00
   8.0000000E-01   3.9788736E+00   0.0000000E+00   3.9788736E+00   7.9185817E-06   0.0000000E+00   7.9185817E-06
   8.5000000E-01   0.0000000E+00   0.0000000E+00   0.0000000E+00   0.0000000E+00   0.0000000E+00   0.0000000E+00
   9.0000000E-01   7.0735530E+00   0.0000000E+00   7.0735530E+00   1.0215918E-06   0.0000000E+00   1.0215918E-06
   9.5000000E-01   3.3506304E+00   0.0000000E+00   3.3506304E+00   3.3354930E-05   0.0000000E+00   3.3354930E-05
   1.0000000E+00   1.2575205E+01   0.0000000E+00   1.2575205E+01   6.3500235E-05   0.0000000E+00   6.3500235E-05
