   0.0000000E+00   4.6340826E+06   9.1107929E+06   1.3722976E+07   2.0860145E-04   2.8911719E-05   6.8561847E-05
   5.0000000E-02   1.2757860E+05   1.1853860E+05   2.4605354E+05   3.6994073E-03   1.6592879E-04   2.0101503E-03
   1.0000000E-01   7.5566767E+04   4.5868455E+04   1.2143522E+05   1.9916133E-03   1.0447645E-03   9.0374432E-04
   1.5000000E-01   5.7507986E+04   2.8584228E+04   8.6092214E+04   4.8146077E-03   7.2748536E-04   3.4503062E-03
   2.0000000E-01   4.7093948E+04   2.0387748E+04   6.7465780E+04   3.1063903E-03   1.9301557E-03   2.7505752E-03
   2.5000000E-01   3.9916060E+04   1.5406198E+04   5.5296793E+04   2.2317704E-03   3.9713167E-04   1.5004447E-03
   3.0000000E-01   3.4579064E+04   1.1215118E+04   4.5783572E+04   4.9977015E-04   2.2983917E-03   6.8623890E-04
   3.5000000E-01   3.2031069E+04   9.0672845E+03   4.1098354E+04   3.1717718E-03   2.7059577E-03   1.9314989E-03
   4.0000000E-01   2.7708876E+04   7.1062682E+03   3.4823102E+04   2.7915783E-03   2.2814783E-03   2.5262179E-03
   4.5000000E-01   2.4997936E+04   5.8922697E+03   3.0883133E+04   1.7303392E-03   8.6906309E-04   1.3875531E-03
   5.0000000E-01   2.3306650E+04   4.6154933E+03   2.7909411E+04   1.3958145E-04   2.9862395E-03   3.2947096E-04
   5.5000000E-01   2.0603331E+04   3.6981821E+03   2.4301513E+04   1.5354495E-03   1.4692362E-03   1.4788021E-03
   6.0000000E-01   1.9109204E+04   3.3793900E+03   2.2472678E+04   1.5440925E-03   1.9467300E-03   1.2615894E-03
   6.5000000E-01   1.7120175E+04   2.8109211E+03   1.9921302E+04   3.4079322E-03   7.3299008E-04   2.8482116E-03
   7.0000000E-01   1.6288372E+04   2.3463986E+03   1.8634770E+04   3.0396714E-03   1.8225697E-03   2.8515695E-03
   7.5000000E-01   1.5181260E+04   1.7698030E+03   1.6951062E+04   6.0923773E-04   2.2028326E-03   3.3254474E-04
   8.0000000E-01   1.3619684E+04   1.6233804E+03   1.5235107E+04   1.2609090E-03   1.1712915E-03   1.0043511E-03
   8.5000000E-01   1.1878576E+04   1.3706049E+03   1.3245436E+04   2.1467436E-03   7.7192650E-04   1.9043563E-03
   9.0000000E-01   5.2025983E+03   5.2344292E+02   5.7260412E+03   1.1191664E-03   5.1079685E-03   1.4336458E-03
   9.5000000E-01   2.8714902E+03   1.9433656E+02   3.0658268E+03   4.5722068E-03   2.6116701E-03   4.1590838E-03
   1.0000000E+00   8.8026438E+02   6.2876027E+01   9.4314040E+02   1.2511894E-02   2.2439774E-02   1.0195757E-02
