   0.0000000E+00   2.9718430E+07   1.5978647E+07   4.4977442E+07   1.1113914E-03   1.5926727E-08   7.2989135E-04
   5.0000000E-02   6.9073245E+04   1.8780283E+04   8.7789867E+04   1.8816689E-01   1.2961899E-04   1.4807782E-01
   1.0000000E-01   3.0939721E+04   7.4484513E+03   3.8388172E+04   2.0388649E-01   1.0815416E-04   1.6430544E-01
   1.5000000E-01   1.7082631E+04   4.5412210E+03   2.1623852E+04   2.1155441E-01   1.7835876E-06   1.6712627E-01
   2.0000000E-01   1.1697888E+04   2.9602819E+03   1.4658170E+04   2.3611987E-01   7.3873000E-06   1.8843591E-01
   2.5000000E-01   8.3779162E+03   2.0626481E+03   1.0440564E+04   2.4583691E-01   5.4504647E-05   1.9727989E-01
   3.0000000E-01   5.6659160E+03   1.6552114E+03   7.3211274E+03   2.5427438E-01   1.6824258E-06   1.9678663E-01
   3.5000000E-01   4.0834611E+03   1.0913482E+03   5.1748093E+03   2.6549842E-01   3.1424517E-06   2.0950512E-01
   4.0000000E-01   2.7692960E+03   8.0373246E+02   3.5730285E+03   2.6730383E-01   2.4476657E-05   2.0718085E-01
   4.5000000E-01   2.0654775E+03   6.6491398E+02   2.7303915E+03   2.7871774E-01   7.2188828E-06   2.1084171E-01
   5.0000000E-01   1.4451269E+03   4.5836624E+02   1.9034931E+03   2.8816220E-01   4.1018549E-05   2.1876210E-01
   5.5000000E-01   1.0822536E+03   2.7779772E+02   1.3600513E+03   3.0504193E-01   1.8126649E-06   2.4273584E-01
   6.0000000E-01   7.9577472E+02   1.4854461E+02   9.4431933E+02   3.1861082E-01   3.3956518E-06   2.6849280E-01
   6.5000000E-01   7.1497298E+02   2.1547131E+02   9.3044428E+02   3.3667735E-01   4.1929858E-05   2.5870490E-01
   7.0000000E-01   4.0925557E+02   1.3187124E+02   5.4112681E+02   2.9482503E-01   1.7131670E-05   2.2298109E-01
   7.5000000E-01   2.5464791E+02   1.0610330E+02   3.6075120E+02   3.0090669E-01   9.6860875E-06   2.1240639E-01
   8.0000000E-01   1.7109156E+02   9.5492966E+01   2.6658453E+02   3.6258466E-01   2.1645360E-05   2.3271133E-01
   8.5000000E-01   1.3106878E+02   2.6213755E+01   1.5728253E+02   3.3065365E-01   1.8894847E-05   2.7554157E-01
   9.0000000E-01   9.1956189E+01   3.5367765E+00   9.5492966E+01   3.4922771E-01   1.0524619E-05   3.3629374E-01
   9.5000000E-01   4.3558195E+01   6.7012608E+00   5.0259456E+01   3.9508569E-01   1.3381485E-06   3.4240742E-01
   1.0000000E+00   3.7725616E+01   6.2876027E+00   4.4013219E+01   4.2017248E-01   1.8596032E-03   3.6041350E-01
