   0.0000000E+00   2.8108036E+06   9.9852538E+06   1.2774667E+07   4.1347050E-03   2.6439734E-05   8.9877745E-04
   5.0000000E-02   1.1452790E+05   1.5304339E+05   2.6757129E+05   2.1786317E-02   4.5500419E-04   9.5145059E-03
   1.0000000E-01   7.1906203E+04   6.3439160E+04   1.3534536E+05   1.6580102E-02   4.3579791E-04   9.0116359E-03
   1.5000000E-01   5.5279817E+04   3.6244886E+04   9.1503482E+04   1.5559982E-02   4.4557702E-04   9.3215511E-03
   2.0000000E-01   4.8796906E+04   2.3586763E+04   7.2320006E+04   2.4677822E-02   1.3815423E-03   1.6880627E-02
   2.5000000E-01   4.2156961E+04   1.5622649E+04   5.7677751E+04   1.5185400E-02   5.8018039E-05   1.1002906E-02
   3.0000000E-01   3.6361599E+04   1.0928639E+04   4.7258408E+04   1.3371355E-02   5.9873611E-04   1.0255753E-02
   3.5000000E-01   3.4213765E+04   8.0668820E+03   4.2271553E+04   1.6674107E-02   5.9959582E-04   1.3373224E-02
   4.0000000E-01   3.0708946E+04   5.8409864E+03   3.6549933E+04   1.8849445E-02   3.5081023E-04   1.5813355E-02
   4.5000000E-01   2.7593930E+04   3.8409393E+03   3.1427796E+04   1.5459548E-02   5.7617973E-06   1.3572991E-02
   5.0000000E-01   2.5121016E+04   2.8393242E+03   2.7960340E+04   1.2330733E-02   9.3216576E-04   1.1165274E-02
   5.5000000E-01   2.3508632E+04   1.9214342E+03   2.5424279E+04   9.6805499E-03   2.3264671E-04   8.9391780E-03
   6.0000000E-01   2.2058875E+04   1.3209860E+03   2.3369251E+04   6.8578059E-03   2.0556415E-03   6.5817214E-03
   6.5000000E-01   1.9779287E+04   1.0136946E+03   2.0788084E+04   5.5104024E-03   2.7653553E-06   5.2431184E-03
   7.0000000E-01   1.8866682E+04   7.7303830E+02   1.9626078E+04   4.9340490E-03   2.0645770E-03   4.7500841E-03
   7.5000000E-01   1.7035945E+04   5.7720193E+02   1.7608903E+04   4.8972118E-03   4.1162960E-06   4.7378377E-03
   8.0000000E-01   1.5310706E+04   4.1778173E+02   1.5724508E+04   4.1966992E-03   8.1517122E-06   4.0860489E-03
   8.5000000E-01   9.8975650E+03   1.9847558E+02   1.0096041E+04   3.2887543E-03   1.5219032E-05   3.2244006E-03
   9.0000000E-01   4.7039128E+03   4.9514871E+01   4.7534276E+03   6.1222970E-03   4.8533069E-07   6.0585224E-03
   9.5000000E-01   2.4158045E+03   2.0103782E+01   2.4359083E+03   1.1143465E-02   1.2577655E-05   1.1051429E-02
   1.0000000E+00   8.7397677E+02   0.0000000E+00   8.7397677E+02   2.3384313E-03   0.0000000E+00   2.3384313E-03
