   0.0000000E+00   2.9987338E+07   1.6040272E+07   4.5531046E+07   4.6332498E-04   1.9425963E-04   3.6758980E-04
   5.0000000E-02   3.7815214E+04   1.5087889E+04   5.2903103E+04   1.3513623E-01   8.3489729E-02   1.2039974E-01
   1.0000000E-01   1.6010987E+04   6.5253527E+03   2.2536340E+04   1.4624782E-01   8.6334899E-02   1.2888312E-01
   1.5000000E-01   1.1989672E+04   4.0531459E+03   1.6042818E+04   1.3957755E-01   1.0222776E-01   1.3014129E-01
   2.0000000E-01   8.1805641E+03   2.3236622E+03   1.0504226E+04   1.4609645E-01   8.8497226E-02   1.3331292E-01
   2.5000000E-01   6.3025357E+03   1.6424790E+03   7.9450148E+03   1.4759622E-01   9.3043221E-02   1.3630997E-01
   3.0000000E-01   4.7534276E+03   1.2095776E+03   5.9630052E+03   1.5438567E-01   1.0023238E-01   1.4337806E-01
   3.5000000E-01   3.4832196E+03   1.1459156E+03   4.6291352E+03   1.4398010E-01   9.7416833E-02   1.3241721E-01
   4.0000000E-01   2.9523242E+03   8.6739444E+02   3.8197186E+03   1.4121666E-01   7.2035855E-02   1.2550545E-01
   4.5000000E-01   2.5040378E+03   7.3564951E+02   3.2396873E+03   1.4530239E-01   8.7785112E-02   1.3224170E-01
   5.0000000E-01   2.3936903E+03   7.0028175E+02   3.0939721E+03   1.4304234E-01   5.6545860E-02   1.2341519E-01
   5.5000000E-01   1.8404099E+03   4.3984639E+02   2.2802563E+03   1.6486889E-01   7.3185214E-02   1.4715085E-01
   6.0000000E-01   1.7135682E+03   4.3502351E+02   2.1485917E+03   1.7177061E-01   8.9700785E-02   1.5510816E-01
   6.5000000E-01   1.4495343E+03   3.4769234E+02   1.7972266E+03   1.4829101E-01   5.3340340E-02   1.2992124E-01
   7.0000000E-01   1.2050303E+03   3.3649902E+02   1.5415293E+03   1.5385348E-01   1.0752513E-01   1.4357113E-01
   7.5000000E-01   1.0270799E+03   1.9947420E+02   1.2265541E+03   1.7630628E-01   4.5242993E-02   1.5499051E-01
   8.0000000E-01   8.1964796E+02   1.3130283E+02   9.5095078E+02   1.7581971E-01   1.0268943E-01   1.6568904E-01
   8.5000000E-01   6.1789566E+02   1.5353771E+02   7.7143337E+02   1.7734218E-01   5.9443172E-02   1.5386569E-01
   9.0000000E-01   5.4112681E+02   1.1671362E+02   6.5784043E+02   1.5962555E-01   3.3292028E-02   1.3713771E-01
   9.5000000E-01   3.6856934E+02   3.3506304E+01   4.0207565E+02   1.8270788E-01   6.8657331E-02   1.7303631E-01
   1.0000000E+00   1.1317685E+02   3.1438013E+01   1.4461486E+02   2.1013870E-01   6.0454551E-06   1.6445508E-01
