   0.0000000E+00   1.8013284E+07   8.8154013E+06   2.6728863E+07   3.6895337E-03   3.0563769E-06   2.4687474E-03
   5.0000000E-02   5.2482934E+05   2.4707213E+05   7.7132852E+05   1.1445168E-02   2.4894995E-05   7.7530180E-03
   1.0000000E-01   1.2974311E+05   6.4457752E+04   1.9416903E+05   1.1550800E-02   6.6212629E-05   7.6957378E-03
   1.5000000E-01   6.4150052E+04   3.3422538E+04   9.7530149E+04   6.0808551E-03   9.7637165E-05   4.0887218E-03
   2.0000000E-01   4.2414792E+04   2.1326762E+04   6.3741555E+04   1.0719768E-02   2.5286911E-04   7.2377087E-03
   2.5000000E-01   2.8813411E+04   1.4311212E+04   4.3073694E+04   9.6138137E-03   1.4626565E-04   6.7228760E-03
   3.0000000E-01   2.1326762E+04   1.1024132E+04   3.2340284E+04   9.4549866E-03   1.0023392E-04   6.1962265E-03
   3.5000000E-01   1.4715011E+04   7.7849504E+03   2.2481773E+04   1.6960073E-02   2.6466057E-05   1.0993032E-02
   4.0000000E-01   1.1411409E+04   5.7057047E+03   1.7117114E+04   8.1867075E-03   3.3217055E-05   5.4625692E-03
   4.5000000E-01   9.0824421E+03   4.2370583E+03   1.3319500E+04   8.0022182E-03   4.5005230E-06   5.4563563E-03
   5.0000000E-01   6.4807893E+03   3.4377468E+03   9.9121699E+03   1.0303954E-02   8.1724603E-05   6.7393850E-03
   5.5000000E-01   5.0582335E+03   2.5059669E+03   7.5642004E+03   1.3530028E-02   6.4525405E-05   9.0552214E-03
   6.0000000E-01   3.7295308E+03   2.2069485E+03   5.9364794E+03   1.0784829E-02   3.9119628E-06   6.7748463E-03
   6.5000000E-01   2.7668475E+03   1.4054606E+03   4.1674110E+03   8.3667704E-03   1.1188363E-03   5.8221020E-03
   7.0000000E-01   2.2690948E+03   1.1186319E+03   3.3877266E+03   1.3420691E-02   3.4929463E-06   8.9880797E-03
   7.5000000E-01   1.6636997E+03   8.1062918E+02   2.4743288E+03   2.3587863E-02   7.8058990E-07   1.5859979E-02
   8.0000000E-01   1.2613029E+03   5.0133807E+02   1.7626410E+03   6.6531086E-03   4.9258032E-06   4.7594310E-03
   8.5000000E-01   8.4258499E+02   4.0818562E+02   1.2507706E+03   9.6426545E-03   8.9146028E-06   6.4928913E-03
   9.0000000E-01   5.4112681E+02   1.9805948E+02   7.3918629E+02   1.0788029E-02   4.7705975E-06   7.8986885E-03
   9.5000000E-01   3.2836178E+02   1.3737585E+02   4.6573762E+02   1.0909752E-02   1.6365808E-05   7.6878543E-03
   1.0000000E+00   8.8026438E+01   6.2876027E+01   1.5090246E+02   1.0774256E-01   2.8479976E-06   6.2848653E-02
