   0.0000000E+00   2.7719443E+07   1.4057583E+07   4.1747487E+07   2.9001119E-04   1.8901188E-04   2.5465930E-04
   5.0000000E-02   1.9493297E+05   9.4347050E+04   2.8928002E+05   1.5665398E-03   2.1086370E-03   1.6992259E-03
   1.0000000E-01   5.6945639E+04   2.7406481E+04   8.4320289E+04   5.6945769E-03   7.6554358E-04   3.5970046E-03
   1.5000000E-01   2.2706105E+04   1.1034743E+04   3.3740848E+04   1.7029887E-02   1.0925299E-02   1.4250838E-02
   2.0000000E-01   1.2573241E+04   5.2839441E+03   1.7857185E+04   1.3401072E-02   6.7763839E-03   8.3320843E-03
   2.5000000E-01   7.7540288E+03   3.8579158E+03   1.1611945E+04   1.8292560E-02   1.1894878E-02   1.6162434E-02
   3.0000000E-01   5.6659160E+03   2.5676997E+03   8.2336157E+03   2.0528087E-02   1.8414315E-02   1.9101889E-02
   3.5000000E-01   4.6927972E+03   1.8552919E+03   6.5480891E+03   3.3047903E-02   1.2217568E-02   2.6647752E-02
   4.0000000E-01   3.9629581E+03   1.8223241E+03   5.7852822E+03   1.6987057E-02   1.9532343E-02   1.7775649E-02
   4.5000000E-01   3.1830989E+03   1.5632552E+03   4.7463541E+03   1.8631234E-02   2.1139209E-02   1.6823076E-02
   5.0000000E-01   2.8265918E+03   9.8676065E+02   3.8133524E+03   2.0814449E-02   1.2409386E-02   1.8131832E-02
   5.5000000E-01   2.3670681E+03   9.3177985E+02   3.2988479E+03   1.9265664E-02   9.7656056E-03   1.6580966E-02
   6.0000000E-01   2.0159626E+03   7.3211274E+02   2.7480754E+03   2.2705448E-02   1.3905114E-02   1.9285940E-02
   6.5000000E-01   1.7727412E+03   7.1497298E+02   2.4877142E+03   2.8261402E-02   1.3230007E-02   1.7965101E-02
   7.0000000E-01   1.4733200E+03   6.7299805E+02   2.1463181E+03   1.7369576E-02   3.3695823E-03   1.2775428E-02
   7.5000000E-01   1.1628921E+03   5.3900474E+02   1.7018969E+03   4.5930944E-02   1.1152802E-02   3.4845603E-02
   8.0000000E-01   8.8330993E+02   4.1778173E+02   1.3010917E+03   2.7399147E-02   2.7135855E-02   2.7240083E-02
   8.5000000E-01   9.0999179E+02   3.4077882E+02   1.2507706E+03   3.4605832E-02   9.3386360E-03   2.7232039E-02
   9.0000000E-01   6.1893589E+02   2.6879501E+02   8.8773090E+02   4.9254843E-02   1.0196974E-02   3.2067251E-02
   9.5000000E-01   3.8532249E+02   1.7758341E+02   5.6290590E+02   4.4993960E-02   6.2185860E-03   2.8990985E-02
   1.0000000E+00   8.8026438E+01   3.7725616E+01   1.2575205E+02   7.6663512E-02   1.1904100E-04   5.3646622E-02
