   0.0000000E+00   2.2872984E+07   1.3429621E+07   3.5989389E+07   2.9222914E-03   1.6615503E-08   1.8317199E-03
   5.0000000E-02   1.7519776E+05   5.4112681E+04   2.2931044E+05   1.4919001E-01   3.2160208E-06   1.1398339E-01
   1.0000000E-01   7.1524231E+04   2.2981974E+04   9.4442543E+04   1.4270107E-01   8.5685612E-06   1.0806982E-01
   1.5000000E-01   4.3990426E+04   1.3496339E+04   5.7465545E+04   1.5011981E-01   1.5346169E-06   1.1477157E-01
   2.0000000E-01   2.7565636E+04   9.4219726E+03   3.6971693E+04   1.4114574E-01   3.0188679E-06   1.0523698E-01
   2.5000000E-01   2.0944791E+04   7.0410147E+03   2.7973073E+04   1.5075662E-01   6.6714404E-05   1.1286197E-01
   3.0000000E-01   1.5671457E+04   5.0186859E+03   2.0690143E+04   1.5976502E-01   5.7268028E-07   1.2101169E-01
   3.5000000E-01   1.2777868E+04   4.1835014E+03   1.6961370E+04   1.5851165E-01   3.1120509E-07   1.1941500E-01
   4.0000000E-01   9.5572543E+03   3.5093665E+03   1.3066621E+04   1.6614075E-01   7.7835130E-06   1.2151803E-01
   4.5000000E-01   8.1133653E+03   2.5747733E+03   1.0688139E+04   1.7674121E-01   3.2934976E-05   1.3415631E-01
   5.0000000E-01   6.3534653E+03   2.2027044E+03   8.5561697E+03   1.8075116E-01   1.4517151E-05   1.3398040E-01
   5.5000000E-01   4.8151605E+03   1.8114726E+03   6.6266331E+03   1.9542695E-01   3.1209568E-06   1.4200393E-01
   6.0000000E-01   4.0319252E+03   1.4270893E+03   5.4643197E+03   1.9611715E-01   2.5909604E-06   1.4470799E-01
   6.5000000E-01   3.0802603E+03   1.1997834E+03   4.2800437E+03   2.1082973E-01   1.4840467E-06   1.5173016E-01
   7.0000000E-01   2.5146481E+03   8.6853126E+02   3.3831794E+03   2.1219739E-01   2.3066809E-06   1.5772143E-01
   7.5000000E-01   1.9183476E+03   6.7057283E+02   2.5889204E+03   2.1627536E-01   2.0034208E-05   1.6026155E-01
   8.0000000E-01   1.5358452E+03   6.6447189E+02   2.2003171E+03   2.2543102E-01   3.0676437E-04   1.5726066E-01
   8.5000000E-01   1.2882188E+03   4.2690973E+02   1.7151286E+03   2.1616441E-01   6.5695425E-06   1.6235770E-01
   9.0000000E-01   7.9223794E+02   2.7940534E+02   1.0716433E+03   2.4029123E-01   7.5327627E-05   1.7765955E-01
   9.5000000E-01   4.7243888E+02   1.8763530E+02   6.6007419E+02   2.3555467E-01   8.3898268E-06   1.6859261E-01
   1.0000000E+00   2.3892890E+02   9.4314040E+01   3.3324294E+02   2.3527797E-01   3.0489315E-05   1.6868125E-01
