   0.0000000E+00   2.3743371E+07   1.5241696E+07   3.8497671E+07   2.5984932E-03   3.2935074E-07   1.5915169E-03
   5.0000000E-02   1.4890536E+05   5.0229300E+04   1.9907100E+05   1.7499621E-01   1.0839212E-03   1.3117087E-01
   1.0000000E-01   6.1720287E+04   1.9289579E+04   8.0914373E+04   1.8007847E-01   1.0510356E-05   1.3740458E-01
   1.5000000E-01   3.6350989E+04   1.0185916E+04   4.6536905E+04   1.9138565E-01   5.1164464E-06   1.4949447E-01
   2.0000000E-01   2.2027044E+04   6.3661977E+03   2.8393242E+04   1.9211256E-01   2.7140868E-06   1.4903860E-01
   2.5000000E-01   1.4731382E+04   3.5396059E+03   1.8270987E+04   1.8707788E-01   2.0500475E-06   1.5083522E-01
   3.0000000E-01   1.0907419E+04   2.3873241E+03   1.3294743E+04   1.8454761E-01   1.4402395E-04   1.5138272E-01
   3.5000000E-01   7.9213689E+03   1.4278472E+03   9.3492161E+03   1.5406846E-01   1.1674143E-06   1.3053850E-01
   4.0000000E-01   6.4935217E+03   1.0583804E+03   7.5519020E+03   1.2988270E-01   7.1450582E-06   1.1167896E-01
   4.5000000E-01   5.4041945E+03   6.2247267E+02   6.0266672E+03   9.1676107E-02   1.8049583E-05   8.2205350E-02
   5.0000000E-01   4.4627046E+03   2.9921129E+02   4.7619159E+03   6.4245472E-02   6.7197678E-07   6.0208659E-02
   5.5000000E-01   4.3405894E+03   1.6204867E+02   4.5026380E+03   4.7204122E-02   4.5593711E-05   4.5503618E-02
   6.0000000E-01   4.1486388E+03   1.1671362E+02   4.2653525E+03   2.5095029E-02   7.8888309E-06   2.4408133E-02
   6.5000000E-01   3.9029689E+03   9.3044428E+01   3.9960133E+03   1.6702434E-02   1.0590670E-05   1.6313775E-02
   7.0000000E-01   3.6651110E+03   5.9114693E+01   3.7242257E+03   1.1236666E-02   1.5470491E-05   1.1058166E-02
   7.5000000E-01   3.2722256E+03   2.1220659E+01   3.2934463E+03   4.1360865E-03   2.3402251E-05   4.1095764E-03
   8.0000000E-01   3.0796481E+03   1.1936621E+01   3.0876059E+03   3.7055582E-03   1.5747089E-06   3.6960101E-03
   8.5000000E-01   2.6288652E+03   1.4979289E+01   2.6438445E+03   3.3891041E-03   3.5314975E-06   3.3699223E-03
   9.0000000E-01   2.3059783E+03   7.0735530E+00   2.3130518E+03   1.1489240E-04   6.3595619E-06   1.1452166E-04
   9.5000000E-01   1.5010824E+03   0.0000000E+00   1.5010824E+03   9.2393687E-04   0.0000000E+00   9.2393687E-04
   1.0000000E+00   5.2187102E+02   0.0000000E+00   5.2187102E+02   3.1568274E-04   0.0000000E+00   3.1568274E-04
