   0.0000000E+00   1.7846744E+07   1.0693175E+07   2.8431439E+07   1.9247397E-03   7.4271336E-04   1.4932672E-03
   5.0000000E-02   1.8894875E+05   9.1100289E+04   2.8004904E+05   1.3343552E-02   1.3273889E-02   1.3255082E-02
   1.0000000E-01   6.9136907E+04   3.1862820E+04   1.0096790E+05   1.0378135E-02   4.1601339E-03   8.3344387E-03
   1.5000000E-01   4.4542163E+04   2.0371833E+04   6.4850334E+04   1.3597185E-02   1.0646133E-02   1.2618562E-02
   2.0000000E-01   3.1799158E+04   1.4101128E+04   4.5868455E+04   1.0552283E-02   1.5154637E-02   1.1910115E-02
   2.5000000E-01   2.4204284E+04   1.0198649E+04   3.4377468E+04   7.3176769E-03   9.6387434E-03   7.6551845E-03
   3.0000000E-01   1.9692772E+04   8.1911744E+03   2.7883946E+04   1.4847137E-02   1.4296348E-02   1.4308494E-02
   3.5000000E-01   1.6588492E+04   6.5299000E+03   2.3109298E+04   7.8570347E-03   1.0250275E-02   8.0577510E-03
   4.0000000E-01   1.4061339E+04   5.4510568E+03   1.9504438E+04   1.1137083E-02   5.6127179E-03   7.9883873E-03
   4.5000000E-01   1.2449453E+04   4.9302665E+03   1.7379720E+04   8.9158926E-03   2.9812433E-03   6.7063295E-03
   5.0000000E-01   1.0663381E+04   4.1252961E+03   1.4795044E+04   6.5298926E-03   9.1194126E-03   7.2041655E-03
   5.5000000E-01   9.3120110E+03   3.2409734E+03   1.2547197E+04   1.5099051E-02   1.6624067E-02   1.5173123E-02
   6.0000000E-01   7.9842730E+03   3.0716904E+03   1.1055963E+04   7.7186729E-03   4.5631568E-03   4.8298584E-03
   6.5000000E-01   7.4533484E+03   2.5073025E+03   9.9606509E+03   9.5508845E-03   5.0195791E-03   8.3304927E-03
   7.0000000E-01   6.2570629E+03   2.0144469E+03   8.2715098E+03   7.2439322E-03   8.8787890E-03   7.4113297E-03
   7.5000000E-01   5.9502728E+03   2.0032302E+03   7.9535030E+03   1.4729164E-02   9.2404273E-03   1.3319742E-02
   8.0000000E-01   4.9218666E+03   1.4164790E+03   6.3383456E+03   1.4954276E-02   8.5562342E-03   1.3459313E-02
   8.5000000E-01   3.8833806E+03   1.2732395E+03   5.1566202E+03   1.9702954E-02   1.7153919E-02   1.8836377E-02
   9.0000000E-01   3.2715183E+03   9.5492966E+02   4.2264479E+03   6.4886049E-03   1.0432367E-02   7.2612742E-03
   9.5000000E-01   2.1444034E+03   6.0311347E+02   2.7475169E+03   8.7532430E-03   1.4417795E-02   6.8647744E-03
   1.0000000E+00   8.5511397E+02   1.8862808E+02   1.0437420E+03   3.4315721E-02   4.0003440E-02   3.0389960E-02
