   0.0000000E+00   7.8884829E+06   9.1403320E+06   1.7000294E+07   4.1697184E-05   2.3452905E-05   2.6088844E-05
   5.0000000E-02   1.7507044E+05   1.1000790E+05   2.8507833E+05   1.9263736E-04   4.1420302E-04   1.6051375E-04
   1.0000000E-01   9.1036627E+04   4.7587328E+04   1.3856029E+05   6.7271770E-04   3.9673385E-04   4.9332573E-04
   1.5000000E-01   6.6675311E+04   3.0536528E+04   9.7211839E+04   4.6780085E-04   6.0772368E-04   2.0818538E-04
   2.0000000E-01   5.5401836E+04   2.1024368E+04   7.6410288E+04   1.4044900E-03   4.5991821E-04   1.0441206E-03
   2.5000000E-01   4.7237187E+04   1.6653973E+04   6.3878428E+04   2.7422394E-04   4.3412861E-04   2.0245217E-04
   3.0000000E-01   4.1061975E+04   1.2488358E+04   5.3529113E+04   2.0671384E-04   5.4164705E-04   1.3593753E-04
   3.5000000E-01   3.5623424E+04   1.0640645E+04   4.6264068E+04   9.6223444E-04   1.0712343E-03   9.7612856E-04
   4.0000000E-01   3.1807115E+04   8.4909162E+03   4.0298032E+04   6.4050710E-04   4.7967794E-04   5.8940461E-04
   4.5000000E-01   2.9326951E+04   7.3918629E+03   3.6718814E+04   1.0411864E-03   9.8947060E-04   9.1945029E-04
   5.0000000E-01   2.7018143E+04   6.5508175E+03   3.3562594E+04   1.5576193E-03   9.8152474E-04   1.3881130E-03
   5.5000000E-01   2.4770297E+04   5.9089890E+03   3.0679286E+04   6.8954977E-04   1.1640729E-03   3.3907360E-04
   6.0000000E-01   1.5358452E+04   3.0186388E+03   1.8377091E+04   1.8614323E-03   3.3329040E-03   1.8096603E-03
   6.5000000E-01   9.2309867E+03   1.4642255E+03   1.0690315E+04   1.6498257E-03   4.4983967E-03   1.0875238E-03
   7.0000000E-01   7.1255942E+03   1.0868009E+03   8.2123951E+03   1.4412669E-03   7.7819620E-03   8.3520253E-04
   7.5000000E-01   5.3730709E+03   6.1964325E+02   5.9927141E+03   5.3210981E-03   2.0108301E-02   6.7721474E-03
   8.0000000E-01   4.1420074E+03   4.6154933E+02   4.6035567E+03   2.6131970E-03   2.2778869E-02   1.7859843E-03
   8.5000000E-01   3.1643748E+03   3.9320633E+02   3.5575811E+03   8.3314051E-03   4.9721000E-03   6.8673377E-03
   9.0000000E-01   2.3802506E+03   1.9452271E+02   2.5747733E+03   1.4633494E-02   2.9979798E-02   1.5204449E-02
   9.5000000E-01   1.6049520E+03   1.3067458E+02   1.7356265E+03   7.6268940E-03   3.6484811E-02   6.9214342E-03
   1.0000000E+00   5.3444623E+02   8.8026438E+01   6.2247267E+02   1.7881495E-02   5.2709866E-02   9.1740822E-03
