   0.0000000E+00   8.8087805E+06   9.5386014E+06   1.8304092E+07   9.2468175E-04   1.1213825E-03   8.8679408E-04
   5.0000000E-02   2.7177298E+05   1.2993410E+05   4.0132510E+05   3.1893829E-03   1.8829239E-03   2.7768544E-03
   1.0000000E-01   1.0284592E+05   4.6600567E+04   1.4938283E+05   4.4798371E-03   1.4467735E-03   3.5275141E-03
   1.5000000E-01   6.5720381E+04   2.8032491E+04   9.3731651E+04   4.1032335E-03   4.7166799E-03   3.0681706E-03
   2.0000000E-01   4.7237187E+04   1.9719297E+04   6.6924654E+04   5.7629010E-03   4.9017954E-03   4.7648422E-03
   2.5000000E-01   3.7445975E+04   1.3852846E+04   5.1273356E+04   5.9021792E-03   3.1266441E-03   4.8769867E-03
   3.0000000E-01   3.0441035E+04   1.0260189E+04   4.0669393E+04   2.0200428E-03   1.6465108E-03   1.1449840E-03
   3.5000000E-01   2.5564831E+04   8.1669222E+03   3.3731753E+04   1.9459123E-03   3.8843644E-03   1.9816523E-03
   4.0000000E-01   2.1613241E+04   6.4059865E+03   2.8019228E+04   5.1486712E-03   1.9359603E-03   4.1667517E-03
   4.5000000E-01   1.9013711E+04   5.3193119E+03   2.4333022E+04   1.4041581E-03   9.9953617E-04   9.1315776E-04
   5.0000000E-01   1.7290593E+04   4.2526201E+03   2.1524115E+04   3.9445420E-03   3.3311668E-03   3.6565976E-03
   5.5000000E-01   1.5047376E+04   3.5824331E+03   1.8629810E+04   2.4388138E-03   1.2020746E-03   2.1735500E-03
   6.0000000E-01   1.3045400E+04   3.0186388E+03   1.6064039E+04   1.9412689E-03   3.6570836E-03   1.9956086E-03
   6.5000000E-01   1.2007628E+04   2.4338464E+03   1.4441475E+04   4.1895178E-03   3.4055429E-03   2.9155286E-03
   7.0000000E-01   1.1040806E+04   1.8689338E+03   1.2905192E+04   7.1859988E-03   5.5258010E-04   6.1240448E-03
   7.5000000E-01   9.5535407E+03   1.6976527E+03   1.1242705E+04   2.1510376E-03   1.7270115E-03   2.0496400E-03
   8.0000000E-01   7.9895781E+03   1.3846480E+03   9.3742261E+03   3.6413703E-03   3.9211790E-03   2.7887547E-03
   8.5000000E-01   7.1563552E+03   9.8488824E+02   8.1374986E+03   3.3321501E-03   1.3203071E-03   2.7957006E-03
   9.0000000E-01   5.3829739E+03   6.9674497E+02   6.0797188E+03   1.4338613E-03   8.3716601E-03   9.6437195E-04
   9.5000000E-01   3.3740848E+03   3.8867312E+02   3.7627579E+03   4.5211406E-03   6.9898956E-03   4.6006352E-03
   1.0000000E+00   1.3455470E+03   1.8234048E+02   1.5278875E+03   1.7965854E-02   8.7403819E-03   1.6614835E-02
