   0.0000000E+00   2.7344602E+07   1.5797847E+07   4.2794090E+07   2.6556667E-03   8.9340641E-09   1.6749940E-03
   5.0000000E-02   1.4183889E+05   3.9597750E+04   1.8143664E+05   2.0165789E-01   1.4353149E-05   1.5765007E-01
   1.0000000E-01   5.3921695E+04   1.5469860E+04   6.9391555E+04   2.2255707E-01   1.6783335E-06   1.7294078E-01
   1.5000000E-01   2.6356059E+04   7.2786861E+03   3.3634745E+04   2.3385643E-01   2.0911884E-06   1.8324946E-01
   2.0000000E-01   1.3973804E+04   3.7560567E+03   1.7729861E+04   2.4426356E-01   5.2644137E-06   1.9251759E-01
   2.5000000E-01   7.8558880E+03   2.0626481E+03   9.9312684E+03   2.2393002E-01   6.4411146E-06   1.7713573E-01
   3.0000000E-01   4.9444136E+03   9.5492966E+02   5.8993432E+03   2.1138018E-01   1.0015485E-05   1.7716558E-01
   3.5000000E-01   3.5923544E+03   4.7291755E+02   4.0652720E+03   1.8132567E-01   4.7946255E-07   1.6023180E-01
   4.0000000E-01   2.3316199E+03   2.8647890E+02   2.6180988E+03   1.0668009E-01   3.0998323E-06   9.5006552E-02
   4.5000000E-01   1.9664477E+03   1.4854461E+02   2.1149924E+03   6.2234629E-02   2.8371406E-06   5.7863834E-02
   5.0000000E-01   1.9544227E+03   4.4563384E+01   1.9989861E+03   3.1298229E-02   3.1843861E-07   3.0600491E-02
   5.5000000E-01   1.9735213E+03   1.1574905E+01   1.9850962E+03   1.5775021E-02   3.9522840E-06   1.5683015E-02
   6.0000000E-01   1.9682161E+03   2.6525824E+01   1.9947420E+03   2.7404110E-03   2.7260445E-05   2.7036076E-03
   6.5000000E-01   1.9441388E+03   4.8970752E+00   1.9490359E+03   9.7390002E-04   1.8066793E-06   9.7144850E-04
   7.0000000E-01   2.3373040E+03   4.5472841E+00   2.3418513E+03   6.5370970E-04   6.1841480E-06   6.5242835E-04
   7.5000000E-01   2.1178218E+03   0.0000000E+00   2.1178218E+03   8.0691833E-04   0.0000000E+00   8.0691833E-04
   8.0000000E-01   2.2003171E+03   0.0000000E+00   2.2003171E+03   3.3172217E-05   0.0000000E+00   3.3172217E-05
   8.5000000E-01   2.0596522E+03   0.0000000E+00   2.0596522E+03   7.0061879E-06   0.0000000E+00   7.0061879E-06
   9.0000000E-01   1.5349610E+03   0.0000000E+00   1.5349610E+03   6.7571358E-05   0.0000000E+00   6.7571358E-05
   9.5000000E-01   1.2899927E+03   0.0000000E+00   1.2899927E+03   1.7506376E-05   0.0000000E+00   1.7506376E-05
   1.0000000E+00   5.4073383E+02   0.0000000E+00   5.4073383E+02   1.8753427E-04   0.0000000E+00   1.8753427E-04
