   0.0000000E+00   2.9455633E+07   1.5976610E+07   4.5025315E+07   6.8713650E-04   1.0200024E-04   4.8316364E-04
   5.0000000E-02   4.4945356E+04   1.4578593E+04   5.9523949E+04   1.5153246E-01   4.3941098E-02   1.2517831E-01
   1.0000000E-01   2.0371833E+04   6.3661977E+03   2.6738030E+04   1.5245907E-01   4.5040412E-02   1.2687913E-01
   1.5000000E-01   1.4132959E+04   3.6075120E+03   1.7740471E+04   1.4330409E-01   4.6629761E-02   1.2364355E-01
   2.0000000E-01   1.0949860E+04   2.1326762E+03   1.3082536E+04   1.6586374E-01   5.4971855E-02   1.4778329E-01
   2.5000000E-01   7.6267049E+03   1.6552114E+03   9.2819163E+03   1.5986307E-01   3.7026119E-02   1.3795643E-01
   3.0000000E-01   6.1221601E+03   1.2626292E+03   7.3847894E+03   1.6418577E-01   2.4399129E-02   1.4028486E-01
   3.5000000E-01   4.9019722E+03   9.8221336E+02   5.8841856E+03   1.5826233E-01   5.0119993E-02   1.4021067E-01
   4.0000000E-01   3.9947891E+03   8.1169021E+02   4.8064793E+03   1.4572085E-01   2.1745905E-02   1.2478038E-01
   4.5000000E-01   3.1689518E+03   5.8003135E+02   3.7489831E+03   1.7071031E-01   2.6842648E-02   1.4844980E-01
   5.0000000E-01   2.9475495E+03   4.2653525E+02   3.3740848E+03   1.4924531E-01   1.5616713E-02   1.3235209E-01
   5.5000000E-01   2.2513190E+03   3.1830989E+02   2.5696289E+03   1.3811762E-01   5.2042133E-02   1.2743065E-01
   6.0000000E-01   1.9576058E+03   2.8117373E+02   2.2387795E+03   1.3749069E-01   3.3628599E-02   1.2444383E-01
   6.5000000E-01   1.8168149E+03   2.4975083E+02   2.0665657E+03   1.4006941E-01   9.8644654E-03   1.2433343E-01
   7.0000000E-01   1.4096581E+03   1.7279680E+02   1.5824549E+03   1.2411562E-01   9.3145463E-03   1.1143563E-01
   7.5000000E-01   1.1544039E+03   1.6976527E+02   1.3241691E+03   1.1256295E-01   8.0538125E-03   9.9164325E-02
   8.0000000E-01   9.4299304E+02   1.3926058E+02   1.0822536E+03   1.3337853E-01   7.2154471E-04   1.1612304E-01
   8.5000000E-01   7.3398515E+02   6.7406799E+01   8.0139195E+02   1.3612275E-01   4.6850782E-02   1.2861389E-01
   9.0000000E-01   6.0832556E+02   7.4272307E+01   6.8259787E+02   1.4039340E-01   1.9054737E-02   1.2719065E-01
   9.5000000E-01   3.9202375E+02   3.6856934E+01   4.2888069E+02   1.1964883E-01   7.1653401E-05   1.0937266E-01
   1.0000000E+00   1.5090246E+02   1.8862808E+01   1.6976527E+02   1.2304915E-01   1.4269136E-01   1.2523162E-01
