   0.0000000E+00   5.1948173E+04   1.4364179E+07   1.4416127E+07   1.2494678E-06   1.0331818E-04   1.0295035E-04
   5.0000000E-02   4.8446765E+04   2.8164059E+05   3.3008735E+05   1.1829106E-03   2.7191857E-03   2.2313531E-03
   1.0000000E-01   4.6855215E+04   2.0053523E+04   6.6908738E+04   3.9577514E-04   9.2865474E-03   2.6449106E-03
   1.5000000E-01   4.6918877E+04   1.1671362E+03   4.8086013E+04   8.3253750E-04   7.7234652E-02   2.4585576E-03
   2.0000000E-01   5.0452117E+04   3.5014087E+02   5.0802258E+04   3.2528827E-04   3.6339526E-01   2.8213556E-03
   2.5000000E-01   5.2864906E+04   1.0185916E+02   5.2966765E+04   7.9692915E-05   2.9839379E-01   5.7666624E-04
   3.0000000E-01   5.8823667E+04   1.2732395E+02   5.8950991E+04   1.1027271E-04   2.9597930E-01   7.3094180E-04
   3.5000000E-01   6.7527169E+04   4.5472841E+01   6.7572642E+04   4.5434248E-04   4.7567887E-01   6.0343986E-04
   4.0000000E-01   8.4336204E+04   2.3873241E+01   8.4360078E+04   2.1942849E-04   2.5588556E-01   1.4898204E-04
   4.5000000E-01   1.1376395E+05   3.5367765E+01   1.1379225E+05   1.2401647E-04   3.8970268E-01   5.8209879E-05
   5.0000000E-01   9.1552289E+04   1.9098593E+01   9.1571388E+04   9.4350105E-05   5.8476841E-01   1.0856186E-04
   5.5000000E-01   3.4551091E+03   5.7874525E+00   3.4608966E+03   3.3551041E-03   1.8030703E-01   3.4510494E-03
   6.0000000E-01   3.0239439E+02   2.1220659E+01   3.2361505E+02   6.6154940E-02   6.3832060E-01   9.8109026E-02
   6.5000000E-01   6.3661977E+01   1.4691226E+01   7.8353203E+01   2.2184400E-01   5.1256281E-01   2.7257997E-01
   7.0000000E-01   1.8189136E+01   0.0000000E+00   1.8189136E+01   4.6637503E-01   0.0000000E+00   4.6637503E-01
   7.5000000E-01   1.6976527E+01   0.0000000E+00   1.6976527E+01   4.3580222E-01   0.0000000E+00   4.3580222E-01
   8.0000000E-01   3.9788736E+00   3.9788736E+00   7.9577472E+00   1.7195728E-01   5.8690061E-01   3.5530427E-01
   8.5000000E-01   7.4896444E+00   3.7448222E+00   1.1234467E+01   6.9189651E-01   8.8273322E-01   7.4350292E-01
   9.0000000E-01   7.0735530E+00   3.5367765E+00   1.0610330E+01   5.4631828E-01   6.7522417E-01   5.7667074E-01
   9.5000000E-01   6.7012608E+00   0.0000000E+00   6.7012608E+00   5.8568607E-01   0.0000000E+00   5.8568607E-01
   1.0000000E+00   0.0000000E+00   0.0000000E+00   0.0000000E+00   0.0000000E+00   0.0000000E+00   0.0000000E+00
