   0.0000000E+00   7.1759781E+05   3.4479327E+05   1.0623911E+06   1.4286054E-03   3.8537298E-04   8.6416931E-04
   5.0000000E-02   2.5343833E+05   1.2178536E+05   3.7522369E+05   3.0931172E-03   2.6646510E-04   2.0095953E-03
   1.0000000E-01   1.3022057E+05   6.3184512E+04   1.9340509E+05   3.9413932E-03   4.1279729E-04   2.6805799E-03
   1.5000000E-01   8.8384045E+04   4.3947985E+04   1.3233203E+05   1.1647102E-02   2.3384692E-04   7.7037525E-03
   2.0000000E-01   6.5730991E+04   3.2722256E+04   9.8453248E+04   6.3105146E-03   4.1158129E-04   4.0936474E-03
   2.5000000E-01   5.3425131E+04   2.6661636E+04   8.0086767E+04   8.8746255E-03   5.3695631E-04   6.0524552E-03
   3.0000000E-01   4.2685356E+04   2.1093335E+04   6.3789301E+04   3.2817499E-03   7.7233608E-04   2.4503521E-03
   3.5000000E-01   3.8160808E+04   1.7907205E+04   5.6068013E+04   9.7368910E-03   1.8123352E-04   6.6454138E-03
   4.0000000E-01   3.0915848E+04   1.5382325E+04   4.6298173E+04   3.5952513E-03   3.4623056E-04   2.4550707E-03
   4.5000000E-01   2.7813210E+04   1.3864164E+04   4.1677374E+04   8.6206981E-03   6.1979387E-04   5.7855582E-03
   5.0000000E-01   2.3510368E+04   1.2490480E+04   3.6000848E+04   5.8507708E-03   3.2938092E-04   3.8668612E-03
   5.5000000E-01   2.0719080E+04   1.0834111E+04   3.1553191E+04   1.1571396E-02   3.7142835E-04   7.4730678E-03
   6.0000000E-01   1.8419532E+04   9.8039445E+03   2.8223477E+04   4.8397527E-03   8.0717377E-04   2.9412749E-03
   6.5000000E-01   1.6498246E+04   7.9577472E+03   2.4455993E+04   1.1515833E-02   8.3669648E-04   8.0279615E-03
   7.0000000E-01   1.4096581E+04   7.0619322E+03   2.1158513E+04   7.4121000E-03   2.9040816E-04   4.9012050E-03
   7.5000000E-01   1.2274029E+04   6.1497470E+03   1.8423776E+04   8.2838111E-03   3.6064533E-04   5.4025972E-03
   8.0000000E-01   1.0448522E+04   5.4033103E+03   1.5851832E+04   2.3097848E-03   5.9808573E-04   1.6804012E-03
   8.5000000E-01   8.5569187E+03   4.2765869E+03   1.2833506E+04   4.4496247E-03   3.6027181E-04   2.8501819E-03
   9.0000000E-01   6.8259787E+03   3.6110488E+03   1.0437027E+04   1.0295661E-02   2.6742386E-04   6.8252525E-03
   9.5000000E-01   4.4395853E+03   2.1578060E+03   6.5973912E+03   1.8180933E-02   1.2530537E-03   1.2067973E-02
   1.0000000E+00   2.3264130E+03   1.2323701E+03   3.5587831E+03   2.0011971E-02   7.1861654E-04   1.3030657E-02
