   0.0000000E+00   5.5559081E+06   9.6022634E+06   1.5150532E+07   3.7865344E-03   4.3305529E-04   1.3161875E-03
   5.0000000E-02   2.4121523E+05   1.3916508E+05   3.8044398E+05   6.4521828E-03   9.0373420E-04   4.4119765E-03
   1.0000000E-01   9.8166769E+04   5.4558314E+04   1.5269325E+05   3.7404896E-03   3.0484325E-03   3.4595705E-03
   1.5000000E-01   6.4171273E+04   3.0812397E+04   9.4983670E+04   5.1431125E-03   1.8673493E-03   3.9924239E-03
   2.0000000E-01   4.8876483E+04   2.0976621E+04   6.9821274E+04   2.3156406E-03   2.2957584E-03   9.8838571E-04
   2.5000000E-01   3.8795609E+04   1.4986029E+04   5.3781638E+04   5.5438152E-03   1.0805676E-03   3.7211485E-03
   3.0000000E-01   3.2626763E+04   1.0971081E+04   4.3597844E+04   5.5380039E-03   6.0281487E-04   4.1868594E-03
   3.5000000E-01   2.8120405E+04   7.8031395E+03   3.5923544E+04   4.4479660E-03   2.9461108E-03   3.1951472E-03
   4.0000000E-01   2.4326833E+04   6.5810569E+03   3.0899932E+04   1.7906299E-03   1.5463758E-03   1.6542746E-03
   4.5000000E-01   2.1623852E+04   4.8170896E+03   2.6440941E+04   2.8959953E-03   2.5097955E-04   2.3683892E-03
   5.0000000E-01   1.9849805E+04   3.9788736E+03   2.3828678E+04   1.6648241E-03   2.1894441E-03   1.7300702E-03
   5.5000000E-01   1.8450398E+04   3.2814856E+03   2.1726097E+04   3.0711501E-03   1.3158076E-03   2.7767691E-03
   6.0000000E-01   1.6377044E+04   2.2759157E+03   1.8652959E+04   2.7528581E-03   5.3275628E-04   2.4696318E-03
   6.5000000E-01   1.4940976E+04   1.9049622E+03   1.6845939E+04   2.2872106E-03   5.6526029E-04   2.0704359E-03
   7.0000000E-01   1.3660041E+04   1.4005635E+03   1.5060605E+04   6.5304590E-04   3.1762455E-03   8.6924009E-04
   7.5000000E-01   1.1921766E+04   1.0313240E+03   1.2953090E+04   1.9758903E-03   1.0925190E-03   1.7785565E-03
   8.0000000E-01   1.0034719E+04   6.9630288E+02   1.0727043E+04   1.1948773E-03   1.0915868E-03   1.0537911E-03
   8.5000000E-01   9.5530414E+03   5.6921297E+02   1.0122254E+04   1.3397478E-03   2.6045104E-03   1.3667286E-03
   9.0000000E-01   7.6500476E+03   4.5624417E+02   8.1062918E+03   9.2988695E-04   6.3228192E-03   7.1692800E-04
   9.5000000E-01   5.7597336E+03   2.1108971E+02   5.9708233E+03   1.2743916E-03   1.2061712E-05   1.2292950E-03
   1.0000000E+00   2.2446742E+03   8.1738835E+01   2.3264130E+03   6.2891629E-03   1.3558284E-05   6.0684482E-03
