   0.0000000E+00   1.1555413E+07   9.7428290E+06   2.1267175E+07   1.5783016E-03   1.3177735E-04   8.9976979E-04
   5.0000000E-02   4.0508116E+05   2.0677410E+05   6.1185526E+05   1.7333311E-03   8.1049924E-04   1.4182255E-03
   1.0000000E-01   1.2563691E+05   6.7099724E+04   1.9270481E+05   8.5826769E-03   1.8968429E-03   6.2467857E-03
   1.5000000E-01   7.2574654E+04   3.6520754E+04   1.0909541E+05   2.4814286E-03   1.0686859E-03   1.5318283E-03
   2.0000000E-01   4.6282257E+04   2.3411692E+04   6.9693950E+04   6.3842387E-03   7.0730874E-04   4.4737713E-03
   2.5000000E-01   3.1792791E+04   1.5673579E+04   4.7428173E+04   5.4010965E-03   1.4271467E-03   3.6322782E-03
   3.0000000E-01   2.4541692E+04   1.0673992E+04   3.5215684E+04   3.9274406E-03   3.0108390E-03   3.5541921E-03
   3.5000000E-01   1.9507849E+04   6.9391555E+03   2.6437910E+04   1.0827268E-03   2.8134640E-03   1.1955665E-03
   4.0000000E-01   1.4928734E+04   5.0372539E+03   1.9965988E+04   4.7226484E-03   1.7839991E-03   3.6974399E-03
   4.5000000E-01   1.2583851E+04   3.2609079E+03   1.5844759E+04   4.3191216E-03   4.6834713E-03   4.0317086E-03
   5.0000000E-01   1.1853860E+04   2.5082819E+03   1.4368508E+04   1.8457206E-03   3.6010661E-03   1.6762583E-03
   5.5000000E-01   1.0319028E+04   1.7072985E+03   1.2020539E+04   2.5125582E-03   1.8631039E-03   2.2741018E-03
   6.0000000E-01   9.3264797E+03   1.0557278E+03   1.0382207E+04   1.2308443E-03   2.8690209E-03   9.3695828E-04
   6.5000000E-01   8.7069997E+03   7.3456128E+02   9.4366639E+03   3.4109648E-03   7.3805254E-03   3.5802758E-03
   7.0000000E-01   8.1396385E+03   4.5472841E+02   8.5943669E+03   1.1211959E-03   2.2207107E-04   1.0684327E-03
   7.5000000E-01   7.5842636E+03   3.6499534E+02   7.9492589E+03   6.0941272E-04   9.0910216E-03   9.9136798E-04
   8.0000000E-01   7.0465851E+03   2.0690143E+02   7.2534865E+03   2.0758142E-03   1.2895010E-02   2.3276296E-03
   8.5000000E-01   6.1115498E+03   1.1608949E+02   6.2276393E+03   4.3796022E-04   2.3875988E-06   4.2983840E-04
   9.0000000E-01   5.1601569E+03   9.5492966E+01   5.2556499E+03   2.2695753E-03   2.1753594E-02   1.8696348E-03
   9.5000000E-01   3.5081100E+03   4.0207565E+01   3.5483176E+03   1.2698771E-03   5.7646571E-02   6.2199747E-04
   1.0000000E+00   1.3706974E+03   1.2575205E+01   1.3832726E+03   2.2448838E-03   3.1105842E-06   2.2245026E-03
