   0.0000000E+00   1.0381486E+07   1.0443111E+07   2.0763990E+07   8.1088563E-03   6.0166305E-04   4.3312566E-03
   5.0000000E-02   2.7164566E+05   1.0574254E+05   3.7726088E+05   6.9346993E-02   4.5759431E-03   5.1262506E-02
   1.0000000E-01   1.1131297E+05   4.5422821E+04   1.5664029E+05   6.0170127E-02   9.0695106E-03   4.5361942E-02
   1.5000000E-01   6.9158128E+04   2.7459533E+04   9.6596440E+04   6.3336895E-02   7.3955419E-03   4.7434191E-02
   2.0000000E-01   4.7571412E+04   1.7554790E+04   6.5110287E+04   5.3801782E-02   1.4398958E-03   3.9682332E-02
   2.5000000E-01   3.8057130E+04   1.2681466E+04   5.0738596E+04   5.6858437E-02   7.2501859E-03   4.4458678E-02
   3.0000000E-01   2.8605448E+04   9.7827238E+03   3.8366952E+04   5.6712434E-02   1.9107280E-03   4.2585890E-02
   3.5000000E-01   2.4036944E+04   7.4029785E+03   3.1421733E+04   5.3411658E-02   3.3757866E-03   4.1617894E-02
   4.0000000E-01   2.1024368E+04   5.6340850E+03   2.6658453E+04   4.7275039E-02   4.1914924E-03   3.8105650E-02
   4.5000000E-01   1.7705103E+04   4.5907359E+03   2.2288766E+04   4.9058568E-02   1.5401374E-03   3.9281453E-02
   5.0000000E-01   1.5788170E+04   3.7242257E+03   1.9512396E+04   5.3020317E-02   5.2383762E-03   4.3893883E-02
   5.5000000E-01   1.3675750E+04   3.0673498E+03   1.6743100E+04   4.3575425E-02   1.8926067E-03   3.5759020E-02
   6.0000000E-01   1.1947231E+04   2.2016434E+03   1.4148874E+04   3.9667786E-02   6.2652105E-03   3.4469215E-02
   6.5000000E-01   1.0553197E+04   2.0420803E+03   1.2585483E+04   3.9192368E-02   1.7354447E-03   3.2964575E-02
   7.0000000E-01   9.1991557E+03   1.5506239E+03   1.0754327E+04   3.1686708E-02   3.0862679E-04   2.7073374E-02
   7.5000000E-01   7.7752495E+03   1.1204508E+03   8.8872120E+03   3.3077330E-02   1.4322316E-04   2.8951740E-02
   8.0000000E-01   6.8635569E+03   8.7933106E+02   7.7428880E+03   3.4039902E-02   1.1784393E-03   3.0307947E-02
   8.5000000E-01   5.7145987E+03   6.6283353E+02   6.3774322E+03   2.7581929E-02   2.8960119E-05   2.4717688E-02
   9.0000000E-01   4.6367140E+03   4.5978095E+02   5.0964950E+03   2.9992876E-02   1.2376605E-03   2.7214523E-02
   9.5000000E-01   2.9887623E+03   3.3171241E+02   3.3204747E+03   2.3367841E-02   4.1692007E-03   2.0890234E-02
   1.0000000E+00   1.0563173E+03   1.5090246E+02   1.2072197E+03   2.4275115E-02   1.5147534E-05   2.1242615E-02
