   0.0000000E+00   7.5070204E+06   1.0819990E+07   1.8268950E+07   4.0680478E-03   2.9201398E-04   1.8443886E-03
   5.0000000E-02   2.1027551E+05   1.2770593E+05   3.3779045E+05   3.0123559E-02   8.4053650E-03   2.1803164E-02
   1.0000000E-01   1.2028931E+05   5.5767892E+04   1.7599354E+05   2.6289104E-02   7.7700564E-03   2.0429952E-02
   1.5000000E-01   8.5625359E+04   3.1300472E+04   1.1686217E+05   2.0158451E-02   3.7949826E-03   1.5742546E-02
   2.0000000E-01   6.4680569E+04   2.0642396E+04   8.5291134E+04   1.9406500E-02   4.7062217E-03   1.5838917E-02
   2.5000000E-01   5.5487779E+04   1.4183889E+04   6.9633471E+04   1.7301849E-02   2.1271909E-03   1.4220287E-02
   3.0000000E-01   4.7544887E+04   1.0663381E+04   5.8176437E+04   1.6801742E-02   2.1146246E-03   1.4099693E-02
   3.5000000E-01   3.8833806E+04   7.6303427E+03   4.6445960E+04   1.3124257E-02   2.5735746E-03   1.1395818E-02
   4.0000000E-01   3.5419933E+04   5.4669723E+03   4.0878947E+04   1.0129178E-02   5.3272862E-04   8.7101936E-03
   4.5000000E-01   3.0557749E+04   4.4068235E+03   3.4936278E+04   1.2283492E-02   1.9095880E-03   1.0981960E-02
   5.0000000E-01   2.7170932E+04   3.3231552E+03   3.0474989E+04   8.4182544E-03   6.0405056E-04   7.4052194E-03
   5.5000000E-01   1.8502486E+04   2.1124202E+03   2.0609118E+04   1.1298247E-02   2.8656088E-03   1.0434035E-02
   6.0000000E-01   1.0514837E+04   8.0638504E+02   1.1315916E+04   1.3636033E-02   4.9650430E-03   1.2808462E-02
   6.5000000E-01   7.2133917E+03   3.2810404E+02   7.5414958E+03   2.2264778E-02   5.1462935E-06   2.1295931E-02
   7.0000000E-01   5.1975457E+03   2.6374248E+02   5.4612882E+03   1.5030865E-02   6.6449330E-03   1.4625869E-02
   7.5000000E-01   3.8069862E+03   1.3581222E+02   3.9427985E+03   2.0567499E-02   3.8042927E-06   1.9858962E-02
   8.0000000E-01   2.6300354E+03   1.1140846E+02   2.7414439E+03   2.8980510E-02   1.0279538E-02   2.7411505E-02
   8.5000000E-01   2.0072247E+03   6.7406799E+01   2.0746315E+03   1.3439073E-02   6.5561810E-06   1.3002278E-02
   9.0000000E-01   1.2767763E+03   4.9514871E+01   1.3262912E+03   3.0644674E-02   4.4959975E-05   2.9502281E-02
   9.5000000E-01   6.8017797E+02   2.0103782E+01   7.0028175E+02   1.7691243E-02   1.0120346E-04   1.7180506E-02
   1.0000000E+00   2.2635370E+02   6.2876027E+00   2.3264130E+02   4.3205391E-02   1.8431382E-06   4.2037723E-02
