   0.0000000E+00   2.0863812E+07   1.1671023E+07   3.2402419E+07   1.3685223E-03   6.5689082E-04   1.1158480E-03
   5.0000000E-02   1.6265635E+05   7.9386486E+04   2.4204284E+05   2.8277067E-02   2.5038997E-02   2.6864771E-02
   1.0000000E-01   6.1847611E+04   2.8043101E+04   8.9795219E+04   2.1393912E-02   1.6568061E-02   1.9956175E-02
   1.5000000E-01   3.8600379E+04   1.6594555E+04   5.5194934E+04   2.2854580E-02   1.7768188E-02   2.1126549E-02
   2.0000000E-01   2.6403805E+04   1.1650142E+04   3.8053947E+04   2.6834320E-02   1.3158732E-02   2.2475685E-02
   2.5000000E-01   2.1250368E+04   8.7089585E+03   2.9959326E+04   2.3780518E-02   3.1732319E-02   2.5942124E-02
   3.0000000E-01   1.7146293E+04   7.4590617E+03   2.4605354E+04   2.7693572E-02   1.1523989E-02   2.2430415E-02
   3.5000000E-01   1.4451269E+04   5.8023345E+03   2.0253603E+04   2.3182855E-02   2.4199312E-02   2.3259240E-02
   4.0000000E-01   1.1960494E+04   4.7985215E+03   1.6759016E+04   2.3527795E-02   1.5454306E-02   2.1154378E-02
   4.5000000E-01   1.0284946E+04   4.1097343E+03   1.4394680E+04   2.4305158E-02   2.6694222E-02   2.4610878E-02
   5.0000000E-01   8.6261979E+03   3.1385355E+03   1.1764733E+04   2.9099863E-02   7.5257439E-03   2.3320985E-02
   5.5000000E-01   7.5526255E+03   2.6101411E+03   1.0168554E+04   2.7946339E-02   1.9577478E-02   2.4429472E-02
   6.0000000E-01   6.5412682E+03   2.2759157E+03   8.8171838E+03   1.3981508E-02   3.3108368E-02   1.8858183E-02
   6.5000000E-01   5.3182236E+03   2.1351248E+03   7.4533484E+03   3.1390096E-02   2.0328923E-02   2.8216328E-02
   7.0000000E-01   4.7064390E+03   1.6552114E+03   6.3616504E+03   2.4386636E-02   1.2875574E-02   2.0518222E-02
   7.5000000E-01   4.3459910E+03   1.4005635E+03   5.7465545E+03   2.5584174E-02   1.0079904E-02   2.1659380E-02
   8.0000000E-01   3.5650707E+03   1.0862325E+03   4.6513032E+03   1.9332111E-02   2.2041171E-02   1.9895922E-02
   8.5000000E-01   2.8647890E+03   9.0250215E+02   3.7672911E+03   2.0410922E-02   1.6836287E-02   1.8785754E-02
   9.0000000E-01   2.0548672E+03   6.8967142E+02   2.7445386E+03   2.2272058E-02   2.3406098E-02   2.2554323E-02
   9.5000000E-01   1.4407711E+03   4.4563384E+02   1.8864049E+03   3.2025666E-02   9.7448896E-03   2.6448753E-02
   1.0000000E+00   4.4013219E+02   1.8234048E+02   6.2247267E+02   5.1136002E-02   9.4814114E-02   6.3604601E-02
