   0.0000000E+00   2.5134258E+07   1.3133211E+07   3.8190565E+07   3.4676310E-05   2.7104241E-04   1.1320927E-04
   5.0000000E-02   1.6857692E+05   8.2187613E+04   2.5070087E+05   6.6089466E-04   2.4825250E-03   1.2218823E-03
   1.0000000E-01   4.2780849E+04   1.9321410E+04   6.2102259E+04   5.3634931E-03   1.8748680E-03   3.1138214E-03
   1.5000000E-01   2.4573523E+04   1.2095776E+04   3.6669299E+04   9.6129778E-03   4.9580082E-03   4.8548875E-03
   2.0000000E-01   1.7347889E+04   7.7985922E+03   2.5146481E+04   2.1739041E-03   6.9836206E-03   2.1448072E-03
   2.5000000E-01   1.3763719E+04   6.0860850E+03   1.9849805E+04   4.9652602E-03   6.9216983E-03   3.4412171E-03
   3.0000000E-01   1.0620940E+04   5.2839441E+03   1.5904884E+04   4.9100438E-04   1.1061097E-02   3.4109186E-03
   3.5000000E-01   8.8581094E+03   3.6923947E+03   1.2550504E+04   8.0948536E-03   7.4096387E-03   7.6113105E-03
   4.0000000E-01   7.5837330E+03   3.1671834E+03   1.0750916E+04   3.0460950E-03   1.8091738E-02   4.2828448E-03
   4.5000000E-01   6.2459473E+03   2.6172146E+03   8.8631619E+03   1.3234920E-02   9.2223863E-03   8.6518475E-03
   5.0000000E-01   5.3348737E+03   2.3045636E+03   7.6394373E+03   1.0726384E-02   8.1589276E-03   6.3395023E-03
   5.5000000E-01   4.6820491E+03   1.9966711E+03   6.6787202E+03   7.9483669E-03   7.1810098E-03   7.5272902E-03
   6.0000000E-01   4.0319252E+03   1.6074649E+03   5.6393902E+03   1.0322043E-02   9.0824853E-03   8.8517593E-03
   6.5000000E-01   3.4573351E+03   1.2438571E+03   4.7011922E+03   1.3839959E-03   6.5280286E-03   1.0309516E-03
   7.0000000E-01   2.9329982E+03   1.1913884E+03   4.1243867E+03   9.1443927E-03   1.7249601E-02   2.6075528E-03
   7.5000000E-01   2.7035120E+03   1.0355682E+03   3.7390801E+03   1.0278733E-02   1.9051015E-02   8.4139101E-03
   8.0000000E-01   2.0570776E+03   8.4750007E+02   2.9045777E+03   1.4486971E-02   1.6511195E-02   6.3635369E-03
   8.5000000E-01   1.7188734E+03   7.6019890E+02   2.4790723E+03   1.9060790E-02   1.4344065E-02   1.1690504E-02
   9.0000000E-01   1.3722693E+03   5.4466358E+02   1.9169329E+03   9.1753428E-03   2.0381620E-02   1.2268415E-02
   9.5000000E-01   8.0750192E+02   2.7810232E+02   1.0856042E+03   3.1307510E-03   4.6743442E-03   1.9432738E-03
   1.0000000E+00   2.9551733E+02   1.1317685E+02   4.0869417E+02   3.4674671E-02   2.8961646E-02   2.4626332E-02
