   0.0000000E+00   3.3121544E+07   1.6791483E+07   4.9157232E+07   9.3379556E-06   3.6401151E-10   6.2919251E-06
   5.0000000E-02   1.4642255E+03   4.4563384E+02   1.9098593E+03   1.8648966E-01   7.5670889E-06   1.4297717E-01
   1.0000000E-01   9.2309867E+02   2.2281692E+02   1.1459156E+03   1.9672687E-01   1.6543385E-06   1.5847475E-01
   1.5000000E-01   3.3953055E+02   1.4854461E+02   4.8807516E+02   1.3622002E-01   4.5352852E-06   9.4760372E-02
   2.0000000E-01   2.5464791E+02   7.9577472E+01   3.3422538E+02   2.5855693E-01   4.6308980E-06   1.9699466E-01
   2.5000000E-01   3.1830989E+02   7.6394373E+01   3.9470426E+02   1.9009577E-01   2.1223837E-06   1.5330263E-01
   3.0000000E-01   2.7586857E+02   3.1830989E+01   3.0769956E+02   2.5791458E-01   8.3752508E-07   2.3123368E-01
   3.5000000E-01   1.9098593E+02   3.6378273E+01   2.2736420E+02   2.3183203E-01   1.0682194E-01   2.1183042E-01
   4.0000000E-01   1.2732395E+02   2.3873241E+01   1.5119720E+02   2.1176233E-01   1.4203908E-06   1.7832640E-01
   4.5000000E-01   1.0610330E+02   1.4147106E+01   1.2025040E+02   1.5409443E-01   1.9774319E-05   1.3596800E-01
   5.0000000E-01   7.0028175E+01   1.9098593E+01   8.9126768E+01   1.8539309E-01   1.5772067E-05   1.4566262E-01
   5.5000000E-01   5.2087072E+01   0.0000000E+00   5.2087072E+01   7.0449498E-02   0.0000000E+00   7.0449498E-02
   6.0000000E-01   9.0187801E+01   1.5915494E+01   1.0610330E+02   2.3584130E-01   3.1629641E-06   2.0046463E-01
   6.5000000E-01   7.8353203E+01   1.4691226E+01   9.3044428E+01   1.8189556E-01   7.5468420E-07   1.5317533E-01
   7.0000000E-01   7.7303830E+01   1.3641852E+01   9.0945682E+01   2.0209716E-01   8.5826858E-06   1.7178387E-01
   7.5000000E-01   1.2732395E+01   0.0000000E+00   1.2732395E+01   3.7691065E-01   0.0000000E+00   3.7691065E-01
   8.0000000E-01   3.1830989E+01   3.9788736E+00   3.5809862E+01   1.1690081E-01   2.0164904E-05   1.0390959E-01
   8.5000000E-01   2.9958578E+01   0.0000000E+00   2.9958578E+01   1.7428497E-01   0.0000000E+00   1.7428497E-01
   9.0000000E-01   1.4147106E+01   3.5367765E+00   1.7683883E+01   1.9998171E-01   4.6475474E-06   1.5998443E-01
   9.5000000E-01   2.6805043E+01   3.3506304E+00   3.0155673E+01   1.9906216E-01   5.1585811E-06   1.7694471E-01
   1.0000000E+00   6.2876027E+00   0.0000000E+00   6.2876027E+00   4.2598502E-01   0.0000000E+00   4.2598502E-01
