   0.0000000E+00   3.2343340E+07   1.6431411E+07   4.8200266E+07   2.0378568E-03   6.7238173E-08   1.3576561E-03
   5.0000000E-02   8.6707613E+04   2.0881129E+04   1.0758874E+05   2.4277003E-01   2.9972015E-06   1.9565195E-01
   1.0000000E-01   2.1040283E+04   6.6208456E+03   2.7629298E+04   2.8558793E-01   9.7604513E-06   2.1730623E-01
   1.5000000E-01   4.3714558E+03   1.4430048E+03   5.8144606E+03   3.2470327E-01   7.9633630E-06   2.4411800E-01
   2.0000000E-01   8.9126768E+02   3.1830989E+02   1.2095776E+03   3.7458501E-01   6.5557357E-06   2.7601173E-01
   2.5000000E-01   2.1645072E+02   2.5464791E+01   2.4191551E+02   3.4720133E-01   6.2380344E-06   3.1065443E-01
   3.0000000E-01   2.1220659E+01   0.0000000E+00   2.1220659E+01   3.9492489E-01   0.0000000E+00   3.9492489E-01
   3.5000000E-01   0.0000000E+00   0.0000000E+00   0.0000000E+00   0.0000000E+00   0.0000000E+00   0.0000000E+00
   4.0000000E-01   0.0000000E+00   0.0000000E+00   0.0000000E+00   0.0000000E+00   0.0000000E+00   0.0000000E+00
   4.5000000E-01   0.0000000E+00   0.0000000E+00   0.0000000E+00   0.0000000E+00   0.0000000E+00   0.0000000E+00
   5.0000000E-01   0.0000000E+00   0.0000000E+00   0.0000000E+00   0.0000000E+00   0.0000000E+00   0.0000000E+00
   5.5000000E-01   0.0000000E+00   0.0000000E+00   0.0000000E+00   0.0000000E+00   0.0000000E+00   0.0000000E+00
   6.0000000E-01   0.0000000E+00   0.0000000E+00   0.0000000E+00   0.0000000E+00   0.0000000E+00   0.0000000E+00
   6.5000000E-01   0.0000000E+00   0.0000000E+00   0.0000000E+00   0.0000000E+00   0.0000000E+00   0.0000000E+00
   7.0000000E-01   0.0000000E+00   0.0000000E+00   0.0000000E+00   0.0000000E+00   0.0000000E+00   0.0000000E+00
   7.5000000E-01   0.0000000E+00   0.0000000E+00   0.0000000E+00   0.0000000E+00   0.0000000E+00   0.0000000E+00
   8.0000000E-01   0.0000000E+00   0.0000000E+00   0.0000000E+00   0.0000000E+00   0.0000000E+00   0.0000000E+00
   8.5000000E-01   0.0000000E+00   0.0000000E+00   0.0000000E+00   0.0000000E+00   0.0000000E+00   0.0000000E+00
   9.0000000E-01   0.0000000E+00   0.0000000E+00   0.0000000E+00   0.0000000E+00   0.0000000E+00   0.0000000E+00
   9.5000000E-01   0.0000000E+00   0.0000000E+00   0.0000000E+00   0.0000000E+00   0.0000000E+00   0.0000000E+00
   1.0000000E+00   0.0000000E+00   0.0000000E+00   0.0000000E+00   0.0000000E+00   0.0000000E+00   0.0000000E+00
