   0.0000000E+00   3.2315329E+07   1.6662631E+07   4.8374445E+07   7.4714114E-04   7.4816009E-10   4.9066315E-04
   5.0000000E-02   4.2589863E+04   1.1140846E+04   5.3730709E+04   2.0786202E-01   4.5565841E-06   1.6476173E-01
   1.0000000E-01   1.6329297E+04   4.2971835E+03   2.0594650E+04   2.5122828E-01   6.2068874E-05   1.9920944E-01
   1.5000000E-01   7.1725828E+03   1.5703288E+03   8.7429115E+03   2.6139378E-01   3.0867921E-06   2.1444496E-01
   2.0000000E-01   3.2467608E+03   6.8436626E+02   3.9311271E+03   2.8803426E-01   5.8669321E-06   2.3788962E-01
   2.5000000E-01   1.6297466E+03   4.7109863E+02   2.1008452E+03   3.1623040E-01   2.8823638E-04   2.4525349E-01
   3.0000000E-01   7.8516439E+02   2.0159626E+02   9.8676065E+02   3.4605431E-01   2.1029843E-05   2.7535934E-01
   3.5000000E-01   3.4559359E+02   6.3661977E+01   4.0925557E+02   3.2248628E-01   1.0129146E-05   2.7232018E-01
   4.0000000E-01   1.1140846E+02   7.1619724E+01   1.8302818E+02   3.6955847E-01   2.8174779E-06   2.2494753E-01
   4.5000000E-01   4.9514871E+01   1.4147106E+01   6.3661977E+01   3.1869464E-01   5.4582874E-05   2.4788574E-01
   5.0000000E-01   4.4563384E+01   6.3661977E+00   5.0929582E+01   2.7277196E-01   5.2235323E-06   2.3867481E-01
   5.5000000E-01   2.8937262E+01   5.7874525E+00   3.4724715E+01   3.2741391E-01   9.2442227E-07   2.7284508E-01
   6.0000000E-01   0.0000000E+00   5.3051648E+00   5.3051648E+00   0.0000000E+00   5.1947045E-06   5.1947045E-06
   6.5000000E-01   0.0000000E+00   0.0000000E+00   0.0000000E+00   0.0000000E+00   0.0000000E+00   0.0000000E+00
   7.0000000E-01   4.5472841E+00   0.0000000E+00   4.5472841E+00   4.3386703E-05   0.0000000E+00   4.3386703E-05
   7.5000000E-01   4.2441318E+00   0.0000000E+00   4.2441318E+00   8.2840954E-07   0.0000000E+00   8.2840954E-07
   8.0000000E-01   0.0000000E+00   0.0000000E+00   0.0000000E+00   0.0000000E+00   0.0000000E+00   0.0000000E+00
   8.5000000E-01   1.1234467E+01   0.0000000E+00   1.1234467E+01   1.4775114E-06   0.0000000E+00   1.4775114E-06
   9.0000000E-01   1.0610330E+01   0.0000000E+00   1.0610330E+01   3.2092781E-06   0.0000000E+00   3.2092781E-06
   9.5000000E-01   3.3506304E+00   0.0000000E+00   3.3506304E+00   8.4581754E-06   0.0000000E+00   8.4581754E-06
   1.0000000E+00   0.0000000E+00   0.0000000E+00   0.0000000E+00   0.0000000E+00   0.0000000E+00   0.0000000E+00
