   0.0000000E+00   9.2834442E+06   1.0823045E+07   2.0057597E+07   2.3118139E-03   3.8236562E-04   1.2670561E-03
   5.0000000E-02   1.5711776E+05   9.3455783E+04   2.5057354E+05   4.3306840E-02   1.1578828E-02   3.1470290E-02
   1.0000000E-01   8.1200852E+04   4.1921412E+04   1.2312226E+05   2.9741255E-02   7.3180985E-03   2.2098144E-02
   1.5000000E-01   5.6553056E+04   2.3682256E+04   8.0235312E+04   3.0098151E-02   1.0165075E-02   2.4171256E-02
   2.0000000E-01   4.5868455E+04   1.6727185E+04   6.2595639E+04   2.6978056E-02   6.9323822E-03   2.1601063E-02
   2.5000000E-01   3.7089468E+04   1.2197635E+04   4.9261638E+04   3.0978723E-02   7.2141626E-03   2.5016062E-02
   3.0000000E-01   3.3114838E+04   9.3583107E+03   4.2451928E+04   2.7988434E-02   6.3018345E-03   2.3217264E-02
   3.5000000E-01   2.7538352E+04   6.6481293E+03   3.4177387E+04   2.8950487E-02   5.5479381E-03   2.4335981E-02
   4.0000000E-01   2.4788382E+04   5.6261272E+03   3.0414510E+04   3.1953067E-02   6.0920242E-03   2.7167100E-02
   4.5000000E-01   2.1142850E+04   4.8170896E+03   2.5959940E+04   3.3072410E-02   4.1420680E-03   2.7704127E-02
   5.0000000E-01   1.9620621E+04   3.7369581E+03   2.3357579E+04   3.0262339E-02   7.6986335E-03   2.6650363E-02
   5.5000000E-01   1.6841487E+04   2.8879388E+03   1.9723638E+04   2.9196033E-02   8.0063982E-03   2.6031642E-02
   6.0000000E-01   1.5602490E+04   2.5836152E+03   1.8180800E+04   3.0621480E-02   7.4695110E-03   2.7223391E-02
   6.5000000E-01   1.3623663E+04   2.0910511E+03   1.5714714E+04   2.2519707E-02   7.6983664E-03   2.0374662E-02
   7.0000000E-01   1.2741490E+04   1.5870021E+03   1.4328492E+04   2.7853888E-02   4.2348050E-03   2.5203205E-02
   7.5000000E-01   1.1454912E+04   1.3920752E+03   1.2846987E+04   2.7661714E-02   6.7791318E-03   2.5349817E-02
   8.0000000E-01   9.0758106E+03   9.6686628E+02   1.0042677E+04   2.3386458E-02   2.0033877E-03   2.1260325E-02
   8.5000000E-01   5.7033642E+03   5.1304064E+02   6.2164048E+03   3.3456746E-02   1.0799165E-02   3.1586746E-02
   9.0000000E-01   3.2785918E+03   2.4757436E+02   3.5261662E+03   3.9155703E-02   5.7948003E-03   3.6807268E-02
   9.5000000E-01   1.8495480E+03   1.4072648E+02   1.9902744E+03   4.5145644E-02   1.1619265E-02   4.2574783E-02
   1.0000000E+00   6.7277349E+02   2.5150411E+01   6.9792390E+02   5.1650215E-02   3.1085047E-06   4.9788834E-02
