   0.0000000E+00   2.9655786E+07   1.6100878E+07   4.5194911E+07   4.3166282E-04   1.5737051E-04   3.3686682E-04
   5.0000000E-02   3.8833806E+04   1.1331832E+04   5.0165638E+04   1.4202500E-01   6.3522860E-02   1.2429204E-01
   1.0000000E-01   1.9894368E+04   5.9523949E+03   2.5846763E+04   1.4304127E-01   9.6798515E-02   1.3239149E-01
   1.5000000E-01   1.1968452E+04   3.6287327E+03   1.5575964E+04   1.3650897E-01   3.4831200E-02   1.1275808E-01
   2.0000000E-01   9.1991557E+03   2.1645072E+03   1.1363663E+04   1.5480868E-01   5.5268373E-02   1.3583740E-01
   2.5000000E-01   6.9900851E+03   1.7061410E+03   8.6962261E+03   1.5746886E-01   8.0453924E-02   1.4235847E-01
   3.0000000E-01   5.1353995E+03   1.2838499E+03   6.4192494E+03   1.4797667E-01   4.2701457E-02   1.2691369E-01
   3.5000000E-01   4.3472036E+03   8.0941657E+02   5.1566202E+03   1.5306801E-01   5.3375576E-02   1.3741932E-01
   4.0000000E-01   4.0027468E+03   5.9683104E+02   4.5995779E+03   1.5932710E-01   7.6067530E-02   1.4852092E-01
   4.5000000E-01   2.8860096E+03   5.5881069E+02   3.4448203E+03   1.4026714E-01   5.3778447E-02   1.2623714E-01
   5.0000000E-01   2.6929016E+03   4.9019722E+02   3.1830989E+03   1.3080073E-01   9.0353478E-02   1.2456483E-01
   5.5000000E-01   2.2339567E+03   3.9933422E+02   2.6332909E+03   1.3564994E-01   3.6888892E-02   1.2064644E-01
   6.0000000E-01   1.7772302E+03   2.7056340E+02   2.0477936E+03   1.5684072E-01   2.6910552E-02   1.3858376E-01
   6.5000000E-01   1.4838138E+03   2.6444206E+02   1.7482558E+03   1.3874646E-01   3.7917715E-02   1.2349268E-01
   7.0000000E-01   1.3596379E+03   2.0917507E+02   1.5688130E+03   1.4036299E-01   5.6707564E-02   1.2918598E-01
   7.5000000E-01   1.0992301E+03   1.7825354E+02   1.2774837E+03   1.2381262E-01   2.6552184E-02   1.1023888E-01
   8.0000000E-01   8.6739444E+02   1.3926058E+02   1.0066550E+03   1.3573286E-01   2.1706259E-02   1.1995747E-01
   8.5000000E-01   6.5534388E+02   8.6130910E+01   7.4147479E+02   1.1560821E-01   1.8020375E-06   1.0217918E-01
   9.0000000E-01   5.7649457E+02   5.3051648E+01   6.2954622E+02   1.5361425E-01   2.3657871E-02   1.4266284E-01
   9.5000000E-01   3.1495926E+02   5.6960716E+01   3.7191997E+02   1.3359486E-01   4.1828605E-02   1.1903399E-01
   1.0000000E+00   1.6976527E+02   1.2575205E+01   1.8234048E+02   1.7083120E-01   6.3789749E-06   1.5905018E-01
