   0.0000000E+00   2.4754323E+07   1.5062424E+07   3.9493344E+07   1.3130265E-03   2.6131077E-04   9.1883124E-04
   5.0000000E-02   9.0145360E+04   3.1130707E+04   1.2127607E+05   1.2666706E-01   4.3274470E-02   1.0526031E-01
   1.0000000E-01   4.4658877E+04   1.3018874E+04   5.7677751E+04   1.3569288E-01   3.9473921E-02   1.1395489E-01
   1.5000000E-01   2.8350801E+04   7.4908927E+03   3.5841693E+04   1.2774591E-01   3.4802878E-02   1.0832014E-01
   2.0000000E-01   1.9942114E+04   5.3953526E+03   2.5337467E+04   1.3533424E-01   2.6152343E-02   1.1206854E-01
   2.5000000E-01   1.5546255E+04   3.8833806E+03   1.9416903E+04   1.2866388E-01   2.8161183E-02   1.0859848E-01
   3.0000000E-01   1.1766855E+04   2.7162444E+03   1.4483100E+04   1.2858070E-01   2.2111409E-02   1.0861136E-01
   3.5000000E-01   1.0340524E+04   2.2372638E+03   1.2577788E+04   1.2413651E-01   1.9956848E-02   1.0559727E-01
   4.0000000E-01   8.5704937E+03   1.4403522E+03   9.9949304E+03   1.2116245E-01   1.8249048E-02   1.0651588E-01
   4.5000000E-01   6.9533026E+03   1.2025040E+03   8.1558066E+03   1.3469823E-01   1.9096777E-02   1.1763807E-01
   5.0000000E-01   6.3280005E+03   1.0440564E+03   7.3720570E+03   1.1636810E-01   1.6656347E-02   1.0224601E-01
   5.5000000E-01   5.2029198E+03   7.3500646E+02   5.9379262E+03   1.1800662E-01   5.7900334E-03   1.0411487E-01
   6.0000000E-01   4.2282163E+03   6.0478878E+02   4.8330051E+03   1.0820749E-01   1.8100024E-02   9.6909309E-02
   6.5000000E-01   3.8344099E+03   4.8970752E+02   4.3241174E+03   1.1314603E-01   1.7152456E-02   1.0227458E-01
   7.0000000E-01   3.3513484E+03   3.0466803E+02   3.6560164E+03   9.9856820E-02   7.7118589E-03   9.1988894E-02
   7.5000000E-01   2.7799063E+03   2.8435683E+02   3.0642632E+03   9.2721494E-02   7.7699963E-03   8.4837926E-02
   8.0000000E-01   2.2719368E+03   2.5464791E+02   2.5265847E+03   1.0409437E-01   1.0236017E-03   9.3705781E-02
   8.5000000E-01   1.9697765E+03   1.7226182E+02   2.1420383E+03   8.6483101E-02   7.3769736E-03   7.9037242E-02
   9.0000000E-01   1.5208139E+03   1.5208139E+02   1.6728953E+03   7.9127490E-02   1.5293995E-05   7.1932954E-02
   9.5000000E-01   6.7682734E+02   9.3817651E+01   7.7064499E+02   5.9399287E-02   1.3704707E-02   5.3276722E-02
   1.0000000E+00   3.2066774E+02   1.8862808E+01   3.3953055E+02   5.8299858E-02   4.9260294E-06   5.5061250E-02
