   0.0000000E+00   3.0630069E+07   1.6260288E+07   4.6264432E+07   5.4323793E-04   1.0556647E-08   3.5679177E-04
   5.0000000E-02   3.7815214E+04   9.4219726E+03   4.7237187E+04   1.8013188E-01   3.7235141E-06   1.4420335E-01
   1.0000000E-01   1.7984509E+04   4.4881694E+03   2.2472678E+04   1.8289870E-01   5.0222429E-07   1.4637067E-01
   1.5000000E-01   1.0907419E+04   2.9072303E+03   1.3814649E+04   2.0229227E-01   4.2029210E-06   1.5971989E-01
   2.0000000E-01   7.6394373E+03   1.8621128E+03   9.5015501E+03   2.1466144E-01   4.5301371E-06   1.7259298E-01
   2.5000000E-01   5.6404512E+03   1.4642255E+03   7.1046767E+03   2.2094850E-01   3.1387481E-06   1.7541187E-01
   3.0000000E-01   3.7878876E+03   1.1034743E+03   4.8913619E+03   2.2840329E-01   7.7837081E-06   1.7687804E-01
   3.5000000E-01   3.1194369E+03   9.7311879E+02   4.0925557E+03   2.4737515E-01   2.2307738E-05   1.8855057E-01
   4.0000000E-01   2.6021833E+03   6.0478878E+02   3.2069721E+03   2.4972542E-01   1.2476790E-05   2.0262845E-01
   4.5000000E-01   1.9876684E+03   5.5173714E+02   2.5394055E+03   2.6559672E-01   8.1254636E-06   2.0789224E-01
   5.0000000E-01   1.5024227E+03   3.8833806E+02   1.8907607E+03   2.6500968E-01   7.8618257E-06   2.1058169E-01
   5.5000000E-01   1.1864278E+03   3.6460951E+02   1.5510373E+03   2.9211317E-01   8.7601844E-06   2.2344271E-01
   6.0000000E-01   1.0928639E+03   3.0239439E+02   1.3952583E+03   2.8042003E-01   1.9039105E-06   2.1964499E-01
   6.5000000E-01   7.2476713E+02   2.8403036E+02   1.0087975E+03   3.1921163E-01   4.7854515E-05   2.2932304E-01
   7.0000000E-01   6.4571434E+02   1.5460766E+02   8.0032200E+02   3.1442681E-01   2.4541113E-07   2.5368530E-01
   7.5000000E-01   4.3290145E+02   1.3581222E+02   5.6871366E+02   3.0878679E-01   6.7028296E-06   2.3504506E-01
   8.0000000E-01   3.6605637E+02   1.3130283E+02   4.9735920E+02   3.4275609E-01   2.1057107E-05   2.5227404E-01
   8.5000000E-01   3.4077882E+02   6.3661977E+01   4.0444080E+02   3.5794269E-01   3.6702313E-06   3.0159928E-01
   9.0000000E-01   2.0513304E+02   7.4272307E+01   2.7940534E+02   3.5222960E-01   8.2124342E-06   2.5859676E-01
   9.5000000E-01   1.2397332E+02   5.6960716E+01   1.8093404E+02   3.7715737E-01   2.9714718E-05   2.5843199E-01
   1.0000000E+00   7.5451232E+01   1.8862808E+01   9.4314040E+01   3.8177567E-01   7.9935446E-06   3.0542213E-01
