   0.0000000E+00   2.7234085E+07   1.4701842E+07   4.1470940E+07   6.8414683E-04   4.5662709E-04   6.0020442E-04
   5.0000000E-02   6.3980287E+04   2.6547045E+04   9.0590994E+04   1.1580027E-01   9.3340796E-02   1.0913795E-01
   1.0000000E-01   3.1353524E+04   1.1618311E+04   4.2940004E+04   1.1601178E-01   7.1041085E-02   1.0385547E-01
   1.5000000E-01   1.9544227E+04   7.0664795E+03   2.6610706E+04   1.1823909E-01   8.8708781E-02   1.1039722E-01
   2.0000000E-01   1.3973804E+04   5.0929582E+03   1.9066762E+04   1.1531795E-01   8.4208513E-02   1.0700434E-01
   2.5000000E-01   1.0898931E+04   3.5905355E+03   1.4489466E+04   1.2716376E-01   9.9063168E-02   1.2019861E-01
   3.0000000E-01   8.7959632E+03   3.2998125E+03   1.2074555E+04   1.2405573E-01   9.1703216E-02   1.1505676E-01
   3.5000000E-01   7.0210066E+03   2.2281692E+03   9.2491758E+03   1.2058041E-01   8.6585978E-02   1.1238343E-01
   4.0000000E-01   5.9444371E+03   1.8382396E+03   7.7826767E+03   1.3178152E-01   8.7645518E-02   1.2135499E-01
   4.5000000E-01   5.0010020E+03   1.5208139E+03   6.5218159E+03   1.3146437E-01   1.0402549E-01   1.2505281E-01
   5.0000000E-01   4.4563384E+03   1.3814649E+03   5.8378033E+03   1.4485121E-01   1.0004235E-01   1.3421896E-01
   5.5000000E-01   3.8312935E+03   1.2500897E+03   5.0813833E+03   1.4092160E-01   9.3203402E-02   1.2912565E-01
   6.0000000E-01   3.2945073E+03   8.7004702E+02   4.1645543E+03   1.4231701E-01   8.9689256E-02   1.3130276E-01
   6.5000000E-01   2.8500978E+03   7.3945835E+02   3.5895561E+03   1.3476086E-01   1.1284882E-01   1.3023360E-01
   7.0000000E-01   2.3554932E+03   6.3661977E+02   2.9921129E+03   1.5297390E-01   9.5518193E-02   1.4074830E-01
   7.5000000E-01   1.9480565E+03   6.2388738E+02   2.5719439E+03   1.3952339E-01   9.0053255E-02   1.2752120E-01
   8.0000000E-01   1.7825354E+03   5.2919019E+02   2.3117255E+03   1.5285544E-01   1.1234544E-01   1.4356325E-01
   8.5000000E-01   1.3443912E+03   3.8946151E+02   1.7338527E+03   1.4681313E-01   9.7973319E-02   1.3584156E-01
   9.0000000E-01   1.0645697E+03   2.2635370E+02   1.2909234E+03   1.5736798E-01   1.1557755E-01   1.5003318E-01
   9.5000000E-01   7.6729436E+02   2.5799854E+02   1.0252929E+03   1.4358561E-01   1.1265968E-01   1.3580329E-01
   1.0000000E+00   3.1438013E+02   1.1317685E+02   4.2755698E+02   1.3912865E-01   1.4122801E-01   1.3967818E-01
