   0.0000000E+00   1.0535803E+07   9.7087062E+06   2.0185940E+07   1.8678009E-03   5.7632830E-05   9.9245127E-04
   5.0000000E-02   3.0143946E+05   1.4610424E+05   4.4722539E+05   4.0070586E-03   2.5269217E-03   3.2360125E-03
   1.0000000E-01   1.0720677E+05   4.6473243E+04   1.5364818E+05   6.1792383E-03   1.1031659E-03   4.2833564E-03
   1.5000000E-01   6.6059912E+04   2.8159815E+04   9.4198506E+04   1.5157785E-03   2.9468303E-03   3.9692051E-04
   2.0000000E-01   4.8908314E+04   1.9130424E+04   6.8006907E+04   4.5559323E-03   1.6759772E-03   3.5794241E-03
   2.5000000E-01   3.5969017E+04   1.4094762E+04   5.0038314E+04   8.6666995E-04   1.2024600E-03   9.1714454E-04
   3.0000000E-01   2.9178406E+04   1.0631550E+04   3.9778125E+04   3.6103323E-03   4.4854633E-04   2.7081295E-03
   3.5000000E-01   2.4364348E+04   7.9850309E+03   3.2331190E+04   3.9820589E-03   1.1866024E-03   2.8692774E-03
   4.0000000E-01   2.0546903E+04   5.9364794E+03   2.6483383E+04   1.8957374E-03   1.8740148E-03   1.2093325E-03
   4.5000000E-01   1.7231175E+04   5.1071053E+03   2.2331207E+04   3.0657329E-03   1.1872114E-03   2.3220237E-03
   5.0000000E-01   1.5215213E+04   3.7815214E+03   1.8996734E+04   1.1273335E-02   1.2027622E-03   9.2643001E-03
   5.5000000E-01   1.3137517E+04   3.3335726E+03   1.6465302E+04   5.2952753E-03   1.3345858E-03   4.6152826E-03
   6.0000000E-01   1.1841128E+04   2.6313617E+03   1.4472489E+04   3.9417180E-03   1.5841589E-03   3.3511949E-03
   6.5000000E-01   1.0239784E+04   2.1302277E+03   1.2360218E+04   3.9330821E-03   1.5178221E-03   3.0413165E-03
   7.0000000E-01   9.1400410E+03   1.5870021E+03   1.0727043E+04   2.7744698E-03   3.1745714E-03   2.3383897E-03
   7.5000000E-01   8.1869303E+03   1.2902161E+03   9.4729022E+03   2.2580130E-03   9.9349092E-04   2.0084072E-03
   8.0000000E-01   6.7402118E+03   1.0225705E+03   7.7627823E+03   1.6937447E-03   1.3353629E-03   1.4251936E-03
   8.5000000E-01   5.5236127E+03   9.2122626E+02   6.4448390E+03   4.6915966E-03   1.1050586E-03   3.9372975E-03
   9.0000000E-01   4.2476686E+03   5.6234747E+02   4.8100161E+03   3.8921069E-03   8.6609801E-05   3.4410549E-03
   9.5000000E-01   2.7910751E+03   2.9150484E+02   3.0792293E+03   2.6198757E-03   2.9592414E-05   2.3773168E-03
   1.0000000E+00   1.0563173E+03   6.9163630E+01   1.1254809E+03   1.2909360E-02   6.9421167E-06   1.2116419E-02
