   0.0000000E+00   2.7397569E+07   1.5090435E+07   4.2118255E+07   6.4305673E-04   3.7437154E-04   5.5237096E-04
   5.0000000E-02   5.7041132E+04   2.4064227E+04   8.1041697E+04   1.0273755E-01   8.6789905E-02   9.8068885E-02
   1.0000000E-01   2.7151833E+04   1.1363663E+04   3.8483665E+04   9.7915978E-02   9.8355621E-02   9.8096512E-02
   1.5000000E-01   1.8780283E+04   7.3423480E+03   2.6122631E+04   1.0740283E-01   9.4161528E-02   1.0367907E-01
   2.0000000E-01   1.3416762E+04   5.0292962E+03   1.8446058E+04   1.0453395E-01   9.4373950E-02   1.0174365E-01
   2.5000000E-01   1.0657015E+04   3.8197186E+03   1.4464001E+04   1.1339299E-01   9.4998299E-02   1.0863144E-01
   3.0000000E-01   8.9657285E+03   2.7374650E+03   1.1703193E+04   1.1642352E-01   7.6186474E-02   1.0697011E-01
   3.5000000E-01   7.8122341E+03   2.3554932E+03   1.0167727E+04   1.1865522E-01   9.3944309E-02   1.1292766E-01
   4.0000000E-01   5.8966906E+03   1.6711269E+03   7.5678175E+03   1.3077505E-01   1.1018742E-01   1.2613559E-01
   4.5000000E-01   4.9444136E+03   1.5703288E+03   6.5147423E+03   1.2647523E-01   1.0682859E-01   1.2168407E-01
   5.0000000E-01   4.2589863E+03   1.1077184E+03   5.3667047E+03   1.3197710E-01   9.5670505E-02   1.2448238E-01
   5.5000000E-01   3.8544433E+03   1.0706787E+03   4.9251221E+03   1.2059355E-01   9.4868699E-02   1.1500001E-01
   6.0000000E-01   3.1300472E+03   7.5333340E+02   3.8833806E+03   1.3149251E-01   8.7641176E-02   1.2298583E-01
   6.5000000E-01   2.6493177E+03   5.9744317E+02   3.2467608E+03   1.2998805E-01   7.6831634E-02   1.2019028E-01
   7.0000000E-01   2.2554529E+03   6.4116706E+02   2.8966200E+03   1.4237590E-01   6.5069832E-02   1.2525635E-01
   7.5000000E-01   1.8716621E+03   5.0505169E+02   2.3767138E+03   1.2645635E-01   6.7678348E-02   1.1395550E-01
   8.0000000E-01   1.6989790E+03   3.8595074E+02   2.0849298E+03   1.5114734E-01   1.2885961E-01   1.4702100E-01
   8.5000000E-01   1.3556256E+03   2.1345486E+02   1.5690805E+03   1.5531857E-01   1.2606706E-01   1.5133784E-01
   9.0000000E-01   8.1699537E+02   2.0159626E+02   1.0185916E+03   1.8481337E-01   1.0880201E-01   1.6972431E-01
   9.5000000E-01   5.0929582E+02   1.2732395E+02   6.3661977E+02   1.9557046E-01   1.3319924E-01   1.8307822E-01
   1.0000000E+00   2.4521650E+02   4.4013219E+01   2.8922972E+02   1.7608856E-01   1.7976462E-01   1.7663493E-01
