   0.0000000E+00   6.2847104E+05   1.6032632E+07   1.6654992E+07   3.9129742E-02   8.4332184E-06   1.4640156E-03
   5.0000000E-02   3.6032679E+04   1.2611438E+05   1.6214706E+05   1.5326498E-02   1.1242451E-05   3.4121494E-03
   1.0000000E-01   2.8043101E+04   1.9098593E+02   2.8234087E+04   4.8391093E-06   2.3103533E-02   1.5951123E-04
   1.5000000E-01   2.9815026E+04   0.0000000E+00   2.9815026E+04   1.3820502E-06   0.0000000E+00   1.3820502E-06
   2.0000000E-01   3.0191693E+04   0.0000000E+00   3.0191693E+04   2.8307352E-05   0.0000000E+00   2.8307352E-05
   2.5000000E-01   3.1334425E+04   0.0000000E+00   3.1334425E+04   6.8686813E-07   0.0000000E+00   6.8686813E-07
   3.0000000E-01   3.2329674E+04   0.0000000E+00   3.2329674E+04   2.6704815E-06   0.0000000E+00   2.6704815E-06
   3.5000000E-01   3.4322900E+04   0.0000000E+00   3.4322900E+04   1.0861467E-05   0.0000000E+00   1.0861467E-05
   4.0000000E-01   3.7624229E+04   0.0000000E+00   3.7624229E+04   3.3800643E-05   0.0000000E+00   3.3800643E-05
   4.5000000E-01   4.2943540E+04   0.0000000E+00   4.2943540E+04   2.5671893E-05   0.0000000E+00   2.5671893E-05
   5.0000000E-01   5.1528004E+04   0.0000000E+00   5.1521638E+04   4.6815156E-05   0.0000000E+00   4.6821190E-05
   5.5000000E-01   7.4756524E+04   0.0000000E+00   7.4721799E+04   2.3718791E-06   0.0000000E+00   2.3747099E-06
   6.0000000E-01   9.4983670E+04   0.0000000E+00   9.4978365E+04   6.9293580E-07   0.0000000E+00   6.9413829E-07
   6.5000000E-01   6.4151685E+03   0.0000000E+00   6.4151685E+03   1.3373633E-05   0.0000000E+00   1.3373633E-05
   7.0000000E-01   1.3641852E+01   0.0000000E+00   1.3641852E+01   5.9173802E-06   0.0000000E+00   5.9173802E-06
   7.5000000E-01   0.0000000E+00   0.0000000E+00   0.0000000E+00   0.0000000E+00   0.0000000E+00   0.0000000E+00
   8.0000000E-01   0.0000000E+00   0.0000000E+00   0.0000000E+00   0.0000000E+00   0.0000000E+00   0.0000000E+00
   8.5000000E-01   0.0000000E+00   0.0000000E+00   0.0000000E+00   0.0000000E+00   0.0000000E+00   0.0000000E+00
   9.0000000E-01   0.0000000E+00   0.0000000E+00   0.0000000E+00   0.0000000E+00   0.0000000E+00   0.0000000E+00
   9.5000000E-01   0.0000000E+00   0.0000000E+00   0.0000000E+00   0.0000000E+00   0.0000000E+00   0.0000000E+00
   1.0000000E+00   0.0000000E+00   0.0000000E+00   0.0000000E+00   0.0000000E+00   0.0000000E+00   0.0000000E+00
