   0.0000000E+00   7.6363815E+06   1.0417646E+07   1.8033656E+07   4.6571231E-03   3.4068219E-04   2.1458458E-03
   5.0000000E-02   1.8309185E+05   9.9185361E+04   2.8227721E+05   4.5573497E-02   9.2123456E-03   3.2769832E-02
   1.0000000E-01   9.2214374E+04   4.1921412E+04   1.3404029E+05   4.7606673E-02   6.3583802E-03   3.4694704E-02
   1.5000000E-01   6.0606202E+04   2.7120002E+04   8.7726205E+04   4.3556324E-02   8.7893577E-03   3.2772219E-02
   2.0000000E-01   4.7030286E+04   1.6790846E+04   6.3805217E+04   4.7850088E-02   8.4339234E-03   3.7464422E-02
   2.5000000E-01   3.9012060E+04   1.2783325E+04   5.1769920E+04   4.7008768E-02   8.9892423E-03   3.7579923E-02
   3.0000000E-01   3.0738125E+04   9.1248834E+03   3.9841787E+04   4.6602713E-02   7.1591871E-03   3.7580060E-02
   3.5000000E-01   2.7047246E+04   7.3302220E+03   3.4368373E+04   4.2595808E-02   5.4454715E-03   3.4661815E-02
   4.0000000E-01   2.4000565E+04   5.9603526E+03   2.9960918E+04   3.8837145E-02   6.4621376E-03   3.2363277E-02
   4.5000000E-01   2.0732584E+04   4.5412210E+03   2.5259658E+04   3.5302457E-02   2.8694869E-03   2.9458223E-02
   5.0000000E-01   1.9232283E+04   3.8133524E+03   2.3039270E+04   3.5558635E-02   6.0873333E-03   3.0678249E-02
   5.5000000E-01   1.6708375E+04   2.9805380E+03   1.9688913E+04   3.2799829E-02   2.1134529E-03   2.8107565E-02
   6.0000000E-01   1.4668781E+04   2.5623946E+03   1.7220565E+04   3.3932667E-02   4.1602790E-03   2.9522733E-02
   6.5000000E-01   1.3633457E+04   1.9392418E+03   1.5572699E+04   2.6932467E-02   4.1664545E-03   2.4092532E-02
   7.0000000E-01   1.2173080E+04   1.6597587E+03   1.3828291E+04   2.6116824E-02   4.2590278E-03   2.3468776E-02
   7.5000000E-01   1.0971081E+04   1.3750987E+03   1.2346179E+04   2.4037891E-02   3.9357989E-03   2.1768310E-02
   8.0000000E-01   9.6965149E+03   8.8330993E+02   1.0579825E+04   2.0576812E-02   6.9409172E-03   1.9438302E-02
   8.5000000E-01   8.2872915E+03   7.9015748E+02   9.0774490E+03   2.5563569E-02   3.2310302E-03   2.3609974E-02
   9.0000000E-01   7.2645390E+03   6.1893589E+02   7.8834748E+03   1.8852662E-02   2.9101133E-03   1.7558735E-02
   9.5000000E-01   5.0561012E+03   4.3893258E+02   5.4950338E+03   1.9460003E-02   3.2438907E-03   1.8164500E-02
   1.0000000E+00   2.1189221E+03   2.3892890E+02   2.3578510E+03   9.9158442E-03   1.0453699E-05   8.9099849E-03
