   0.0000000E+00   2.5788194E+07   1.4543961E+07   3.9963934E+07   1.1768562E-03   3.2571218E-04   8.6875181E-04
   5.0000000E-02   8.7726205E+04   2.7183664E+04   1.1490987E+05   1.2809985E-01   3.1430376E-02   1.0521422E-01
   1.0000000E-01   4.0711834E+04   1.3878311E+04   5.4558314E+04   1.2159656E-01   3.4437008E-02   9.9455298E-02
   1.5000000E-01   2.3597373E+04   8.9338975E+03   3.2531270E+04   1.1605662E-01   2.4800026E-02   9.0939212E-02
   2.0000000E-01   1.7379720E+04   5.8250709E+03   2.3204791E+04   1.2420458E-01   4.3831429E-02   1.0400694E-01
   2.5000000E-01   1.3407212E+04   4.3162821E+03   1.7723494E+04   1.2611652E-01   3.0054786E-02   1.0256284E-01
   3.0000000E-01   1.0631550E+04   3.4271364E+03   1.4058687E+04   1.2734957E-01   2.4773349E-02   1.0234420E-01
   3.5000000E-01   8.8853931E+03   2.7738433E+03   1.1659236E+04   1.2629441E-01   2.8984226E-02   1.0313423E-01
   4.0000000E-01   7.5041556E+03   2.1008452E+03   9.6050008E+03   1.2984130E-01   2.1125629E-02   1.0606256E-01
   4.5000000E-01   5.9912994E+03   1.7683883E+03   7.7596877E+03   1.4858204E-01   2.4593744E-02   1.2029127E-01
   5.0000000E-01   5.4430991E+03   1.4705917E+03   6.9136907E+03   1.4506501E-01   3.5403085E-02   1.2170352E-01
   5.5000000E-01   4.8035856E+03   1.3311141E+03   6.1346996E+03   1.4034015E-01   3.3683083E-02   1.1715070E-01
   6.0000000E-01   3.9046013E+03   1.0504226E+03   4.9550239E+03   1.4378627E-01   1.9260941E-02   1.1731676E-01
   6.5000000E-01   3.2859374E+03   9.6472381E+02   4.2457642E+03   1.7120219E-01   2.1576683E-02   1.3739378E-01
   7.0000000E-01   2.8193161E+03   6.2752520E+02   3.4468413E+03   1.6598294E-01   2.8663658E-02   1.4091267E-01
   7.5000000E-01   2.3554932E+03   5.6446953E+02   2.9199627E+03   1.6409413E-01   2.5197288E-02   1.3724200E-01
   8.0000000E-01   1.9775002E+03   5.4908455E+02   2.5265847E+03   1.7141940E-01   1.8478368E-02   1.3817702E-01
   8.5000000E-01   1.5728253E+03   4.3065455E+02   2.0034799E+03   1.6221167E-01   3.3881473E-02   1.3457626E-01
   9.0000000E-01   1.2131143E+03   3.0062600E+02   1.5137403E+03   1.6222005E-01   3.7169578E-03   1.3034413E-01
   9.5000000E-01   7.3378805E+02   1.9098593E+02   9.2477399E+02   1.8766040E-01   3.7357626E-02   1.5661769E-01
   1.0000000E+00   2.5779171E+02   1.2575205E+02   3.8354376E+02   1.7421064E-01   1.9754714E-02   1.1950060E-01
