   0.0000000E+00   1.3925166E+07   1.0418155E+07   2.4326515E+07   3.1030822E-04   5.0174247E-04   7.6087987E-05
   5.0000000E-02   2.4325242E+05   1.1172677E+05   3.5497919E+05   8.7031326E-03   2.4432900E-03   6.4328627E-03
   1.0000000E-01   8.7025923E+04   3.8992961E+04   1.2601888E+05   4.4464076E-03   6.2147675E-03   3.7261760E-03
   1.5000000E-01   5.2627235E+04   2.1475307E+04   7.4102542E+04   6.3937528E-03   5.7606420E-04   4.7037443E-03
   2.0000000E-01   3.9916060E+04   1.5167466E+04   5.5083526E+04   3.4352756E-03   2.7639673E-03   3.0061054E-03
   2.5000000E-01   3.1143439E+04   1.1828395E+04   4.2971835E+04   2.2412788E-03   4.3387707E-03   1.9738736E-03
   3.0000000E-01   2.5496622E+04   8.6261979E+03   3.4122820E+04   4.5212984E-03   1.6791581E-03   3.6471195E-03
   3.5000000E-01   2.1290384E+04   7.3302220E+03   2.8620606E+04   5.5405655E-03   7.0001342E-03   3.4358421E-03
   4.0000000E-01   1.8103875E+04   6.2786625E+03   2.4382537E+04   5.9628480E-03   1.0735393E-03   4.1603694E-03
   4.5000000E-01   1.5781097E+04   4.7605012E+03   2.0534524E+04   7.1019088E-03   4.7199096E-03   6.2933674E-03
   5.0000000E-01   1.3432677E+04   3.7878876E+03   1.7220565E+04   2.4413451E-03   3.2036661E-03   2.5845101E-03
   5.5000000E-01   1.1540180E+04   3.4261719E+03   1.4966352E+04   3.1325555E-03   2.4775302E-03   2.3342080E-03
   6.0000000E-01   1.0668686E+04   2.7692960E+03   1.3437982E+04   4.4359400E-03   5.6604717E-03   4.6691048E-03
   6.5000000E-01   8.7510733E+03   2.3701844E+03   1.1116361E+04   4.6941242E-03   3.4021764E-03   3.3440142E-03
   7.0000000E-01   7.9668417E+03   1.8962175E+03   9.8630592E+03   4.7270829E-03   2.3970577E-03   3.5655345E-03
   7.5000000E-01   6.9688644E+03   1.6934086E+03   8.6622730E+03   5.7670853E-03   3.2062531E-03   4.0232928E-03
   8.0000000E-01   5.8011977E+03   1.3289438E+03   7.1301415E+03   8.4151400E-03   2.9869671E-03   6.7789157E-03
   8.5000000E-01   4.7446897E+03   1.0373157E+03   5.7820055E+03   7.5494774E-03   6.7374580E-03   5.4823738E-03
   9.0000000E-01   3.6464166E+03   8.3467926E+02   4.4810958E+03   1.3403734E-03   1.1034815E-03   1.1824096E-03
   9.5000000E-01   2.4526614E+03   4.8584141E+02   2.9385028E+03   5.9040368E-03   8.9477070E-03   3.4487919E-03
   1.0000000E+00   8.3625116E+02   1.7605288E+02   1.0123040E+03   6.0252910E-03   1.3437911E-02   7.3137932E-03
