   0.0000000E+00   3.0192075E+07   1.6272511E+07   4.6144748E+07   3.8981214E-04   1.5398897E-04   3.0417774E-04
   5.0000000E-02   3.8006200E+04   1.2350424E+04   5.0356624E+04   1.4177449E-01   7.4713323E-02   1.2531513E-01
   1.0000000E-01   1.7602537E+04   6.0478878E+03   2.3650425E+04   1.4033836E-01   8.3450854E-02   1.2575187E-01
   1.5000000E-01   1.2626292E+04   3.4801881E+03   1.6106480E+04   1.4621293E-01   8.5830792E-02   1.3316062E-01
   2.0000000E-01   8.3397190E+03   2.1326762E+03   1.0472395E+04   1.3974763E-01   7.8095886E-02   1.2719105E-01
   2.5000000E-01   6.4171273E+03   1.5024227E+03   7.9195500E+03   1.2818264E-01   7.3739421E-02   1.1784179E-01
   3.0000000E-01   5.1247892E+03   1.1140846E+03   6.2388738E+03   1.4460178E-01   4.1289182E-02   1.2615283E-01
   3.5000000E-01   4.0197991E+03   1.0004025E+03   5.0202016E+03   1.3844679E-01   8.7558580E-02   1.2830409E-01
   4.0000000E-01   3.3740848E+03   6.6845076E+02   4.0425356E+03   1.2472215E-01   6.5629727E-02   1.1494953E-01
   4.5000000E-01   2.3342725E+03   3.7489831E+02   2.7091708E+03   1.4093504E-01   5.2833294E-02   1.2873970E-01
   5.0000000E-01   2.2727326E+03   3.3104228E+02   2.6037749E+03   1.2698305E-01   9.3252421E-02   1.2268519E-01
   5.5000000E-01   1.7130859E+03   3.1830989E+02   2.0313958E+03   1.3300704E-01   4.5434265E-02   1.1928412E-01
   6.0000000E-01   1.5862443E+03   1.6976527E+02   1.7560095E+03   1.2317629E-01   5.4825597E-02   1.1646529E-01
   6.5000000E-01   1.3026220E+03   1.6160348E+02   1.4642255E+03   1.3750424E-01   4.5830358E-02   1.2737965E-01
   7.0000000E-01   9.5947694E+02   1.2732395E+02   1.0868009E+03   1.1369962E-01   3.2354441E-02   1.0416924E-01
   7.5000000E-01   9.7615032E+02   1.0610330E+02   1.0822536E+03   1.2144568E-01   8.2992397E-02   1.1767557E-01
   8.0000000E-01   6.7640851E+02   1.2334508E+02   7.9975359E+02   1.3645509E-01   2.7496207E-02   1.1965018E-01
   8.5000000E-01   5.5797851E+02   5.2427511E+01   6.1040602E+02   1.1760213E-01   7.5488661E-07   1.0750127E-01
   9.0000000E-01   3.1477311E+02   3.5367765E+01   3.5014087E+02   1.1108002E-01   3.0185482E-06   9.9859514E-02
   9.5000000E-01   2.4459602E+02   1.6753152E+01   2.6134917E+02   1.0985112E-01   1.6133156E-01   1.1315115E-01
   1.0000000E+00   1.2575205E+02   1.2575205E+01   1.3832726E+02   1.3720328E-01   1.7046320E-05   1.2472870E-01
