   0.0000000E+00   1.2238379E+06   9.6251817E+06   1.0849020E+07   6.9190577E-04   5.8130080E-05   1.2655274E-04
   5.0000000E-02   9.5174656E+04   1.5476227E+05   2.4993692E+05   9.3394422E-04   1.3898487E-03   7.1296478E-04
   1.0000000E-01   6.6622259E+04   6.0924512E+04   1.2745128E+05   1.6349389E-03   7.3649326E-04   8.1930977E-04
   1.5000000E-01   5.4664418E+04   3.4186482E+04   8.8850900E+04   3.5390855E-04   9.5174275E-04   4.4443536E-04
   2.0000000E-01   4.8669582E+04   2.3586763E+04   7.2240429E+04   3.5492076E-04   1.2886451E-03   6.5709269E-04
   2.5000000E-01   4.2411609E+04   1.5813635E+04   5.8237977E+04   1.1926439E-03   1.0102072E-03   9.5725531E-04
   3.0000000E-01   3.7984980E+04   1.0769484E+04   4.8754464E+04   5.1880649E-04   1.3677609E-03   3.2373231E-04
   3.5000000E-01   3.4068252E+04   8.2942462E+03   4.2362499E+04   2.4653671E-03   1.5685769E-03   1.8988392E-03
   4.0000000E-01   3.3120144E+04   6.2786625E+03   3.9398806E+04   1.4682100E-03   2.3629692E-03   9.5926138E-04
   4.5000000E-01   3.1222663E+04   4.7180599E+03   3.5940723E+04   1.3478650E-03   1.5139011E-03   1.2905949E-03
   5.0000000E-01   2.7845749E+04   3.5587045E+03   3.1404453E+04   1.0942919E-03   1.0074224E-03   8.5860217E-04
   5.5000000E-01   2.6031961E+04   2.5406916E+03   2.8578440E+04   1.8117203E-03   2.6274590E-03   1.5024573E-03
   6.0000000E-01   2.5141176E+04   1.7666199E+03   2.6907796E+04   1.5391312E-03   9.7377754E-04   1.4929842E-03
   6.5000000E-01   2.3011356E+04   1.3711810E+03   2.4377640E+04   1.3397925E-04   6.9452883E-04   1.2816451E-04
   7.0000000E-01   2.1022094E+04   1.2505031E+03   2.2272597E+04   1.4139549E-03   1.8064736E-03   1.3580155E-03
   7.5000000E-01   2.0567063E+04   9.6341792E+02   2.1530481E+04   5.7029655E-04   4.0415434E-03   6.6534237E-04
   8.0000000E-01   1.7869121E+04   6.1274653E+02   1.8481868E+04   4.1398893E-04   4.6462359E-03   4.4958445E-04
   8.5000000E-01   6.5983767E+03   1.3106878E+02   6.7294455E+03   3.7017712E-03   3.1407106E-06   3.6296896E-03
   9.0000000E-01   3.8904542E+03   7.0735530E+01   3.9611897E+03   3.0172796E-03   2.7279877E-02   2.4986970E-03
   9.5000000E-01   1.9132099E+03   3.3506304E+01   1.9467163E+03   4.7404124E-03   7.8305503E-02   5.7107592E-03
   1.0000000E+00   6.7277349E+02   0.0000000E+00   6.7277349E+02   7.2044962E-03   0.0000000E+00   7.2044962E-03
