   0.0000000E+00   3.3069596E+07   1.6853108E+07   4.9549899E+07   2.3373680E-05   2.6033987E-05   2.4454373E-05
   5.0000000E-02   5.0292962E+03   1.6552114E+03   6.6845076E+03   1.5574824E-01   2.7129679E-02   1.2389952E-01
   1.0000000E-01   2.6419721E+03   9.8676065E+02   3.6287327E+03   1.6049105E-01   6.9989166E-02   1.3588089E-01
   1.5000000E-01   1.3156809E+03   4.0319252E+02   1.7188734E+03   1.7366470E-01   5.2787400E-02   1.4530985E-01
   2.0000000E-01   1.0185916E+03   2.7056340E+02   1.2891550E+03   1.5787378E-01   5.8179184E-02   1.3695006E-01
   2.5000000E-01   8.6580289E+02   3.8197186E+02   1.2477748E+03   1.8542013E-01   9.7085165E-02   1.5837414E-01
   3.0000000E-01   7.0028175E+02   2.1220659E+02   9.1248834E+02   1.6305423E-01   4.4152418E-02   1.3540261E-01
   3.5000000E-01   4.6382298E+02   1.4551309E+02   6.0933607E+02   2.1845608E-01   6.1905067E-02   1.8107015E-01
   4.0000000E-01   4.9338032E+02   7.9577472E+01   5.7295780E+02   1.9113402E-01   1.5383225E-01   1.8595320E-01
   4.5000000E-01   4.1733963E+02   1.1317685E+02   5.3051648E+02   1.9952998E-01   1.1185215E-01   1.8082537E-01
   5.0000000E-01   2.6738030E+02   1.2732395E+02   3.9470426E+02   1.8695328E-01   7.4361648E-02   1.5060191E-01
   5.5000000E-01   2.4886046E+02   9.2599240E+01   3.4145970E+02   2.3260966E-01   1.0219067E-01   1.9724180E-01
   6.0000000E-01   2.5995307E+02   6.8967142E+01   3.2892022E+02   2.2468842E-01   1.4274594E-01   2.0749290E-01
   6.5000000E-01   1.8608886E+02   7.3456128E+01   2.5954498E+02   2.4661725E-01   5.5260030E-02   1.9245955E-01
   7.0000000E-01   1.9553322E+02   3.1830989E+01   2.2736420E+02   2.3284067E-01   4.7405766E-02   2.0687979E-01
   7.5000000E-01   1.3581222E+02   5.0929582E+01   1.8674180E+02   2.8005959E-01   8.0560249E-02   2.2565068E-01
   8.0000000E-01   1.1936621E+02   3.1830989E+01   1.5119720E+02   2.3209265E-01   4.5928789E-02   1.9289979E-01
   8.5000000E-01   9.7365377E+01   2.2468933E+01   1.1983431E+02   2.7059576E-01   6.3922022E-02   2.3184443E-01
   9.0000000E-01   5.6588424E+01   2.8294212E+01   8.4882636E+01   3.0744221E-01   1.7701001E-01   2.6391234E-01
   9.5000000E-01   4.6908825E+01   6.7012608E+00   5.3610086E+01   2.9420685E-01   1.9537224E-05   2.5743343E-01
   1.0000000E+00   2.5150411E+01   0.0000000E+00   2.5150411E+01   3.1557126E-01   0.0000000E+00   3.1557126E-01
