   0.0000000E+00   3.1405727E+07   1.6562809E+07   4.7425117E+07   4.5521017E-04   2.7389523E-09   2.9949118E-04
   5.0000000E-02   2.9666481E+04   8.0850711E+03   3.7751553E+04   1.9203475E-01   5.7511334E-07   1.5090768E-01
   1.0000000E-01   1.3400846E+04   3.1830989E+03   1.6583945E+04   1.8776343E-01   6.4085723E-07   1.5172450E-01
   1.5000000E-01   8.0426298E+03   1.9310800E+03   9.9737098E+03   2.1881207E-01   5.8157117E-06   1.7644745E-01
   2.0000000E-01   5.3953526E+03   1.2254931E+03   6.6208456E+03   2.0980094E-01   8.3528321E-06   1.7096605E-01
   2.5000000E-01   3.8579158E+03   1.0058592E+03   4.8637751E+03   2.2193097E-01   3.4120202E-06   1.7603495E-01
   3.0000000E-01   2.7692960E+03   9.6553999E+02   3.7348360E+03   2.3166696E-01   1.1191791E-05   1.7177290E-01
   3.5000000E-01   2.2008855E+03   6.3661977E+02   2.8375053E+03   2.6622037E-01   8.3317102E-06   2.0648958E-01
   4.0000000E-01   1.7188734E+03   4.6154933E+02   2.1724650E+03   2.5985160E-01   1.1823380E-05   2.0487816E-01
   4.5000000E-01   1.4430048E+03   3.6782476E+02   1.8108296E+03   2.7737356E-01   1.3994298E-06   2.2103234E-01
   5.0000000E-01   1.0058592E+03   2.4828171E+02   1.2541410E+03   2.8727113E-01   1.2205242E-05   2.3040260E-01
   5.5000000E-01   7.7551863E+02   1.9677338E+02   9.7229202E+02   3.1036701E-01   1.4907617E-05   2.4755162E-01
   6.0000000E-01   5.9948362E+02   2.1751176E+02   8.1699537E+02   2.9551923E-01   9.1767969E-07   2.1684178E-01
   6.5000000E-01   5.2398704E+02   1.3222103E+02   6.5620807E+02   3.2594743E-01   8.5139217E-05   2.6025431E-01
   7.0000000E-01   4.0016100E+02   1.0458753E+02   5.0474853E+02   3.2411428E-01   8.2149440E-06   2.5695717E-01
   7.5000000E-01   3.0982162E+02   9.7615032E+01   4.0743665E+02   3.4686465E-01   3.4836911E-07   2.6376160E-01
   8.0000000E-01   2.6260566E+02   5.5704230E+01   3.1830989E+02   3.5223464E-01   2.0113677E-05   2.9059006E-01
   8.5000000E-01   1.7226182E+02   4.8682688E+01   2.2094451E+02   3.5014202E-01   1.7992396E-05   2.7298812E-01
   9.0000000E-01   1.0610330E+02   2.4757436E+01   1.3086073E+02   3.7838152E-01   3.3646901E-05   3.0680219E-01
   9.5000000E-01   5.6960716E+01   1.3402522E+01   7.0363238E+01   3.1843480E-01   2.2172097E-06   2.5778013E-01
   1.0000000E+00   0.0000000E+00   1.2575205E+01   1.2575205E+01   0.0000000E+00   2.0046095E-05   2.0046095E-05
