   0.0000000E+00   1.9005901E+07   1.6163521E+07   3.4930054E+07   3.3913961E-02   9.4770688E-07   1.8337626E-02
   5.0000000E-02   1.5839100E+05   7.6076063E+04   2.3440340E+05   2.1943768E-01   2.7237806E-06   1.4838070E-01
   1.0000000E-01   6.4935217E+03   3.1830989E+01   6.5253527E+03   1.3934135E-02   7.5542180E-06   1.3866130E-02
   1.5000000E-01   6.0054465E+03   0.0000000E+00   6.0054465E+03   5.2937495E-05   0.0000000E+00   5.2937495E-05
   2.0000000E-01   6.4616907E+03   1.5915494E+01   6.4776062E+03   9.5633985E-07   3.0543866E-01   7.5052808E-04
   2.5000000E-01   6.5571837E+03   0.0000000E+00   6.5571837E+03   1.2729922E-06   0.0000000E+00   1.2729922E-06
   3.0000000E-01   6.6738973E+03   0.0000000E+00   6.6738973E+03   3.7027168E-05   0.0000000E+00   3.7027168E-05
   3.5000000E-01   6.9118718E+03   0.0000000E+00   6.9118718E+03   2.4342050E-06   0.0000000E+00   2.4342050E-06
   4.0000000E-01   7.3688739E+03   0.0000000E+00   7.3688739E+03   8.0738984E-06   0.0000000E+00   8.0738984E-06
   4.5000000E-01   7.2999067E+03   0.0000000E+00   7.2999067E+03   2.2928789E-06   0.0000000E+00   2.2928789E-06
   5.0000000E-01   8.4543106E+03   0.0000000E+00   8.4543106E+03   1.7602073E-07   0.0000000E+00   1.7602073E-07
   5.5000000E-01   8.2471198E+03   0.0000000E+00   8.2471198E+03   3.5141455E-06   0.0000000E+00   3.5141455E-06
   6.0000000E-01   8.9551181E+03   0.0000000E+00   8.9551181E+03   3.9576523E-06   0.0000000E+00   3.9576523E-06
   6.5000000E-01   1.0636447E+04   0.0000000E+00   1.0636447E+04   2.7714489E-06   0.0000000E+00   2.7714489E-06
   7.0000000E-01   1.1895695E+04   0.0000000E+00   1.1895695E+04   6.5298127E-06   0.0000000E+00   6.5301628E-06
   7.5000000E-01   1.5915494E+04   0.0000000E+00   1.5915494E+04   3.2235749E-05   0.0000000E+00   3.2235749E-05
   8.0000000E-01   2.4907749E+04   0.0000000E+00   2.4903770E+04   9.4394270E-07   0.0000000E+00   9.4308727E-07
   8.5000000E-01   1.0302006E+04   0.0000000E+00   1.0302006E+04   4.4380563E-05   0.0000000E+00   4.4377527E-05
   9.0000000E-01   3.0769956E+02   0.0000000E+00   3.0769956E+02   7.6028742E-06   0.0000000E+00   7.6028742E-06
   9.5000000E-01   3.3506304E+00   0.0000000E+00   3.3506304E+00   2.9998630E-07   0.0000000E+00   2.9998630E-07
   1.0000000E+00   0.0000000E+00   0.0000000E+00   0.0000000E+00   0.0000000E+00   0.0000000E+00   0.0000000E+00
