   0.0000000E+00   6.1716467E+06   9.7020853E+06   1.5808033E+07   1.9196238E-02   3.7662986E-04   7.6723295E-03
   5.0000000E-02   3.2798651E+05   1.5546255E+05   4.8306708E+05   5.7470817E-02   2.0450427E-03   3.9686988E-02
   1.0000000E-01   1.1876142E+05   5.9237470E+04   1.7774424E+05   4.7580554E-02   1.5736391E-03   3.2406988E-02
   1.5000000E-01   7.4144983E+04   3.4674557E+04   1.0875588E+05   4.5211255E-02   1.0655784E-03   3.1154683E-02
   2.0000000E-01   5.2139159E+04   2.1915636E+04   7.3991133E+04   5.0575295E-02   2.8593335E-04   3.5690821E-02
   2.5000000E-01   3.8922933E+04   1.5431663E+04   5.4341864E+04   4.5315047E-02   5.7831235E-04   3.2599962E-02
   3.0000000E-01   3.1576341E+04   1.1406104E+04   4.2918783E+04   3.6451580E-02   6.1290159E-04   2.7019144E-02
   3.5000000E-01   2.6465193E+04   8.6489343E+03   3.5095939E+04   3.5581865E-02   1.0143702E-03   2.7056467E-02
   4.0000000E-01   2.2225988E+04   6.0080991E+03   2.8226129E+04   3.1881814E-02   5.6816444E-04   2.5209298E-02
   4.5000000E-01   1.9968640E+04   4.9797813E+03   2.4941348E+04   2.3831977E-02   5.9302345E-04   1.9157268E-02
   5.0000000E-01   1.7965410E+04   3.2467608E+03   2.1199438E+04   2.7279104E-02   1.7840073E-04   2.3110811E-02
   5.5000000E-01   1.5846045E+04   2.5696289E+03   1.8404099E+04   2.2265423E-02   1.9182131E-04   1.9167053E-02
   6.0000000E-01   1.4217842E+04   1.9576058E+03   1.6170142E+04   1.5142895E-02   1.1926014E-03   1.3446808E-02
   6.5000000E-01   1.3271074E+04   1.4740196E+03   1.4740196E+04   1.3572833E-02   1.4171828E-05   1.2218772E-02
   7.0000000E-01   1.1609216E+04   9.4128781E+02   1.2545957E+04   1.4654513E-02   3.3262976E-05   1.3562807E-02
   7.5000000E-01   1.0559400E+04   7.4272307E+02   1.1302123E+04   1.0206484E-02   5.8888287E-06   9.5361479E-03
   8.0000000E-01   9.4856346E+03   6.0080991E+02   1.0082466E+04   1.0752763E-02   2.5589021E-06   1.0055328E-02
   8.5000000E-01   8.1225193E+03   4.4188902E+02   8.5644083E+03   8.0224686E-03   3.0063162E-03   7.7636083E-03
   9.0000000E-01   6.5359630E+03   2.0866981E+02   6.7446328E+03   1.0105803E-02   1.5525535E-05   9.7926715E-03
   9.5000000E-01   4.5635586E+03   1.5412900E+02   4.7176876E+03   6.3934707E-03   1.3319557E-05   6.1849809E-03
   1.0000000E+00   1.9114312E+03   4.4013219E+01   1.9554444E+03   4.9803226E-03   1.9979341E-05   4.8686729E-03
