   0.0000000E+00   3.3187243E+07   1.6897417E+07   4.9599810E+07   8.2268451E-05   1.3800131E-05   5.5405849E-05
   5.0000000E-02   4.5200004E+03   1.5278875E+03   6.0478878E+03   1.3460858E-01   9.2837807E-02   1.2405296E-01
   1.0000000E-01   2.0053523E+03   6.0478878E+02   2.6101411E+03   1.4405768E-01   3.8426133E-02   1.1958208E-01
   1.5000000E-01   1.1459156E+03   3.8197186E+02   1.5278875E+03   1.6899403E-01   6.0130263E-02   1.4177809E-01
   2.0000000E-01   7.9577472E+02   2.0690143E+02   1.0026761E+03   1.2794552E-01   4.9444703E-02   1.1174694E-01
   2.5000000E-01   6.2388738E+02   1.4005635E+02   7.6394373E+02   1.5994433E-01   1.8711507E-02   1.3405165E-01
   3.0000000E-01   5.8356812E+02   4.2441318E+01   6.2600944E+02   8.6219712E-02   1.1101482E-05   8.0375060E-02
   3.5000000E-01   2.9102618E+02   3.6378273E+01   3.2740445E+02   2.1233048E-01   1.4973793E-06   1.8873804E-01
   4.0000000E-01   2.7056340E+02   2.3873241E+01   2.9443664E+02   1.0140768E-01   2.0588760E-05   9.3187107E-02
   4.5000000E-01   2.1220659E+02   2.1220659E+01   2.3342725E+02   1.1861449E-01   3.0337768E-06   1.0783108E-01
   5.0000000E-01   1.8461973E+02   1.9098593E+01   2.0371833E+02   1.5156990E-01   9.0271514E-06   1.3736106E-01
   5.5000000E-01   7.5236882E+01   1.7362357E+01   9.2599240E+01   1.6463192E-01   3.2631545E-05   1.3375731E-01
   6.0000000E-01   1.6446011E+02   2.1220659E+01   1.8568077E+02   8.0699129E-02   1.5679993E-07   7.1476389E-02
   6.5000000E-01   7.8353203E+01   9.7941503E+00   8.8147353E+01   4.0478618E-02   1.2379632E-05   3.5979618E-02
   7.0000000E-01   1.0004025E+02   1.3641852E+01   1.1368210E+02   4.9582885E-02   2.8416154E-06   4.3633280E-02
   7.5000000E-01   7.6394373E+01   4.2441318E+00   8.0638504E+01   1.0646559E-01   6.3679078E-06   1.0086181E-01
   8.0000000E-01   5.5704230E+01   0.0000000E+00   5.5704230E+01   7.6398031E-02   0.0000000E+00   7.6398031E-02
   8.5000000E-01   2.9958578E+01   7.4896444E+00   3.7448222E+01   6.0623317E-06   1.3303790E-05   2.1891074E-06
   9.0000000E-01   1.0610330E+01   0.0000000E+00   1.0610330E+01   3.2413941E-06   0.0000000E+00   3.2413941E-06
   9.5000000E-01   1.3402522E+01   3.3506304E+00   1.6753152E+01   1.0463380E-01   7.2531818E-06   8.3708489E-02
   1.0000000E+00   6.2876027E+00   0.0000000E+00   6.2876027E+00   2.0344688E-04   0.0000000E+00   2.0344688E-04
