   0.0000000E+00   2.4239425E+07   1.4041286E+07   3.7989903E+07   1.8416554E-03   4.2483176E-08   1.1712951E-03
   5.0000000E-02   1.0211381E+05   3.0494087E+04   1.3260790E+05   1.6814682E-01   9.2162638E-07   1.2949649E-01
   1.0000000E-01   5.0961413E+04   1.4132959E+04   6.5094372E+04   1.6364454E-01   2.5187424E-05   1.2812030E-01
   1.5000000E-01   3.2976904E+04   9.9312684E+03   4.2908173E+04   1.6647607E-01   1.9743773E-05   1.2794906E-01
   2.0000000E-01   2.2790988E+04   7.0505640E+03   2.9841552E+04   1.7797111E-01   1.1516934E-05   1.3592169E-01
   2.5000000E-01   1.7634368E+04   4.8892399E+03   2.2510875E+04   1.7597369E-01   1.4246740E-05   1.3770173E-01
   3.0000000E-01   1.4090518E+04   4.2016905E+03   1.8292208E+04   1.8337174E-01   4.0027761E-06   1.4125240E-01
   3.5000000E-01   1.1495534E+04   2.9102618E+03   1.4405796E+04   1.8192551E-01   5.8465502E-05   1.4516109E-01
   4.0000000E-01   9.4458459E+03   2.9125355E+03   1.2358381E+04   1.9313429E-01   1.2567478E-05   1.4761484E-01
   4.5000000E-01   7.8870116E+03   1.9876684E+03   9.8676065E+03   1.9633518E-01   9.6998107E-06   1.5692545E-01
   5.0000000E-01   6.4489583E+03   1.8525635E+03   8.3015218E+03   2.0010748E-01   1.7810065E-06   1.5545187E-01
   5.5000000E-01   5.5038673E+03   1.4873753E+03   6.9912426E+03   2.1405407E-01   2.1633997E-06   1.6851419E-01
   6.0000000E-01   4.7534276E+03   1.2679344E+03   6.0213620E+03   2.2225985E-01   1.0735737E-05   1.7546015E-01
   6.5000000E-01   3.8001303E+03   1.1116361E+03   4.9068693E+03   2.2942781E-01   2.6524450E-06   1.7768118E-01
   7.0000000E-01   3.0876059E+03   8.3215299E+02   3.9197589E+03   2.4798893E-01   5.5242741E-05   1.9535088E-01
   7.5000000E-01   2.3003194E+03   6.9603762E+02   2.9963571E+03   2.4306988E-01   2.1380395E-05   1.8661101E-01
   8.0000000E-01   2.0411621E+03   6.2866203E+02   2.6698242E+03   2.6458544E-01   1.2466827E-05   2.0228072E-01
   8.5000000E-01   1.5241426E+03   5.4674404E+02   2.0708867E+03   2.8167837E-01   8.4352885E-07   2.0731143E-01
   9.0000000E-01   1.1459156E+03   3.5014087E+02   1.4960565E+03   2.9200984E-01   3.8925958E-06   2.2366635E-01
   9.5000000E-01   8.5106012E+02   2.2784287E+02   1.0789030E+03   3.1002361E-01   3.2589863E-06   2.4455210E-01
   1.0000000E+00   3.3953055E+02   9.4314040E+01   4.3384459E+02   3.4564551E-01   2.1886620E-04   2.7055270E-01
