   0.0000000E+00   3.6226212E+06   9.7204200E+06   1.3306372E+07   2.5347713E-02   1.9517368E-05   6.9304977E-03
   5.0000000E-02   2.7444678E+05   1.8379213E+05   4.5804793E+05   5.7677274E-02   2.5071832E-04   3.4652076E-02
   1.0000000E-01   1.0612452E+05   7.0155499E+04   1.7624818E+05   4.9317390E-02   2.3477640E-04   2.9657655E-02
   1.5000000E-01   6.5529395E+04   3.8473055E+04   1.0389635E+05   6.1092861E-02   3.7655285E-04   3.8530367E-02
   2.0000000E-01   4.7284934E+04   2.5130566E+04   7.2415499E+04   4.7367814E-02   5.4847120E-06   3.0927983E-02
   2.5000000E-01   3.6631102E+04   1.6539382E+04   5.3081357E+04   4.6740446E-02   2.4043571E-05   3.2151011E-02
   3.0000000E-01   2.9305730E+04   1.1002912E+04   4.0266201E+04   3.9260304E-02   1.2796204E-05   2.8564745E-02
   3.5000000E-01   2.6265113E+04   7.6576264E+03   3.3859077E+04   3.1981661E-02   3.0506911E-04   2.4762301E-02
   4.0000000E-01   2.2138453E+04   5.0929582E+03   2.7215495E+04   2.6513991E-02   6.3439046E-04   2.1450610E-02
   4.5000000E-01   2.0442568E+04   3.4448203E+03   2.3880315E+04   2.4533478E-02   6.1363587E-06   2.1002505E-02
   5.0000000E-01   1.9423269E+04   2.2981974E+03   2.1715100E+04   1.6555913E-02   5.9094344E-06   1.4808231E-02
   5.5000000E-01   1.8242050E+04   1.6320616E+03   1.9862537E+04   9.9644555E-03   1.6576498E-06   9.1514975E-03
   6.0000000E-01   1.6859814E+04   1.0928639E+03   1.7947372E+04   9.5886356E-03   2.6660867E-05   9.0062020E-03
   6.5000000E-01   1.6336643E+04   6.5620807E+02   1.6997748E+04   9.2470275E-03   5.1216130E-05   8.8891192E-03
   7.0000000E-01   1.4719559E+04   5.3657952E+02   1.5247044E+04   5.0056408E-03   6.9675979E-05   4.8305907E-03
   7.5000000E-01   1.4565860E+04   2.7162444E+02   1.4837485E+04   2.9632739E-03   9.3052352E-06   2.9091740E-03
   8.0000000E-01   1.3345142E+04   1.7109156E+02   1.3516234E+04   4.0635254E-03   1.3704973E-05   4.0120946E-03
   8.5000000E-01   1.1657631E+04   9.7365377E+01   1.1754997E+04   7.0696464E-04   2.5424014E-06   7.0109405E-04
   9.0000000E-01   1.0316777E+04   6.3661977E+01   1.0380439E+04   2.6683381E-04   4.3920179E-06   2.6520826E-04
   9.5000000E-01   7.8873839E+03   2.6805043E+01   7.9141890E+03   1.2359834E-03   4.7301220E-05   1.2319819E-03
   1.0000000E+00   3.8102872E+03   1.2575205E+01   3.8228624E+03   1.1192110E-03   8.2125823E-06   1.1155299E-03
