   0.0000000E+00   3.2859766E+07   1.6965662E+07   4.9449059E+07   1.3784088E-04   1.5599333E-06   9.2132327E-05
   5.0000000E-02   1.0249578E+04   2.2918312E+03   1.2541410E+04   1.9404981E-01   8.5372334E-03   1.6014902E-01
   1.0000000E-01   4.5836624E+03   5.7295780E+02   5.1566202E+03   1.8926388E-01   4.9103662E-06   1.6823402E-01
   1.5000000E-01   2.3342725E+03   5.0929582E+02   2.8435683E+03   1.9634081E-01   3.9570916E-07   1.6117522E-01
   2.0000000E-01   1.7029579E+03   3.0239439E+02   2.0053523E+03   1.9738076E-01   2.6538823E-06   1.6761740E-01
   2.5000000E-01   1.0695212E+03   2.6738030E+02   1.3369015E+03   1.7738328E-01   1.1008260E-05   1.4190442E-01
   3.0000000E-01   8.7004702E+02   1.0610330E+02   9.7615032E+02   1.0655395E-01   4.2330133E-02   9.9573097E-02
   3.5000000E-01   6.2752520E+02   2.7283705E+01   6.5480891E+02   1.1486174E-01   3.9638899E-07   1.1007582E-01
   4.0000000E-01   4.6154933E+02   7.9577472E+00   4.6950708E+02   9.3880804E-02   8.3132793E-06   9.2289463E-02
   4.5000000E-01   4.8807516E+02   2.1220659E+01   5.0929582E+02   2.0253840E-02   1.4426434E-05   1.9409330E-02
   5.0000000E-01   3.1830989E+02   6.3661977E+00   3.2467608E+02   4.4094246E-02   8.2503343E-06   4.3229814E-02
   5.5000000E-01   2.8358517E+02   1.1574905E+01   2.9516008E+02   5.1094545E-02   5.8457581E-06   4.9091067E-02
   6.0000000E-01   2.4934274E+02   5.3051648E+00   2.5464791E+02   2.6979987E-02   7.6008677E-06   2.6417746E-02
   6.5000000E-01   1.8608886E+02   0.0000000E+00   1.8608886E+02   2.0289112E-02   0.0000000E+00   2.0289112E-02
   7.0000000E-01   2.0008050E+02   0.0000000E+00   2.0008050E+02   1.5854005E-02   0.0000000E+00   1.5854005E-02
   7.5000000E-01   7.6394373E+01   0.0000000E+00   7.6394373E+01   1.8801884E-02   0.0000000E+00   1.8801884E-02
   8.0000000E-01   8.7535219E+01   0.0000000E+00   8.7535219E+01   3.0871533E-06   0.0000000E+00   3.0871533E-06
   8.5000000E-01   5.6172333E+01   0.0000000E+00   5.6172333E+01   9.1046481E-07   0.0000000E+00   9.1046481E-07
   9.0000000E-01   3.1830989E+01   0.0000000E+00   3.1830989E+01   2.3115772E-05   0.0000000E+00   2.3115772E-05
   9.5000000E-01   2.6805043E+01   0.0000000E+00   2.6805043E+01   1.2128809E-04   0.0000000E+00   1.2128809E-04
   1.0000000E+00   0.0000000E+00   0.0000000E+00   0.0000000E+00   0.0000000E+00   0.0000000E+00   0.0000000E+00
