   0.0000000E+00   1.6755323E+07   1.0499133E+07   2.7231538E+07   8.9671992E-04   4.2241560E-04   3.9855025E-04
   5.0000000E-02   1.9773410E+05   9.4856346E+04   2.9252679E+05   1.2201027E-03   7.2211786E-03   2.9230797E-03
   1.0000000E-01   7.4102542E+04   3.3868172E+04   1.0797071E+05   5.2971381E-03   4.4471878E-03   4.9085505E-03
   1.5000000E-01   4.6770333E+04   2.0499157E+04   6.7269489E+04   6.4802662E-03   5.3377763E-03   3.9149812E-03
   2.0000000E-01   3.4011411E+04   1.3687325E+04   4.7698736E+04   7.3668907E-03   6.5976041E-03   3.8563472E-03
   2.5000000E-01   2.5783101E+04   1.0644283E+04   3.6427383E+04   8.2380858E-03   4.5771051E-03   6.6883658E-03
   3.0000000E-01   2.0085354E+04   8.6686392E+03   2.8753993E+04   7.6152259E-04   7.6690336E-03   2.8110856E-03
   3.5000000E-01   1.7770786E+04   6.6754130E+03   2.4446199E+04   1.2570765E-03   2.8027769E-03   1.6233144E-04
   4.0000000E-01   1.4690001E+04   5.7852822E+03   2.0467326E+04   9.8995583E-03   2.9494370E-03   6.6217523E-03
   4.5000000E-01   1.2350424E+04   4.5624417E+03   1.6912865E+04   5.5146994E-03   1.7028515E-03   3.5837664E-03
   5.0000000E-01   1.1573747E+04   4.1189299E+03   1.5692677E+04   3.1415166E-03   3.5415876E-03   3.1373266E-03
   5.5000000E-01   9.8676065E+03   3.5940080E+03   1.3461614E+04   3.3043128E-03   7.0657887E-03   1.4664541E-03
   6.0000000E-01   8.9710336E+03   3.0823007E+03   1.2053334E+04   5.3716236E-03   4.0131934E-03   3.3287283E-03
   6.5000000E-01   8.1242477E+03   2.4730230E+03   1.0592374E+04   4.1354323E-03   9.3292651E-03   5.2132856E-03
   7.0000000E-01   7.3393165E+03   2.0008050E+03   9.3401215E+03   2.6155849E-03   6.5149729E-03   3.1228448E-03
   7.5000000E-01   6.2600944E+03   1.8037560E+03   8.0638504E+03   6.9557038E-03   9.2240326E-03   6.6834820E-03
   8.0000000E-01   5.6579582E+03   1.6194015E+03   7.2773598E+03   1.5954961E-03   8.8113588E-03   2.8847248E-03
   8.5000000E-01   4.5237452E+03   1.2844740E+03   5.8082192E+03   7.7461307E-03   3.6870535E-03   5.6261433E-03
   9.0000000E-01   3.7348360E+03   1.0292020E+03   4.7640380E+03   7.1382706E-03   3.2883527E-03   6.2746528E-03
   9.5000000E-01   2.4794665E+03   7.5054121E+02   3.2300077E+03   1.1369561E-02   6.3832714E-03   9.9350246E-03
   1.0000000E+00   8.4882636E+02   2.3264130E+02   1.0814677E+03   1.1098142E-02   3.6411885E-02   1.5041270E-02
