   0.0000000E+00   2.4955495E+04   1.0553119E+07   1.0582658E+07   3.2486273E-03   9.8624959E-06   1.4527209E-05
   5.0000000E-02   2.3427608E+04   3.3556228E+05   3.5905355E+05   3.3723547E-03   1.6741961E-04   7.6359319E-05
   1.0000000E-01   2.4573523E+04   9.7593811E+04   1.2210367E+05   1.9829272E-03   5.3060940E-05   3.8482355E-04
   1.5000000E-01   2.5188922E+04   4.2483759E+04   6.7672682E+04   2.1479384E-03   2.9387152E-05   7.9024573E-04
   2.0000000E-01   2.4716763E+04   1.7920847E+04   4.2637609E+04   2.8217350E-03   2.4333762E-04   1.5794607E-03
   2.5000000E-01   2.3835044E+04   8.2887894E+03   3.2111101E+04   1.0820767E-03   2.4301435E-04   7.6958026E-04
   3.0000000E-01   2.5676997E+04   3.2467608E+03   2.8923758E+04   1.8000667E-03   1.5730901E-03   1.7735419E-03
   3.5000000E-01   2.6547045E+04   1.3187124E+03   2.7865757E+04   9.4365874E-05   1.4959146E-05   9.0476434E-05
   4.0000000E-01   2.8082890E+04   6.1274653E+02   2.8695636E+04   2.1838450E-04   5.6317765E-06   2.1376840E-04
   4.5000000E-01   3.0119189E+04   2.1928014E+02   3.0338469E+04   1.7709492E-04   5.0362501E-06   1.7583982E-04
   5.0000000E-01   3.2041073E+04   5.0929582E+01   3.2092003E+04   4.7807926E-05   3.9696976E-03   4.6802269E-05
   5.5000000E-01   3.3868172E+04   1.7362357E+01   3.3885534E+04   7.4456318E-05   8.5792249E-07   7.4417589E-05
   6.0000000E-01   3.5475637E+04   5.3051648E+00   3.5486247E+04   2.9805353E-05   5.0304026E-01   9.5214873E-05
   6.5000000E-01   3.6468519E+04   4.8970752E+00   3.6468519E+04   1.5282996E-05   5.6873995E-06   1.5283575E-05
   7.0000000E-01   3.6996703E+04   0.0000000E+00   3.6996703E+04   3.1230957E-05   0.0000000E+00   3.1230957E-05
   7.5000000E-01   3.6015703E+04   0.0000000E+00   3.6032679E+04   8.1196149E-05   0.0000000E+00   8.1166721E-05
   8.0000000E-01   1.5107783E+04   0.0000000E+00   1.5107783E+04   1.8972320E-04   0.0000000E+00   1.8974638E-04
   8.5000000E-01   4.6810277E+03   0.0000000E+00   4.6810277E+03   1.7367966E-04   0.0000000E+00   1.7367966E-04
   9.0000000E-01   2.1185291E+03   3.5367765E+00   2.1256027E+03   5.0559822E-04   7.9790186E-01   1.8284329E-03
   9.5000000E-01   8.3430696E+02   0.0000000E+00   8.3430696E+02   7.2249014E-05   0.0000000E+00   7.2249014E-05
   1.0000000E+00   2.5150411E+02   0.0000000E+00   2.5150411E+02   2.5487031E-06   0.0000000E+00   2.5487031E-06
