   0.0000000E+00   2.4777242E+07   1.2229211E+07   3.6968765E+07   1.5250141E-03   7.0547557E-05   1.0530208E-03
   5.0000000E-02   1.0062412E+06   5.4685638E+05   1.5525246E+06   8.6798745E-03   7.3495109E-04   5.9249736E-03
   1.0000000E-01   3.4059158E+04   1.8907607E+04   5.2966765E+04   5.1511244E-02   1.5001770E-02   3.8475301E-02
   1.5000000E-01   5.4749300E+03   2.5040378E+03   7.9789678E+03   1.0865818E-01   6.7392970E-02   9.5705574E-02
   2.0000000E-01   2.2281692E+03   5.7295780E+02   2.8011270E+03   1.5282246E-01   1.2568856E-01   1.4727233E-01
   2.5000000E-01   8.6580289E+02   3.6923947E+02   1.2350424E+03   1.2585564E-01   1.8197140E-01   1.4263252E-01
   3.0000000E-01   9.3370900E+02   2.1220659E+02   1.1459156E+03   1.1261094E-01   1.8905143E-01   1.2672598E-01
   3.5000000E-01   4.6382298E+02   1.6370223E+02   6.2752520E+02   6.6697566E-02   2.2659260E-01   1.0835579E-01
   4.0000000E-01   3.8992961E+02   3.9788736E+01   4.2971835E+02   6.2245514E-02   2.1631146E-01   7.6510017E-02
   4.5000000E-01   2.6879501E+02   8.4882636E+01   3.5367765E+02   1.6615627E-02   2.5611850E-01   7.3597820E-02
   5.0000000E-01   2.2918312E+02   3.1830989E+01   2.6101411E+02   8.3805273E-03   2.6116575E-01   3.9182249E-02
   5.5000000E-01   1.2732395E+02   4.0512167E+01   1.6783612E+02   1.8514818E-02   3.3379629E-01   6.8599128E-02
   6.0000000E-01   1.0610330E+02   3.7136153E+01   1.4323945E+02   6.2617354E-02   3.2667132E-01   3.8522522E-02
   6.5000000E-01   8.8147353E+01   1.4691226E+01   1.0283858E+02   1.0317778E-01   4.0596618E-01   3.0443676E-02
   7.0000000E-01   1.3187124E+02   2.7283705E+01   1.5915494E+02   1.2653004E-01   4.0753078E-01   3.5715169E-02
   7.5000000E-01   1.0610330E+02   1.2732395E+01   1.1883569E+02   1.1017524E-01   4.0551728E-01   5.4940765E-02
   8.0000000E-01   6.7640851E+01   3.9788736E+00   7.1619724E+01   1.0871936E-01   5.3287171E-01   7.3076105E-02
   8.5000000E-01   5.6172333E+01   3.7448222E+00   5.9917155E+01   1.4779060E-01   5.4549407E-01   1.0448066E-01
   9.0000000E-01   5.6588424E+01   3.5367765E+00   6.0125201E+01   1.6355827E-01   5.9165145E-01   1.1914160E-01
   9.5000000E-01   3.6856934E+01   1.0051891E+01   4.6908825E+01   1.9455236E-01   5.8277595E-01   3.0143934E-02
   1.0000000E+00   1.2575205E+01   6.2876027E+00   1.8862808E+01   1.9645567E-01   5.9180922E-01   6.6634998E-02
