   0.0000000E+00   8.0865990E+06   1.1204508E+07   1.9254947E+07   3.5052853E-03   6.1059999E-04   1.8165863E-03
   5.0000000E-02   2.4420734E+05   1.3362649E+05   3.7789750E+05   3.4833951E-02   9.8615153E-03   2.5988039E-02
   1.0000000E-01   1.2796057E+05   5.5927047E+04   1.8382396E+05   3.0323612E-02   8.6306604E-03   2.3723560E-02
   1.5000000E-01   9.2522074E+04   3.1661223E+04   1.2416208E+05   2.5119836E-02   6.7655162E-03   2.0442117E-02
   2.0000000E-01   7.1524231E+04   2.0499157E+04   9.1991557E+04   2.1782806E-02   9.4072111E-03   1.9030949E-02
   2.5000000E-01   5.9218371E+04   1.4222086E+04   7.3376795E+04   1.9618202E-02   5.9026458E-03   1.6932324E-02
   3.0000000E-01   5.0653713E+04   1.0440564E+04   6.1062446E+04   1.6700176E-02   6.1660848E-04   1.3920026E-02
   3.5000000E-01   4.2899078E+04   7.0119121E+03   4.9901896E+04   1.4289813E-02   4.6633402E-03   1.2935004E-02
   4.0000000E-01   3.8014158E+04   4.8064793E+03   4.2804722E+04   1.0908636E-02   4.3141563E-03   1.0129165E-02
   4.5000000E-01   3.2050269E+04   3.6641005E+03   3.5714369E+04   9.7087817E-03   4.5608861E-03   9.1666248E-03
   5.0000000E-01   2.0467326E+04   2.1645072E+03   2.2625467E+04   1.1844946E-02   3.6548348E-03   1.1049974E-02
   5.5000000E-01   1.1331832E+04   7.6973118E+02   1.2107351E+04   1.4771102E-02   1.3443397E-02   1.4674111E-02
   6.0000000E-01   7.8410335E+03   3.7666670E+02   8.2177002E+03   1.7817409E-02   3.1964327E-03   1.7147231E-02
   6.5000000E-01   5.4357534E+03   3.0851574E+02   5.7442692E+03   2.1750389E-02   6.9115442E-03   2.0840538E-02
   7.0000000E-01   3.7969822E+03   1.8643865E+02   3.9834209E+03   2.1531940E-02   1.6910432E-02   2.1189207E-02
   7.5000000E-01   2.9284510E+03   9.7615032E+01   3.0260660E+03   1.9149005E-02   1.1385372E-05   1.8531653E-02
   8.0000000E-01   2.0570776E+03   3.5809862E+01   2.0928875E+03   1.7021061E-02   6.1369675E-06   1.6729733E-02
   8.5000000E-01   1.2882188E+03   3.7448222E+01   1.3256671E+03   2.4347710E-02   1.2182461E-05   2.3659624E-02
   9.0000000E-01   8.0284827E+02   1.4147106E+01   8.1699537E+02   2.7404169E-02   6.2688056E-05   2.6929337E-02
   9.5000000E-01   4.4898447E+02   1.6753152E+01   4.6573762E+02   2.9964322E-02   2.0552651E-04   2.8892895E-02
   1.0000000E+00   2.2635370E+02   6.2876027E+00   2.3264130E+02   1.1757489E-02   4.9590472E-07   1.1439727E-02
