   0.0000000E+00   2.4598988E+07   1.4885189E+07   3.9137346E+07   4.0234710E-03   2.3011392E-07   2.5116487E-03
   5.0000000E-02   1.9054030E+05   5.5958878E+04   2.4637185E+05   1.7556544E-01   3.4021833E-04   1.3586149E-01
   1.0000000E-01   7.9195500E+04   2.1167607E+04   1.0036311E+05   1.9050322E-01   4.7551153E-06   1.5032314E-01
   1.5000000E-01   4.1507609E+04   1.2032114E+04   5.3518502E+04   2.0731747E-01   3.7579683E-05   1.6062955E-01
   2.0000000E-01   2.5528453E+04   7.7030992E+03   3.3231552E+04   2.1708192E-01   7.1857590E-06   1.6676050E-01
   2.5000000E-01   1.6615776E+04   4.3544792E+03   2.0970255E+04   2.1890622E-01   1.6948248E-06   1.7345058E-01
   3.0000000E-01   1.1215118E+04   3.0239439E+03   1.4239062E+04   2.2138647E-01   3.2269267E-06   1.7437003E-01
   3.5000000E-01   7.6758155E+03   1.9189539E+03   9.5947694E+03   2.1129742E-01   2.3825610E-05   1.6903317E-01
   4.0000000E-01   5.2759864E+03   1.1777466E+03   6.4537329E+03   1.8967387E-01   7.8465865E-07   1.5506011E-01
   4.5000000E-01   3.7984980E+03   6.7906109E+02   4.4775591E+03   1.7472940E-01   1.3585156E-06   1.4823036E-01
   5.0000000E-01   3.3040566E+03   4.6473243E+02   3.7687891E+03   1.1729715E-01   1.4894733E-05   1.0283481E-01
   5.5000000E-01   2.6332909E+03   3.7618441E+02   3.0094753E+03   1.0897611E-01   1.2390714E-05   9.5355643E-02
   6.0000000E-01   2.3661035E+03   1.3793428E+02   2.5040378E+03   7.6857514E-02   3.8398176E-06   7.2624048E-02
   6.5000000E-01   2.1498160E+03   7.8353203E+01   2.2281692E+03   3.9477844E-02   7.0143571E-06   3.8089859E-02
   7.0000000E-01   1.9598794E+03   5.0020125E+01   2.0098996E+03   2.6501897E-02   3.9138234E-05   2.5843320E-02
   7.5000000E-01   1.8716621E+03   4.6685450E+01   1.9183476E+03   2.0735648E-02   7.8887521E-05   2.0232938E-02
   8.0000000E-01   1.7308100E+03   2.3873241E+01   1.7546832E+03   1.1732971E-02   2.2775018E-05   1.1573036E-02
   8.5000000E-01   1.7713009E+03   2.6213755E+01   1.7975147E+03   1.7481394E-02   2.4495023E-06   1.7226492E-02
   9.0000000E-01   1.4854461E+03   3.5367765E+00   1.4889829E+03   2.0317755E-03   2.1508812E-05   2.0269049E-03
   9.5000000E-01   1.2296813E+03   6.7012608E+00   1.2363826E+03   1.9362618E-03   3.0397484E-06   1.9257507E-03
   1.0000000E+00   3.8354376E+02   0.0000000E+00   3.8354376E+02   2.8669831E-06   0.0000000E+00   2.8669831E-06
