   0.0000000E+00   3.3256508E+07   1.6936632E+07   4.9779592E+07   5.8168294E-04   1.8327106E-08   3.8393788E-04
   5.0000000E-02   1.9098593E+02   6.3661977E+01   2.5464791E+02   1.3796953E-01   1.6901962E-05   1.0348137E-01
   1.0000000E-01   3.8197186E+02   0.0000000E+00   3.8197186E+02   8.1472140E-07   0.0000000E+00   8.1472140E-07
   1.5000000E-01   2.3342725E+02   0.0000000E+00   2.3342725E+02   5.7011280E-07   0.0000000E+00   5.7011280E-07
   2.0000000E-01   3.5014087E+02   0.0000000E+00   3.5014087E+02   7.4016959E-08   0.0000000E+00   7.4016959E-08
   2.5000000E-01   3.5650707E+02   0.0000000E+00   3.5650707E+02   2.4620089E-06   0.0000000E+00   2.4620089E-06
   3.0000000E-01   3.5014087E+02   0.0000000E+00   3.5014087E+02   1.6512989E-06   0.0000000E+00   1.6512989E-06
   3.5000000E-01   3.6378273E+02   0.0000000E+00   3.6378273E+02   2.4398235E-06   0.0000000E+00   2.4398235E-06
   4.0000000E-01   3.1830989E+02   0.0000000E+00   3.1830989E+02   4.7957506E-06   0.0000000E+00   4.7957506E-06
   4.5000000E-01   4.1733963E+02   0.0000000E+00   4.1733963E+02   6.5804692E-06   0.0000000E+00   6.5804692E-06
   5.0000000E-01   4.9656342E+02   0.0000000E+00   4.9656342E+02   4.2433858E-05   0.0000000E+00   4.2433858E-05
   5.5000000E-01   6.2504487E+02   0.0000000E+00   6.2504487E+02   2.0563363E-06   0.0000000E+00   2.0563363E-06
   6.0000000E-01   9.5492966E+02   0.0000000E+00   9.5492966E+02   1.3946264E-05   0.0000000E+00   1.3946264E-05
   6.5000000E-01   2.3995668E+02   0.0000000E+00   2.3995668E+02   3.5981177E-06   0.0000000E+00   3.5981177E-06
   7.0000000E-01   0.0000000E+00   0.0000000E+00   0.0000000E+00   0.0000000E+00   0.0000000E+00   0.0000000E+00
   7.5000000E-01   0.0000000E+00   0.0000000E+00   0.0000000E+00   0.0000000E+00   0.0000000E+00   0.0000000E+00
   8.0000000E-01   0.0000000E+00   0.0000000E+00   0.0000000E+00   0.0000000E+00   0.0000000E+00   0.0000000E+00
   8.5000000E-01   0.0000000E+00   0.0000000E+00   0.0000000E+00   0.0000000E+00   0.0000000E+00   0.0000000E+00
   9.0000000E-01   0.0000000E+00   0.0000000E+00   0.0000000E+00   0.0000000E+00   0.0000000E+00   0.0000000E+00
   9.5000000E-01   0.0000000E+00   0.0000000E+00   0.0000000E+00   0.0000000E+00   0.0000000E+00   0.0000000E+00
   1.0000000E+00   0.0000000E+00   0.0000000E+00   0.0000000E+00   0.0000000E+00   0.0000000E+00   0.0000000E+00
