   0.0000000E+00   1.1708711E+06   9.6501372E+06   1.0816934E+07   4.0059095E-04   8.2048141E-05   7.2197632E-05
   5.0000000E-02   1.0249578E+05   1.5438029E+05   2.5681242E+05   2.9346939E-03   1.3072554E-03   1.4773721E-03
   1.0000000E-01   6.9296062E+04   6.3789301E+04   1.3308536E+05   1.6308956E-03   1.1679946E-03   2.8980663E-04
   1.5000000E-01   5.7996061E+04   3.8006200E+04   9.5981041E+04   1.7043999E-03   7.3696492E-04   1.0762600E-03
   2.0000000E-01   5.0468032E+04   2.3777748E+04   7.4245781E+04   7.0035094E-04   9.6499649E-04   2.1139557E-04
   2.5000000E-01   4.7262652E+04   1.6424790E+04   6.3661977E+04   2.0521889E-03   1.0911076E-03   1.6241474E-03
   3.0000000E-01   4.1083196E+04   1.1087794E+04   5.2160380E+04   2.2718981E-03   1.5610754E-03   1.7081360E-03
   3.5000000E-01   3.7378675E+04   8.0941657E+03   4.5472841E+04   6.2415114E-04   1.4745183E-03   3.8939110E-04
   4.0000000E-01   3.5292609E+04   6.1195076E+03   4.1404158E+04   1.7901418E-03   8.8791442E-04   1.6527789E-03
   4.5000000E-01   3.1795621E+04   4.0531459E+03   3.5848767E+04   1.1113253E-03   1.8168516E-03   7.9791628E-04
   5.0000000E-01   3.0010256E+04   3.1640003E+03   3.3174256E+04   1.3240128E-03   3.7655878E-03   1.5093212E-03
   5.5000000E-01   2.8011270E+04   2.3554932E+03   3.0366763E+04   1.8589776E-03   1.3363096E-03   1.8049879E-03
   6.0000000E-01   2.6753946E+04   1.8037560E+03   2.8552397E+04   1.1288578E-03   1.6821418E-03   9.7871348E-04
   6.5000000E-01   2.4877142E+04   1.3271074E+03   2.6204249E+04   4.2221022E-04   3.7887784E-03   3.2973833E-04
   7.0000000E-01   2.3618594E+04   1.0640645E+03   2.4682658E+04   8.8412937E-04   1.1534845E-04   8.4624690E-04
   7.5000000E-01   1.9480565E+04   6.7481696E+02   2.0155382E+04   6.8382265E-04   4.9764839E-04   6.7697762E-04
   8.0000000E-01   7.4404936E+03   1.4323945E+02   7.5837330E+03   3.4416830E-03   1.8019727E-04   3.3798419E-03
   8.5000000E-01   4.9169515E+03   5.6172333E+01   4.9731239E+03   2.5186198E-03   5.6958086E-02   1.8486281E-03
   9.0000000E-01   3.1265104E+03   4.5978095E+01   3.1724885E+03   3.1961096E-03   2.9025206E-02   2.7455093E-03
   9.5000000E-01   1.8227429E+03   1.3402522E+01   1.8361454E+03   7.1595819E-03   7.5416657E-06   7.1073767E-03
   1.0000000E+00   4.4013219E+02   0.0000000E+00   4.4013219E+02   4.9719693E-03   0.0000000E+00   4.9719693E-03
