   0.0000000E+00   3.3279935E+07   1.6844959E+07   4.9452624E+07   1.4287954E-05   1.8590576E-05   1.5947782E-05
   5.0000000E-02   1.4005635E+03   3.8197186E+02   1.7825354E+03   1.5472229E-01   5.7658656E-02   1.3392294E-01
   1.0000000E-01   3.5014087E+02   1.2732395E+02   4.7746483E+02   2.2040792E-01   3.0222853E-02   1.6969190E-01
   1.5000000E-01   2.9708923E+02   1.4854461E+02   4.4563384E+02   1.8336248E-01   1.7638885E-01   1.8103794E-01
   2.0000000E-01   1.5915494E+02   4.7746483E+01   2.0690143E+02   8.0363657E-02   3.7201727E-06   6.1817340E-02
   2.5000000E-01   2.0371833E+02   7.6394373E+01   2.8011270E+02   1.6810412E-01   8.5705175E-02   1.4563168E-01
   3.0000000E-01   1.8037560E+02   7.4272307E+01   2.5464791E+02   1.7883708E-01   1.2263811E-01   1.6244571E-01
   3.5000000E-01   8.1851114E+01   0.0000000E+00   8.1851114E+01   2.3967880E-01   0.0000000E+00   2.3967880E-01
   4.0000000E-01   7.9577472E+01   2.3873241E+01   1.0345071E+02   1.1355293E-01   5.7608965E-07   8.7348539E-02
   4.5000000E-01   6.3661977E+01   2.8294212E+01   9.1956189E+01   2.9104575E-01   7.2625147E-07   2.0149299E-01
   5.0000000E-01   3.1830989E+01   2.5464791E+01   5.7295780E+01   2.3074292E-01   1.4182297E-01   1.9122294E-01
   5.5000000E-01   6.3661977E+01   2.8937262E+01   9.2599240E+01   1.5796607E-01   2.2518451E-05   1.0859463E-01
   6.0000000E-01   7.4272307E+01   1.0610330E+01   8.4882636E+01   1.2889683E-01   4.5383311E-06   1.1278416E-01
   6.5000000E-01   3.4279526E+01   4.8970752E+00   3.9176601E+01   2.2215888E-01   1.6943833E-05   1.9439114E-01
   7.0000000E-01   6.3661977E+01   0.0000000E+00   6.3661977E+01   1.5219022E-01   0.0000000E+00   1.5219022E-01
   7.5000000E-01   3.8197186E+01   0.0000000E+00   3.8197186E+01   2.2906748E-01   0.0000000E+00   2.2906748E-01
   8.0000000E-01   1.5915494E+01   3.9788736E+00   1.9894368E+01   2.0036385E-01   2.7481128E-05   1.6028559E-01
   8.5000000E-01   1.1234467E+01   3.7448222E+00   1.4979289E+01   2.2125603E-01   3.1211411E-05   1.6593422E-01
   9.0000000E-01   7.0735530E+00   3.5367765E+00   1.0610330E+01   3.7648557E-01   3.7742765E-01   3.7679960E-01
   9.5000000E-01   1.0051891E+01   0.0000000E+00   1.0051891E+01   1.7983071E-05   0.0000000E+00   1.7983071E-05
   1.0000000E+00   1.2575205E+01   0.0000000E+00   1.2575205E+01   4.1502812E-01   0.0000000E+00   4.1502812E-01
