   0.0000000E+00   3.1902290E+06   1.0346345E+07   1.3521295E+07   5.8344142E-03   9.6940397E-05   1.4456038E-03
   5.0000000E-02   1.8290086E+05   1.9079495E+05   3.7363214E+05   1.6424884E-02   4.7537037E-04   8.3265565E-03
   1.0000000E-01   1.1236339E+05   7.5152964E+04   1.8732537E+05   1.4017415E-02   9.2189878E-04   8.6633377E-03
   1.5000000E-01   8.7280571E+04   4.1953243E+04   1.2917015E+05   1.0270265E-02   3.3300345E-04   7.0175946E-03
   2.0000000E-01   7.7460711E+04   2.5560284E+04   1.0297325E+05   5.1427454E-03   2.2560277E-04   3.8129045E-03
   2.5000000E-01   6.6030203E+04   1.5431663E+04   8.1461866E+04   3.2442155E-03   7.9260427E-04   2.7704774E-03
   3.0000000E-01   5.9110146E+04   1.0101034E+04   6.9189959E+04   2.9522402E-03   3.1794089E-04   2.4804459E-03
   3.5000000E-01   5.3194129E+04   6.7117913E+03   5.9905921E+04   3.0561013E-03   6.7856970E-04   2.7641516E-03
   4.0000000E-01   4.7531624E+04   4.2573947E+03   5.1773103E+04   2.0637928E-03   9.4343525E-06   1.9474315E-03
   4.5000000E-01   4.1861287E+04   2.9496716E+03   4.4803885E+04   1.6228095E-03   7.8500403E-06   1.5159943E-03
   5.0000000E-01   3.7675158E+04   1.9225917E+03   3.9597750E+04   1.3770378E-03   1.0776464E-05   1.3098521E-03
   5.5000000E-01   2.3039848E+04   8.9705513E+02   2.3936903E+04   1.6565456E-03   1.6780641E-05   1.5938547E-03
   6.0000000E-01   1.1050658E+04   1.9098593E+02   1.1241644E+04   2.0942125E-03   1.5664976E-05   2.0588978E-03
   6.5000000E-01   6.9097731E+03   7.3456128E+01   6.9832292E+03   3.2092896E-03   4.4736478E-06   3.1754955E-03
   7.0000000E-01   4.2971835E+03   2.7283705E+01   4.3244672E+03   2.0784413E-03   7.5585630E-05   2.0655452E-03
   7.5000000E-01   3.1236810E+03   4.2441318E+00   3.1279251E+03   1.1452399E-03   1.1972072E-05   1.1437021E-03
   8.0000000E-01   1.8103875E+03   0.0000000E+00   1.8103875E+03   3.6178813E-03   0.0000000E+00   3.6178813E-03
   8.5000000E-01   1.1571501E+03   0.0000000E+00   1.1571501E+03   2.4898342E-03   0.0000000E+00   2.4898342E-03
   9.0000000E-01   6.8967142E+02   1.0610330E+01   7.0028175E+02   6.4522016E-03   5.9787648E-06   6.3545003E-03
   9.5000000E-01   3.2166052E+02   0.0000000E+00   3.2166052E+02   8.7325494E-03   0.0000000E+00   8.7325494E-03
   1.0000000E+00   1.0688925E+02   0.0000000E+00   1.0688925E+02   1.5199590E-02   0.0000000E+00   1.5199590E-02
