   0.0000000E+00   3.1845758E+07   1.5955219E+07   4.7554478E+07   9.6674078E-06   2.8535937E-05   7.6948466E-06
   5.0000000E-02   8.7853529E+03   4.6473243E+03   1.3432677E+04   2.6502185E-02   4.5092454E-02   3.2622496E-02
   1.0000000E-01   6.3025357E+03   2.5146481E+03   8.8171838E+03   2.0248171E-02   1.8152768E-02   1.4595386E-02
   1.5000000E-01   3.9894839E+03   1.7188734E+03   5.7083573E+03   1.4911192E-02   2.1415461E-02   8.2977809E-03
   2.0000000E-01   3.1830989E+03   1.6552114E+03   4.8383103E+03   2.8819480E-03   2.7697940E-02   1.1323127E-02
   2.5000000E-01   2.8647890E+03   1.1968452E+03   4.0616341E+03   1.7105008E-02   9.6671287E-03   1.4564355E-02
   3.0000000E-01   2.2812209E+03   1.4005635E+03   3.6817844E+03   2.0463529E-02   5.4271982E-03   1.4397336E-02
   3.5000000E-01   2.0917507E+03   1.1277265E+03   3.2194771E+03   1.4653452E-02   1.9646920E-02   1.5557614E-02
   4.0000000E-01   1.9655635E+03   9.7880290E+02   2.9443664E+03   2.6746426E-02   1.4441588E-02   1.8498575E-02
   4.5000000E-01   1.4995932E+03   7.9931149E+02   2.2989047E+03   2.6784067E-03   9.1954507E-03   3.9113968E-03
   5.0000000E-01   1.4705917E+03   7.2574654E+02   2.1963382E+03   8.2619691E-03   2.7165483E-02   1.0610394E-02
   5.5000000E-01   1.3889886E+03   6.6555703E+02   2.0545456E+03   2.1785049E-02   7.6661989E-03   1.5068454E-02
   6.0000000E-01   1.1300001E+03   5.2521131E+02   1.6552114E+03   1.7155806E-02   3.5885736E-03   1.2830384E-02
   6.5000000E-01   9.7941503E+02   5.0439874E+02   1.4838138E+03   1.0843399E-02   2.1090542E-02   1.2587536E-02
   7.0000000E-01   8.8672040E+02   4.5018112E+02   1.3369015E+03   1.6325076E-02   8.2579610E-03   1.2529283E-02
   7.5000000E-01   8.0214091E+02   4.2441318E+02   1.2265541E+03   7.4731816E-03   1.7826803E-02   3.0395922E-03
   8.0000000E-01   8.0373246E+02   3.5809862E+02   1.1618311E+03   1.4263295E-02   1.8384941E-02   4.2115984E-03
   8.5000000E-01   5.6172333E+02   3.2954435E+02   8.9126768E+02   1.7715531E-02   2.1973043E-02   1.7774226E-02
   9.0000000E-01   5.1990615E+02   1.8744916E+02   7.0735530E+02   1.4407953E-02   1.4866910E-02   1.3902436E-02
   9.5000000E-01   3.4176430E+02   2.0103782E+02   5.4280212E+02   2.2889283E-02   3.2526395E-02   2.5792668E-02
   1.0000000E+00   2.6407931E+02   1.3832726E+02   4.0240657E+02   2.7536227E-02   3.4364775E-02   8.6134084E-03
