   0.0000000E+00   1.2287780E+07   9.2961766E+06   2.1528953E+07   5.7635749E-05   1.4466136E-05   3.9141704E-05
   5.0000000E-02   1.2700564E+05   7.2956626E+04   1.9977128E+05   4.0086552E-03   2.0803432E-03   2.0120003E-03
   1.0000000E-01   6.2356907E+04   3.1862820E+04   9.4219726E+04   2.8857748E-03   1.0658389E-03   1.9432010E-03
   1.5000000E-01   4.5985168E+04   2.1772396E+04   6.7757564E+04   5.1454515E-03   1.5989536E-03   3.0405805E-03
   2.0000000E-01   3.6064510E+04   1.6615776E+04   5.2616624E+04   4.2076183E-03   4.2711636E-03   3.1790559E-03
   2.5000000E-01   3.0914256E+04   1.2312226E+04   4.3201018E+04   2.7524925E-03   1.3786717E-03   2.3238333E-03
   3.0000000E-01   2.5411739E+04   1.0228358E+04   3.5640097E+04   9.8881490E-04   5.9232430E-03   1.8962320E-03
   3.5000000E-01   2.2700042E+04   8.1305439E+03   3.0830586E+04   2.0910998E-03   2.1402086E-03   1.4489847E-03
   4.0000000E-01   2.0236551E+04   6.9311978E+03   2.7159791E+04   1.4087507E-03   2.1431395E-03   1.3772110E-03
   4.5000000E-01   1.7931457E+04   5.7578722E+03   2.3689329E+04   2.1049036E-03   2.0338528E-03   1.9268680E-03
   5.0000000E-01   1.6068283E+04   5.1502540E+03   2.1205805E+04   1.9056539E-03   1.1857637E-03   1.2026988E-03
   5.5000000E-01   1.4555443E+04   4.3926764E+03   1.8942332E+04   3.2808977E-03   2.6363151E-03   2.5720562E-03
   6.0000000E-01   1.3406151E+04   4.0319252E+03   1.7427466E+04   2.5714255E-03   6.0847624E-03   2.4148640E-03
   6.5000000E-01   1.1939069E+04   3.7707479E+03   1.5709817E+04   1.3172801E-03   4.0932297E-03   9.5894630E-04
   7.0000000E-01   1.1304548E+04   3.0876059E+03   1.4387607E+04   4.7568728E-03   2.4722628E-03   4.2378049E-03
   7.5000000E-01   1.1000790E+04   2.9072303E+03   1.3903776E+04   4.0038420E-03   5.5274056E-03   3.4175279E-03
   8.0000000E-01   9.5811276E+03   2.6499298E+03   1.2227079E+04   1.7698193E-03   3.7802578E-03   1.3853097E-03
   8.5000000E-01   8.2460985E+03   2.1982106E+03   1.0440564E+04   5.1666522E-04   6.4699531E-03   1.4996767E-03
   9.0000000E-01   4.4457281E+03   1.1388420E+03   5.5845701E+03   9.7363729E-03   3.6020873E-03   8.4635157E-03
   9.5000000E-01   2.3420906E+03   4.5568573E+02   2.7977764E+03   9.7622691E-03   2.2758524E-02   4.7885973E-03
   1.0000000E+00   8.9912718E+02   2.1377849E+02   1.1129057E+03   1.1253363E-02   4.7554787E-02   1.8023975E-02
