   0.0000000E+00   3.0710029E+07   1.6223109E+07   4.6622467E+07   4.3667083E-04   1.6670793E-04   3.4547752E-04
   5.0000000E-02   3.5650707E+04   1.2095776E+04   4.7746483E+04   1.4328067E-01   9.7471645E-02   1.3166897E-01
   1.0000000E-01   1.7252396E+04   5.5067610E+03   2.2759157E+04   1.4722593E-01   9.2300529E-02   1.3390951E-01
   1.5000000E-01   1.0716433E+04   2.9921129E+03   1.3708546E+04   1.2997662E-01   9.5744456E-02   1.2249903E-01
   2.0000000E-01   7.0823950E+03   2.1485917E+03   9.2309867E+03   1.4664614E-01   1.0209664E-01   1.3626879E-01
   2.5000000E-01   6.1115498E+03   1.3750987E+03   7.4866485E+03   1.3665752E-01   7.5541326E-02   1.2543054E-01
   3.0000000E-01   4.8489206E+03   1.0292020E+03   5.8781226E+03   1.3323410E-01   9.8056470E-02   1.2707483E-01
   3.5000000E-01   3.6923947E+03   8.8217311E+02   4.5745678E+03   1.4978339E-01   7.0287020E-02   1.3443915E-01
   4.0000000E-01   2.9364087E+03   5.6500005E+02   3.5014087E+03   1.4033485E-01   7.6294486E-02   1.2998963E-01
   4.5000000E-01   2.5606262E+03   5.5881069E+02   3.1123633E+03   1.3497761E-01   8.2858310E-02   1.2502924E-01
   5.0000000E-01   1.7952678E+03   2.9284510E+02   2.0881129E+03   1.3701642E-01   7.4377855E-02   1.2823172E-01
   5.5000000E-01   1.4815878E+03   2.2571065E+02   1.7072985E+03   1.2662442E-01   6.1467181E-02   1.1801041E-01
   6.0000000E-01   1.2891550E+03   2.2281692E+02   1.5119720E+03   1.2256328E-01   4.7348224E-02   1.1141821E-01
   6.5000000E-01   1.0822536E+03   1.4691226E+02   1.2291659E+03   1.3630264E-01   3.8475365E-02   1.2460986E-01
   7.0000000E-01   7.5939644E+02   9.5492966E+01   8.5488941E+02   1.1659585E-01   6.8624743E-02   1.1123133E-01
   7.5000000E-01   6.3661977E+02   1.1034743E+02   7.4696720E+02   1.2934288E-01   3.1012332E-02   1.1481619E-01
   8.0000000E-01   5.2123244E+02   5.1725357E+01   5.7295780E+02   1.4618813E-01   4.8401983E-02   1.3736022E-01
   8.5000000E-01   4.1193044E+02   4.1193044E+01   4.5312349E+02   1.5432187E-01   8.4458804E-02   1.4797066E-01
   9.0000000E-01   3.3953055E+02   2.1220659E+01   3.6075120E+02   1.0846591E-01   6.2426699E-02   1.0575754E-01
   9.5000000E-01   2.0103782E+02   1.6753152E+01   2.1779097E+02   1.3949522E-01   8.4598354E-02   1.3527082E-01
   1.0000000E+00   7.5451232E+01   6.2876027E+00   8.1738835E+01   7.0763963E-02   8.4179336E-06   6.5319934E-02
