   0.0000000E+00   1.9407736E+07   1.0941711E+07   3.0310741E+07   1.1056735E-03   8.0874409E-05   7.1586123E-04
   5.0000000E-02   3.0424059E+05   1.4400339E+05   4.4818032E+05   1.6612538E-03   1.2457749E-04   1.1677450E-03
   1.0000000E-01   7.0155499E+04   3.4472961E+04   1.0462846E+05   8.2551251E-03   2.3718540E-03   6.3116422E-03
   1.5000000E-01   4.4478501E+04   1.8207325E+04   6.2664606E+04   1.9076306E-03   9.6264118E-04   1.3914599E-03
   2.0000000E-01   3.0939721E+04   1.2541410E+04   4.3481130E+04   6.4630963E-03   1.6265769E-03   4.5161492E-03
   2.5000000E-01   2.3007439E+04   1.0122254E+04   3.3129693E+04   2.6004135E-03   1.3070709E-03   1.7546011E-03
   3.0000000E-01   1.8345260E+04   7.6712683E+03   2.6016528E+04   6.2071403E-03   4.8769281E-04   4.4245746E-03
   3.5000000E-01   1.5242496E+04   6.3571032E+03   2.1599599E+04   1.2199811E-02   1.2401139E-03   8.5507642E-03
   4.0000000E-01   1.2143522E+04   4.9099300E+03   1.7045494E+04   1.3628946E-03   6.3864278E-04   1.1145979E-03
   4.5000000E-01   9.9878569E+03   4.0672930E+03   1.4055150E+04   4.0343372E-03   1.1063398E-03   3.1178993E-03
   5.0000000E-01   8.7535219E+03   3.3677186E+03   1.2121240E+04   1.7631333E-03   1.7894259E-03   1.7456082E-03
   5.5000000E-01   7.6625871E+03   2.7721897E+03   1.0434777E+04   9.9062798E-03   9.5945868E-04   7.4337403E-03
   6.0000000E-01   6.0054465E+03   2.3395777E+03   8.3450242E+03   1.1268727E-02   6.7933531E-04   7.9224329E-03
   6.5000000E-01   5.4014739E+03   2.1743014E+03   7.5757753E+03   9.3542798E-03   3.9794561E-03   6.7551159E-03
   7.0000000E-01   4.6882499E+03   1.7143261E+03   6.4025760E+03   5.7931630E-03   9.6858030E-04   3.9833087E-03
   7.5000000E-01   3.9003571E+03   1.3411457E+03   5.2415028E+03   4.3248967E-03   2.5674755E-03   3.6799040E-03
   8.0000000E-01   3.3263383E+03   9.7482403E+02   4.3011623E+03   8.9707711E-03   4.4428735E-04   7.0092167E-03
   8.5000000E-01   2.5914170E+03   7.9390230E+02   3.3853193E+03   1.0557436E-02   1.5617196E-06   8.0812588E-03
   9.0000000E-01   2.0230362E+03   5.7295780E+02   2.5959940E+03   4.1865896E-03   1.9173683E-03   3.4107469E-03
   9.5000000E-01   1.1760713E+03   3.6856934E+02   1.5446406E+03   2.5963786E-02   6.7981898E-03   1.9429346E-02
   1.0000000E+00   4.0869417E+02   1.6347767E+02   5.7217184E+02   2.0805700E-02   2.7473115E-06   1.4861233E-02
