   0.0000000E+00   1.9542699E+07   1.1519253E+07   3.1048201E+07   2.2738922E-04   2.4681042E-04   1.5161540E-04
   5.0000000E-02   2.7170932E+05   1.2350424E+05   3.9521355E+05   1.0483813E-02   2.8410973E-03   8.0951742E-03
   1.0000000E-01   7.2097189E+04   3.0653242E+04   1.0275043E+05   1.3020766E-02   1.0010283E-02   1.2081925E-02
   1.5000000E-01   4.0786107E+04   1.6636997E+04   5.7423103E+04   1.3729139E-02   3.9077878E-03   1.0813155E-02
   2.0000000E-01   2.9921129E+04   1.1809297E+04   4.1730426E+04   1.3006039E-02   6.3407216E-03   1.0915473E-02
   2.5000000E-01   2.2574537E+04   9.2182543E+03   3.1780059E+04   3.9698099E-03   1.4708598E-02   3.5696443E-03
   3.0000000E-01   1.8154274E+04   6.8542729E+03   2.5008547E+04   1.4839959E-02   4.6305559E-03   1.1770250E-02
   3.5000000E-01   1.4405796E+04   5.7841454E+03   2.0189941E+04   5.1237164E-03   3.6181643E-03   4.6584563E-03
   4.0000000E-01   1.3154156E+04   4.5120426E+03   1.7666199E+04   5.2579508E-03   3.0190462E-03   4.5165587E-03
   4.5000000E-01   1.0292020E+04   3.9753368E+03   1.4267356E+04   2.9898068E-03   4.6836306E-03   3.2881782E-03
   5.0000000E-01   8.8617472E+03   3.1067045E+03   1.1968452E+04   1.9669674E-03   7.5180218E-03   3.4078248E-03
   5.5000000E-01   7.7493989E+03   2.3960053E+03   1.0145404E+04   1.2107859E-02   6.6336284E-03   8.3429314E-03
   6.0000000E-01   6.4563855E+03   2.2706105E+03   8.7269960E+03   6.9044113E-03   1.2165970E-02   7.5803046E-03
   6.5000000E-01   5.6414306E+03   1.9931096E+03   7.6345402E+03   8.3989933E-03   7.8288160E-03   5.9760730E-03
   7.0000000E-01   4.8792358E+03   1.4778673E+03   6.3571032E+03   1.2532364E-02   4.6821462E-03   1.0206761E-02
   7.5000000E-01   4.1083196E+03   1.2095776E+03   5.3178972E+03   1.9389820E-03   5.2921362E-03   8.2832829E-04
   8.0000000E-01   3.3740848E+03   1.0424649E+03   4.4165497E+03   9.2695892E-03   1.0154676E-02   8.7882182E-03
   8.5000000E-01   2.7337202E+03   8.9126768E+02   3.6249879E+03   4.4551518E-03   1.6313039E-03   3.6125104E-03
   9.0000000E-01   2.0796246E+03   5.6942102E+02   2.6490456E+03   1.1633072E-02   1.3333822E-02   7.5029116E-03
   9.5000000E-01   1.2899927E+03   4.1212754E+02   1.7021202E+03   1.6021061E-03   1.3091890E-02   4.1202461E-03
   1.0000000E+00   4.3384459E+02   1.2575205E+02   5.5959664E+02   9.3755049E-03   1.2511652E-02   9.8049706E-03
