   0.0000000E+00   3.1769364E+07   1.6250611E+07   4.7484196E+07   3.8863747E-04   8.4438347E-10   2.5966867E-04
   5.0000000E-02   2.3236622E+04   5.2839441E+03   2.8520566E+04   1.7762937E-01   2.3412850E-06   1.4472079E-01
   1.0000000E-01   9.1673247E+03   2.6101411E+03   1.1777466E+04   1.9437541E-01   2.8622686E-03   1.5193181E-01
   1.5000000E-01   6.1115498E+03   1.4217842E+03   7.5333340E+03   1.9192228E-01   1.6792365E-06   1.5570002E-01
   2.0000000E-01   4.3290145E+03   1.0981691E+03   5.4271836E+03   1.8182559E-01   2.3330890E-06   1.4503343E-01
   2.5000000E-01   3.6923947E+03   7.8940852E+02   4.4690708E+03   2.0528497E-01   3.3400474E-06   1.6960875E-01
   3.0000000E-01   2.8329580E+03   7.8516439E+02   3.6181224E+03   2.3320526E-01   8.7475538E-06   1.8259577E-01
   3.5000000E-01   2.1554127E+03   6.0024150E+02   2.7556542E+03   2.5630166E-01   2.0853844E-05   2.0047812E-01
   4.0000000E-01   1.6552114E+03   4.4563384E+02   2.1008452E+03   2.1901057E-01   1.2276007E-05   1.7255638E-01
   4.5000000E-01   1.3651957E+03   2.9001567E+02   1.6552114E+03   2.3549826E-01   2.6757581E-05   1.9423106E-01
   5.0000000E-01   1.2859719E+03   3.5650707E+02   1.6424790E+03   2.6338647E-01   3.5425819E-05   2.0620962E-01
   5.5000000E-01   9.7807947E+02   2.7779772E+02   1.2558772E+03   2.7223005E-01   7.6222007E-06   2.1201495E-01
   6.0000000E-01   8.1169021E+02   2.4934274E+02   1.0610330E+03   2.8195897E-01   9.2985900E-06   2.1569643E-01
   6.5000000E-01   6.9538467E+02   1.5180933E+02   8.4719400E+02   2.8881209E-01   8.0894594E-05   2.3707413E-01
   7.0000000E-01   5.4112681E+02   1.3187124E+02   6.7299805E+02   2.9996146E-01   2.2697734E-05   2.4118078E-01
   7.5000000E-01   4.2441318E+02   1.4430048E+02   5.6871366E+02   3.0921029E-01   1.6008242E-05   2.3075120E-01
   8.0000000E-01   3.7401412E+02   1.2334508E+02   4.9735920E+02   3.5216592E-01   5.1021424E-07   2.6482889E-01
   8.5000000E-01   2.2094451E+02   5.6172333E+01   2.7711684E+02   3.4735929E-01   9.9987631E-06   2.7694875E-01
   9.0000000E-01   2.0159626E+02   4.5978095E+01   2.4757436E+02   3.5129937E-01   1.1268255E-05   2.8605597E-01
   9.5000000E-01   1.5077837E+02   3.6856934E+01   1.8763530E+02   3.5414526E-01   3.1282505E-05   2.8458715E-01
   1.0000000E+00   5.6588424E+01   1.2575205E+01   6.9163630E+01   3.4075905E-01   2.1611891E-05   2.7880675E-01
