   0.0000000E+00   2.3309451E+07   1.3680195E+07   3.6561837E+07   2.5331100E-03   1.1401126E-05   1.5997016E-03
   5.0000000E-02   1.5654480E+05   4.7873807E+04   2.0435495E+05   1.4951829E-01   3.1910212E-04   1.1449020E-01
   1.0000000E-01   6.7768175E+04   1.9958030E+04   8.7598881E+04   1.4632786E-01   2.2373208E-05   1.1319696E-01
   1.5000000E-01   3.9618971E+04   1.1544039E+04   5.1141788E+04   1.4565376E-01   4.7296910E-06   1.1271216E-01
   2.0000000E-01   2.6403805E+04   8.6261979E+03   3.5014087E+04   1.4788771E-01   2.1444426E-05   1.1151814E-01
   2.5000000E-01   2.0244509E+04   5.7168456E+03   2.5935890E+04   1.5937249E-01   1.9942498E-05   1.2440411E-01
   3.0000000E-01   1.4472489E+04   4.8489206E+03   1.9321410E+04   1.6349891E-01   2.9713124E-05   1.2245960E-01
   3.5000000E-01   1.2059397E+04   3.9015697E+03   1.5960967E+04   1.6765430E-01   1.0725100E-04   1.2669833E-01
   4.0000000E-01   9.0400008E+03   3.1353524E+03   1.2175353E+04   1.6884031E-01   1.4413876E-05   1.2536484E-01
   4.5000000E-01   7.8304232E+03   2.3201254E+03   1.0150549E+04   1.6905739E-01   5.0228868E-06   1.3041521E-01
   5.0000000E-01   6.4935217E+03   1.9926199E+03   8.4861416E+03   1.7861447E-01   1.3739249E-05   1.3667746E-01
   5.5000000E-01   4.9366970E+03   1.7535981E+03   6.6902951E+03   1.8668124E-01   2.6264044E-07   1.3775002E-01
   6.0000000E-01   3.9682632E+03   1.2891550E+03   5.2574183E+03   2.0126063E-01   6.9020708E-06   1.5190857E-01
   6.5000000E-01   3.2810404E+03   9.5982673E+02   4.2408671E+03   1.9517302E-01   3.2672097E-05   1.5100471E-01
   7.0000000E-01   2.3691350E+03   8.1396385E+02   3.1830989E+03   2.0079771E-01   1.1091311E-05   1.4944810E-01
   7.5000000E-01   2.1517748E+03   6.2813151E+02   2.7799063E+03   2.0292033E-01   1.5335333E-06   1.5706929E-01
   8.0000000E-01   1.6989790E+03   5.1327469E+02   2.2122537E+03   2.2224247E-01   2.1424278E-05   1.7067406E-01
   8.5000000E-01   1.3930739E+03   4.3814420E+02   1.8312181E+03   2.1469669E-01   2.4976477E-06   1.6332736E-01
   9.0000000E-01   1.0115181E+03   2.5464791E+02   1.2626292E+03   2.2940620E-01   1.7004473E-06   1.8378165E-01
   9.5000000E-01   5.7630843E+02   1.6083026E+02   7.3713868E+02   2.2655840E-01   3.1078628E-05   1.7713425E-01
   1.0000000E+00   1.9491568E+02   6.2876027E+01   2.5779171E+02   2.7761008E-01   3.3337481E-06   2.0989949E-01
