   0.0000000E+00   1.0248560E+07   9.9037665E+06   2.0134501E+07   4.7592332E-04   4.7852271E-04   1.9537200E-04
   5.0000000E-02   2.3994199E+05   1.1828395E+05   3.5822595E+05   7.9561802E-04   1.7074876E-03   6.1807553E-04
   1.0000000E-01   8.8967613E+04   4.1443947E+04   1.3041156E+05   3.8779771E-03   3.2834851E-03   2.1104578E-03
   1.5000000E-01   5.9163198E+04   2.5931645E+04   8.5094843E+04   3.6143586E-03   3.7956028E-03   3.5971608E-03
   2.0000000E-01   4.3290145E+04   1.8382396E+04   6.1640709E+04   4.0504897E-03   2.7329424E-03   3.6340341E-03
   2.5000000E-01   3.4186482E+04   1.2566874E+04   4.6753356E+04   4.7385210E-03   4.2708152E-04   3.5707524E-03
   3.0000000E-01   2.8764603E+04   1.0111644E+04   3.8876247E+04   5.7187620E-03   4.5856486E-03   4.6568120E-03
   3.5000000E-01   2.4264308E+04   8.1669222E+03   3.2431230E+04   4.9459617E-03   1.8653493E-03   4.1646765E-03
   4.0000000E-01   2.1183523E+04   6.5173949E+03   2.7700918E+04   4.0961483E-03   2.1237311E-03   2.6394827E-03
   4.5000000E-01   1.8023413E+04   5.2273557E+03   2.3250769E+04   8.5451182E-04   6.9142186E-03   8.9293722E-04
   5.0000000E-01   1.5985522E+04   4.5136342E+03   2.0499157E+04   3.6665294E-03   7.2170893E-03   3.7358559E-03
   5.5000000E-01   1.4485994E+04   3.5592833E+03   1.8045277E+04   3.5620310E-03   3.1636434E-03   2.8419470E-03
   6.0000000E-01   1.2127607E+04   2.9337561E+03   1.5050752E+04   1.0323387E-03   2.9395227E-03   1.0956409E-03
   6.5000000E-01   1.1493435E+04   2.4534347E+03   1.3946870E+04   5.6497315E-03   4.1663109E-03   4.2847815E-03
   7.0000000E-01   1.0117707E+04   2.0826561E+03   1.2200363E+04   3.3183087E-03   3.6378180E-03   2.2467877E-03
   7.5000000E-01   9.0909303E+03   1.6679438E+03   1.0758874E+04   5.1045032E-03   3.5911922E-03   4.6174963E-03
   8.0000000E-01   8.0930289E+03   1.5438029E+03   9.6368318E+03   1.7584577E-03   3.0437084E-03   1.6663736E-03
   8.5000000E-01   6.8680039E+03   1.1084674E+03   7.9764713E+03   2.2984222E-03   3.5726421E-03   2.0335938E-03
   9.0000000E-01   5.4855404E+03   8.8419413E+02   6.3697345E+03   1.2489710E-03   2.2237679E-03   9.9224084E-04
   9.5000000E-01   3.7828617E+03   5.8636032E+02   4.3692220E+03   5.8017602E-03   2.2746323E-03   4.7801726E-03
   1.0000000E+00   1.1946445E+03   1.5719007E+02   1.3518346E+03   7.0711069E-03   8.9420436E-03   6.9663872E-03
