   0.0000000E+00   5.0501773E+06   9.3282622E+06   1.4365707E+07   1.2558641E-04   4.0713391E-05   7.0538752E-05
   5.0000000E-02   1.3318086E+05   1.1128114E+05   2.4446199E+05   2.0887957E-04   1.5951949E-03   8.1453778E-04
   1.0000000E-01   7.6712683E+04   4.8032962E+04   1.2474564E+05   1.1055891E-03   5.6585252E-04   7.2759222E-04
   1.5000000E-01   5.6616718E+04   2.9624040E+04   8.6219538E+04   7.5232099E-04   4.2462003E-04   3.8518181E-04
   2.0000000E-01   4.5725215E+04   2.0865213E+04   6.6590428E+04   1.7042143E-03   1.7526922E-03   8.3910455E-04
   2.5000000E-01   3.9635947E+04   1.5826368E+04   5.5436850E+04   2.3477998E-03   1.7105477E-03   1.4643658E-03
   3.0000000E-01   3.6202444E+04   1.1363663E+04   4.7555497E+04   8.6518659E-04   8.7551029E-04   8.4644936E-04
   3.5000000E-01   3.2249339E+04   8.7216909E+03   4.0971030E+04   1.6108326E-03   3.6406439E-03   1.9728008E-03
   4.0000000E-01   2.9570988E+04   6.8118316E+03   3.6374862E+04   1.1196268E-03   2.5157471E-03   1.3680020E-03
   4.5000000E-01   2.6999752E+04   6.0266672E+03   3.3019346E+04   1.7051244E-03   2.3537277E-03   1.7164091E-03
   5.0000000E-01   2.3835044E+04   5.0229300E+03   2.8857974E+04   7.8600161E-04   2.6406055E-03   2.2838682E-04
   5.5000000E-01   2.2194880E+04   3.6808198E+03   2.5869913E+04   2.8132555E-03   1.3083851E-03   2.2394282E-03
   6.0000000E-01   2.0424884E+04   3.4907984E+03   2.3915683E+04   7.6159240E-04   6.9782159E-04   5.6715420E-04
   6.5000000E-01   1.8946784E+04   3.0068042E+03   2.1943794E+04   1.8125131E-03   4.5709326E-04   1.5962111E-03
   7.0000000E-01   1.7775334E+04   2.6237829E+03   2.0403664E+04   9.7256696E-04   1.7988285E-03   6.2067047E-04
   7.5000000E-01   1.7485823E+04   2.2409016E+03   1.9730969E+04   1.9719446E-03   4.5053843E-03   2.0997181E-03
   8.0000000E-01   9.8636276E+03   9.3901416E+02   1.0802642E+04   3.0618747E-03   3.6585050E-03   2.4830120E-03
   8.5000000E-01   4.9581446E+03   4.0818562E+02   5.3663302E+03   1.6411557E-03   5.0835174E-03   1.1630377E-03
   9.0000000E-01   3.5403133E+03   2.7233179E+02   3.8126451E+03   3.1719737E-03   1.0479238E-02   3.4294166E-03
   9.5000000E-01   2.0874427E+03   1.3067458E+02   2.2181173E+03   3.8229142E-03   2.3813325E-02   4.8138256E-03
   1.0000000E+00   7.9223794E+02   5.6588424E+01   8.4882636E+02   9.0363299E-03   2.3556216E-02   8.1236545E-03
