   0.0000000E+00   5.8314371E+06   9.7947772E+06   1.5575285E+07   2.4684771E-02   3.9668282E-05   9.2467066E-03
   5.0000000E-02   3.8872003E+05   2.0378199E+05   5.9212005E+05   6.2677013E-02   2.1883571E-04   4.1233704E-02
   1.0000000E-01   1.2703748E+05   7.4293527E+04   2.0123551E+05   6.8265596E-02   3.5869511E-05   4.3081713E-02
   1.5000000E-01   7.3720570E+04   4.0743665E+04   1.1442179E+05   5.8702299E-02   1.5975022E-04   3.7878014E-02
   2.0000000E-01   4.7125779E+04   2.5608030E+04   7.2654232E+04   5.2253555E-02   1.8314288E-05   3.3899553E-02
   2.5000000E-01   3.3244285E+04   1.5329804E+04   4.8548624E+04   5.2682705E-02   1.3321226E-06   3.6111597E-02
   3.0000000E-01   2.6982068E+04   1.0132865E+04   3.7104322E+04   4.7104515E-02   7.2643458E-06   3.4255996E-02
   3.5000000E-01   2.1681451E+04   6.4571434E+03   2.8129499E+04   3.5806858E-02   1.7030542E-05   2.7602834E-02
   4.0000000E-01   1.8605213E+04   4.5995779E+03   2.3196833E+04   2.8137269E-02   4.3243706E-06   2.2566973E-02
   4.5000000E-01   1.6912865E+04   3.1689518E+03   2.0088891E+04   1.8364304E-02   5.3235619E-06   1.5460770E-02
   5.0000000E-01   1.5323438E+04   2.1326762E+03   1.7456114E+04   1.7961304E-02   1.5557742E-06   1.5767068E-02
   5.5000000E-01   1.4237133E+04   1.1632779E+03   1.5394624E+04   9.9705432E-03   1.0933050E-06   9.2209650E-03
   6.0000000E-01   1.4021550E+04   7.2150241E+02   1.4737748E+04   5.9422203E-03   4.2468114E-05   5.6514706E-03
   6.5000000E-01   1.3388604E+04   4.3094262E+02   1.3819546E+04   6.0780583E-03   5.1481460E-06   5.8201327E-03
   7.0000000E-01   1.2841530E+04   3.0012075E+02   1.3141651E+04   2.5015777E-03   7.5611374E-06   2.4445716E-03
   7.5000000E-01   1.2401353E+04   1.5703288E+02   1.2558386E+04   2.1951101E-03   1.2147008E-05   2.1675070E-03
   8.0000000E-01   1.1296022E+04   7.1619724E+01   1.1363663E+04   1.3956519E-03   2.1802507E-06   1.3873560E-03
   8.5000000E-01   1.0361923E+04   3.3703400E+01   1.0399371E+04   1.3445683E-03   2.5885624E-05   1.3397913E-03
   9.0000000E-01   8.9162136E+03   1.4147106E+01   8.9303607E+03   9.5108427E-04   6.8887563E-05   9.4967078E-04
   9.5000000E-01   6.4365610E+03   1.6753152E+01   6.4533141E+03   4.5288911E-04   1.7113311E-06   4.5171779E-04
   1.0000000E+00   3.0369121E+03   0.0000000E+00   3.0369121E+03   8.5378271E-04   0.0000000E+00   8.5378271E-04
