   0.0000000E+00   7.4759533E+06   9.2610352E+06   1.6727312E+07   6.5438459E-06   3.5622876E-05   2.2638144E-05
   5.0000000E-02   1.3037973E+05   9.1991557E+04   2.2237129E+05   2.9746555E-03   5.6317311E-04   1.5129737E-03
   1.0000000E-01   7.1428738E+04   4.0170708E+04   1.1156762E+05   3.2574734E-03   1.1924656E-03   2.1244510E-03
   1.5000000E-01   5.3051648E+04   2.5061598E+04   7.8113246E+04   2.8569909E-03   3.2338116E-03   2.4924291E-03
   2.0000000E-01   4.2398877E+04   1.8652959E+04   6.1067752E+04   1.8664543E-03   1.2261980E-03   1.0241746E-03
   2.5000000E-01   3.5306933E+04   1.3980170E+04   4.9287103E+04   3.0813908E-04   1.3697670E-03   1.7209024E-04
   3.0000000E-01   3.0833618E+04   1.0875588E+04   4.1709205E+04   1.0503137E-03   1.6474213E-03   6.0788816E-04
   3.5000000E-01   2.6756220E+04   8.5852724E+03   3.5341492E+04   2.3414633E-03   1.4767328E-03   1.8687037E-03
   4.0000000E-01   2.4016481E+04   6.6685921E+03   3.0677115E+04   2.0682982E-03   3.0673085E-03   2.1125568E-03
   4.5000000E-01   2.1680440E+04   5.8073870E+03   2.7487827E+04   3.0039157E-03   3.1731440E-03   1.9460029E-03
   5.0000000E-01   1.8863044E+04   4.7937469E+03   2.3650425E+04   2.1485808E-03   1.2213930E-03   1.6400072E-03
   5.5000000E-01   1.7900591E+04   4.5026380E+03   2.2397441E+04   1.7682074E-03   6.1375048E-03   2.6254455E-03
   6.0000000E-01   1.6244415E+04   3.6128172E+03   1.9857232E+04   3.0065403E-03   2.9711325E-03   1.9755049E-03
   6.5000000E-01   1.5063403E+04   2.9921129E+03   1.8055516E+04   1.4854644E-03   8.1351549E-04   1.3361485E-03
   7.0000000E-01   1.3955615E+04   2.4828171E+03   1.6433885E+04   2.3615987E-03   4.0860325E-03   2.2577444E-03
   7.5000000E-01   1.2575363E+04   2.4488641E+03   1.5024227E+04   1.6190823E-03   2.7108953E-03   1.0970426E-03
   8.0000000E-01   1.1789402E+04   2.1366551E+03   1.3926058E+04   2.0944718E-03   2.2921541E-03   1.6977333E-03
   8.5000000E-01   1.0927391E+04   1.7937698E+03   1.2721161E+04   1.9210481E-03   3.9778836E-03   1.2761417E-03
   9.0000000E-01   8.7181541E+03   1.6233804E+03   1.0341535E+04   1.1072423E-03   3.7903925E-03   7.6035930E-04
   9.5000000E-01   2.9720091E+03   3.8532249E+02   3.3573316E+03   5.4704875E-03   1.5433601E-02   5.1540787E-03
   1.0000000E+00   9.1798999E+02   1.3832726E+02   1.0563173E+03   1.6385752E-02   1.1676099E-06   1.4239993E-02
