   0.0000000E+00   2.3824858E+07   1.4327510E+07   3.7686363E+07   2.1765479E-03   7.3610576E-05   1.4023494E-03
   5.0000000E-02   1.2853353E+05   3.6732961E+04   1.6520283E+05   1.5050118E-01   4.5144782E-03   1.1820869E-01
   1.0000000E-01   5.5927047E+04   1.5724508E+04   7.1651555E+04   1.4555420E-01   3.7390660E-04   1.1357536E-01
   1.5000000E-01   3.4462350E+04   9.8888271E+03   4.4351177E+04   1.4380290E-01   3.0998406E-03   1.1238797E-01
   2.0000000E-01   2.4064227E+04   7.3052119E+03   3.1369439E+04   1.5471992E-01   1.5095215E-03   1.1898691E-01
   2.5000000E-01   1.7494311E+04   5.1438878E+03   2.2650932E+04   1.5903495E-01   3.2657370E-03   1.2359350E-01
   3.0000000E-01   1.3708546E+04   4.0319252E+03   1.7740471E+04   1.6834223E-01   1.7219225E-03   1.3047392E-01
   3.5000000E-01   1.0722496E+04   3.2558554E+03   1.3978351E+04   1.5990359E-01   3.1788602E-03   1.2339569E-01
   4.0000000E-01   8.8967613E+03   2.6658453E+03   1.1562607E+04   1.7509894E-01   1.3633788E-03   1.3522454E-01
   4.5000000E-01   7.1159943E+03   2.2281692E+03   9.3441635E+03   1.7011788E-01   5.1173934E-06   1.2955351E-01
   5.0000000E-01   5.8950991E+03   1.6997748E+03   7.6012401E+03   1.6551319E-01   3.0838914E-03   1.2895437E-01
   5.5000000E-01   5.0929582E+03   1.3889886E+03   6.4819468E+03   1.7922686E-01   2.8929653E-03   1.4144102E-01
   6.0000000E-01   4.3343196E+03   1.1618311E+03   5.4961507E+03   1.8582185E-01   1.4529639E-06   1.4654127E-01
   6.5000000E-01   3.5748649E+03   9.4023843E+02   4.5102062E+03   1.8881751E-01   3.2271270E-04   1.4947172E-01
   7.0000000E-01   2.8329580E+03   7.7303830E+02   3.6059963E+03   1.9127292E-01   8.6298759E-06   1.5027042E-01
   7.5000000E-01   2.2239251E+03   5.0929582E+02   2.7332209E+03   1.8363925E-01   5.2105022E-06   1.4941980E-01
   8.0000000E-01   2.0013734E+03   5.1327469E+02   2.5146481E+03   1.8664598E-01   1.1436948E-06   1.4854916E-01
   8.5000000E-01   1.4717151E+03   3.5201329E+02   1.8237284E+03   1.9126369E-01   2.6934494E-05   1.5434111E-01
   9.0000000E-01   1.1176214E+03   2.7586857E+02   1.3934899E+03   1.7075660E-01   7.4410577E-07   1.3695199E-01
   9.5000000E-01   7.3378805E+02   1.3402522E+02   8.6781327E+02   1.6688589E-01   8.9034141E-06   1.4111064E-01
   1.0000000E+00   2.3892890E+02   6.2876027E+01   3.0180493E+02   2.5915264E-01   2.2560921E-06   2.0516296E-01
