   0.0000000E+00   2.9272796E+07   1.6052495E+07   4.4952995E+07   1.7125037E-03   8.1588072E-08   1.0995207E-03
   5.0000000E-02   9.4028740E+04   2.3427608E+04   1.1739269E+05   1.8221529E-01   9.3942641E-05   1.4593135E-01
   1.0000000E-01   3.6637468E+04   1.1331832E+04   4.7969300E+04   2.1110969E-01   9.6074037E-07   1.6106815E-01
   1.5000000E-01   1.9586668E+04   6.0054465E+03   2.5592115E+04   2.2538501E-01   5.4377688E-06   1.7249738E-01
   2.0000000E-01   1.3369015E+04   3.3104228E+03   1.6663523E+04   2.3105395E-01   6.2606554E-06   1.8537156E-01
   2.5000000E-01   8.6580289E+03   1.8971269E+03   1.0555156E+04   2.5127466E-01   9.9668732E-07   2.0611173E-01
   3.0000000E-01   5.8781226E+03   1.4005635E+03   7.2786861E+03   2.5219939E-01   9.9568453E-06   2.0367314E-01
   3.5000000E-01   3.6651110E+03   9.4583509E+02   4.6109461E+03   2.4672641E-01   1.1745861E-06   1.9611569E-01
   4.0000000E-01   2.8966200E+03   6.2070428E+02   3.5173242E+03   2.4190544E-01   9.3579921E-06   1.9921790E-01
   4.5000000E-01   1.8957122E+03   5.0222226E+02   2.3979345E+03   2.3130701E-01   1.7533358E-05   1.8286585E-01
   5.0000000E-01   1.3432677E+03   2.7374650E+02   1.6170142E+03   1.9379096E-01   1.6292033E-05   1.6098107E-01
   5.5000000E-01   1.1227658E+03   1.7362357E+02   1.2963894E+03   1.8953530E-01   2.4855774E-05   1.6414778E-01
   6.0000000E-01   1.0079813E+03   1.1671362E+02   1.1246949E+03   1.1347249E-01   2.7439360E-06   1.0169733E-01
   6.5000000E-01   7.1497298E+02   7.8353203E+01   7.9332618E+02   8.3918656E-02   4.4982958E-05   7.5625950E-02
   7.0000000E-01   7.5030187E+02   3.1830989E+01   7.8213286E+02   5.2426864E-02   1.4404577E-06   5.0293271E-02
   7.5000000E-01   7.2574654E+02   2.5464791E+01   7.5121133E+02   2.9812078E-02   1.9249277E-05   2.8800846E-02
   8.0000000E-01   6.9232400E+02   1.1936621E+01   7.0426062E+02   2.0525344E-02   5.5352110E-06   2.0177550E-02
   8.5000000E-01   6.4410942E+02   7.4896444E+00   6.5159906E+02   9.8484936E-03   1.6191081E-05   9.7351076E-03
   9.0000000E-01   5.6588424E+02   3.5367765E+00   5.6942102E+02   1.2780145E-02   2.1071569E-05   1.2700634E-02
   9.5000000E-01   3.2501115E+02   0.0000000E+00   3.2501115E+02   4.4380075E-03   0.0000000E+00   4.4380075E-03
   1.0000000E+00   1.6347767E+02   0.0000000E+00   1.6347767E+02   3.1596299E-05   0.0000000E+00   3.1596299E-05
