   0.0000000E+00   3.2429921E+07   1.6512898E+07   4.8454913E+07   2.0366619E-04   6.2082476E-05   1.5303441E-04
   5.0000000E-02   1.2668733E+04   3.7560567E+03   1.6424790E+04   1.5129428E-01   6.7884120E-02   1.3221647E-01
   1.0000000E-01   5.9842259E+03   1.9098593E+03   7.8940852E+03   1.7583028E-01   3.9409182E-02   1.4281620E-01
   1.5000000E-01   3.8833806E+03   1.1883569E+03   5.0717375E+03   1.6643632E-01   7.2714363E-02   1.4447244E-01
   2.0000000E-01   2.4669016E+03   7.0028175E+02   3.1671834E+03   1.4159761E-01   5.4264593E-02   1.2228689E-01
   2.5000000E-01   1.9098593E+03   5.8569019E+02   2.4955495E+03   1.7526031E-01   5.3708417E-02   1.4672938E-01
   3.0000000E-01   1.8780283E+03   3.7136153E+02   2.2493899E+03   1.7545673E-01   3.1212676E-02   1.5164260E-01
   3.5000000E-01   1.3005232E+03   2.9102618E+02   1.5915494E+03   1.8338665E-01   5.4406579E-02   1.5980165E-01
   4.0000000E-01   1.0106339E+03   2.3077467E+02   1.2414086E+03   1.8104064E-01   1.4918207E-02   1.5015876E-01
   4.5000000E-01   8.7004702E+02   2.3342725E+02   1.1034743E+03   2.0847831E-01   4.5651695E-02   1.7400652E-01
   5.0000000E-01   7.3211274E+02   1.5915494E+02   8.9126768E+02   1.8684986E-01   1.0966111E-01   1.7298010E-01
   5.5000000E-01   6.4240722E+02   1.5047376E+02   7.9288099E+02   1.9488265E-01   4.6627909E-02   1.6674264E-01
   6.0000000E-01   5.7295780E+02   1.2201879E+02   6.9497658E+02   1.9515634E-01   5.5786875E-02   1.7068595E-01
   6.5000000E-01   4.7501629E+02   9.3044428E+01   5.6806072E+02   1.9842160E-01   5.7833858E-02   1.7539235E-01
   7.0000000E-01   4.5472841E+02   6.3661977E+01   5.1839039E+02   2.2309740E-01   3.5792111E-02   2.0009494E-01
   7.5000000E-01   3.0982162E+02   6.7906109E+01   3.7772773E+02   2.3985345E-01   2.6298933E-02   2.0146101E-01
   8.0000000E-01   2.5862678E+02   5.1725357E+01   3.1035214E+02   2.2739712E-01   2.7543361E-02   1.8774391E-01
   8.5000000E-01   1.8349629E+02   6.3661977E+01   2.4715826E+02   2.6847047E-01   1.8590166E-02   2.0410734E-01
   9.0000000E-01   2.0159626E+02   2.8294212E+01   2.2989047E+02   2.3914423E-01   1.6364451E-05   2.0971311E-01
   9.5000000E-01   1.1057080E+02   1.6753152E+01   1.2732395E+02   1.9666805E-01   8.5711621E-02   1.8206852E-01
   1.0000000E+00   8.1738835E+01   0.0000000E+00   8.1738835E+01   1.3003838E-01   0.0000000E+00   1.3003838E-01
