   0.0000000E+00   2.8925456E+07   1.5900215E+07   4.4347443E+07   7.1153983E-04   1.0200995E-04   5.0105171E-04
   5.0000000E-02   4.7364511E+04   1.4196621E+04   6.1561132E+04   1.5888277E-01   3.4991323E-02   1.3030854E-01
   1.0000000E-01   2.4700847E+04   6.6208456E+03   3.1289862E+04   1.5431662E-01   3.7929600E-02   1.2974564E-01
   1.5000000E-01   1.5151551E+04   4.0107046E+03   1.9162255E+04   1.6662884E-01   2.6521318E-02   1.3728830E-01
   2.0000000E-01   1.0392818E+04   2.8647890E+03   1.3257607E+04   1.6951249E-01   2.9332775E-02   1.3920369E-01
   2.5000000E-01   8.1105359E+03   2.1008452E+03   1.0211381E+04   1.6696405E-01   2.4313966E-02   1.3760727E-01
   3.0000000E-01   6.5147423E+03   1.8568077E+03   8.3715500E+03   1.7461168E-01   1.9546819E-02   1.4020205E-01
   3.5000000E-01   4.8110266E+03   1.0640645E+03   5.8750910E+03   1.6936739E-01   1.7777807E-02   1.4191228E-01
   4.0000000E-01   4.4085919E+03   9.6288741E+02   5.3714793E+03   1.8020728E-01   2.3442205E-02   1.5209760E-01
   4.5000000E-01   3.7843509E+03   7.1442886E+02   4.4987797E+03   1.8835169E-01   2.2085346E-02   1.6191622E-01
   5.0000000E-01   2.9793805E+03   6.1752118E+02   3.5969017E+03   1.7895986E-01   2.1896890E-02   1.5199487E-01
   5.5000000E-01   2.7201027E+03   5.3244563E+02   3.2525483E+03   1.7690484E-01   1.5332356E-02   1.5045518E-01
   6.0000000E-01   2.0159626E+03   3.9788736E+02   2.4138500E+03   2.0722056E-01   2.6147560E-03   1.7346294E-01
   6.5000000E-01   2.0175950E+03   3.9176601E+02   2.4093610E+03   2.0130554E-01   1.4551013E-02   1.7093843E-01
   7.0000000E-01   1.4915092E+03   2.7283705E+02   1.7643462E+03   1.9201809E-01   1.1845168E-02   1.6410103E-01
   7.5000000E-01   1.2689954E+03   2.1220659E+02   1.4812020E+03   1.8839528E-01   8.0964052E-03   1.6256439E-01
   8.0000000E-01   9.9471839E+02   2.4669016E+02   1.2414086E+03   2.0559352E-01   2.2884532E-02   1.6928459E-01
   8.5000000E-01   8.7628839E+02   1.7226182E+02   1.0485502E+03   2.0122441E-01   1.5117059E-02   1.7064873E-01
   9.0000000E-01   5.5173714E+02   1.5915494E+02   7.1089208E+02   1.8755691E-01   1.9466216E-05   1.4557092E-01
   9.5000000E-01   4.3223132E+02   4.0207565E+01   4.7243888E+02   2.0794251E-01   1.0276575E-04   1.9023653E-01
   1.0000000E+00   1.3832726E+02   2.5150411E+01   1.6347767E+02   1.3712205E-01   5.0234448E-05   1.1603405E-01
