   0.0000000E+00   1.0113087E+07   6.0733526E+06   1.6137547E+07   4.4358792E-02   1.0986499E-06   2.7750853E-02
   5.0000000E-02   1.4173066E+06   5.8027892E+05   1.9937021E+06   7.1052144E-02   2.9852355E-06   5.0448839E-02
   1.0000000E-01   4.1093806E+05   1.8315551E+05   5.9317047E+05   5.1591561E-02   1.6417368E-05   3.5840919E-02
   1.5000000E-01   1.3475119E+05   6.6208456E+04   2.0081110E+05   4.2604869E-02   5.7149824E-07   2.8517715E-02
   2.0000000E-01   4.8001131E+04   2.5719439E+04   7.3672823E+04   4.3362996E-02   4.0579319E-05   2.8293644E-02
   2.5000000E-01   1.6806762E+04   1.0058592E+04   2.6865354E+04   4.0430992E-02   5.0837064E-05   2.5312221E-02
   3.0000000E-01   6.2600944E+03   3.8515496E+03   1.0111644E+04   2.6297190E-02   1.2694232E-04   1.6250454E-02
   3.5000000E-01   2.4555334E+03   1.7461571E+03   4.2016905E+03   2.3386637E-02   1.1594717E-03   1.4101254E-02
   4.0000000E-01   7.7190147E+02   4.8542258E+02   1.2573241E+03   6.0570915E-02   1.5715591E-03   3.7590613E-02
   4.5000000E-01   3.8904542E+02   2.8294212E+02   6.7198754E+02   1.8337032E-02   3.4725795E-06   1.0614796E-02
   5.0000000E-01   1.4005635E+02   7.0028175E+01   2.1008452E+02   4.8813050E-02   8.0900893E-06   3.2544199E-02
   5.5000000E-01   5.2087072E+01   8.1024335E+01   1.3311141E+02   2.6397293E-02   1.1806749E-02   1.0185285E-02
   6.0000000E-01   3.1830989E+01   3.1830989E+01   6.3661977E+01   9.5927040E-02   1.0972806E-05   4.7961189E-02
   6.5000000E-01   0.0000000E+00   4.8970752E+00   4.8970752E+00   0.0000000E+00   1.6771094E-05   1.6771094E-05
   7.0000000E-01   4.5472841E+00   4.5472841E+00   9.0945682E+00   2.0859786E-01   3.6510949E-05   1.0431199E-01
   7.5000000E-01   0.0000000E+00   0.0000000E+00   0.0000000E+00   0.0000000E+00   0.0000000E+00   0.0000000E+00
   8.0000000E-01   0.0000000E+00   0.0000000E+00   0.0000000E+00   0.0000000E+00   0.0000000E+00   0.0000000E+00
   8.5000000E-01   0.0000000E+00   0.0000000E+00   0.0000000E+00   0.0000000E+00   0.0000000E+00   0.0000000E+00
   9.0000000E-01   0.0000000E+00   3.5367765E+00   3.5367765E+00   0.0000000E+00   3.0706821E-01   3.0706821E-01
   9.5000000E-01   0.0000000E+00   0.0000000E+00   0.0000000E+00   0.0000000E+00   0.0000000E+00   0.0000000E+00
   1.0000000E+00   0.0000000E+00   0.0000000E+00   0.0000000E+00   0.0000000E+00   0.0000000E+00   0.0000000E+00
