   0.0000000E+00   3.2434504E+07   1.6764490E+07   4.8669836E+07   1.4274848E-04   4.9419884E-05   1.1182946E-04
   5.0000000E-02   1.1140846E+04   2.6738030E+03   1.3814649E+04   1.4504233E-01   1.2678324E-01   1.4150819E-01
   1.0000000E-01   4.5518314E+03   1.7188734E+03   6.2707048E+03   1.7015294E-01   8.6998527E-02   1.4735241E-01
   1.5000000E-01   3.3104228E+03   7.8516439E+02   4.0955872E+03   1.3913163E-01   5.7742563E-02   1.2352743E-01
   2.0000000E-01   2.1167607E+03   7.1619724E+02   2.8329580E+03   1.5146353E-01   1.0591945E-01   1.3994955E-01
   2.5000000E-01   1.7825354E+03   4.7109863E+02   2.2536340E+03   1.5090682E-01   9.4784008E-02   1.3917182E-01
   3.0000000E-01   1.6870424E+03   4.5624417E+02   2.1432866E+03   1.6311886E-01   4.5683276E-02   1.3812020E-01
   3.5000000E-01   1.1459156E+03   2.0917507E+02   1.3550907E+03   1.8106656E-01   4.7917821E-02   1.6051271E-01
   4.0000000E-01   1.0026761E+03   1.8302818E+02   1.1857043E+03   1.5910139E-01   9.0147386E-02   1.4845742E-01
   4.5000000E-01   7.2857596E+02   1.7683883E+02   9.0541479E+02   1.8339492E-01   9.3798887E-02   1.6589444E-01
   5.0000000E-01   6.3661977E+02   1.0185916E+02   7.3847894E+02   1.9056630E-01   9.0202233E-02   1.7672298E-01
   5.5000000E-01   4.8035856E+02   9.2599240E+01   5.7295780E+02   1.8807994E-01   4.7189880E-02   1.6530977E-01
   6.0000000E-01   4.5624417E+02   6.8967142E+01   5.2521131E+02   1.6184521E-01   4.5991953E-02   1.4663168E-01
   6.5000000E-01   4.3094262E+02   7.8353203E+01   5.0929582E+02   1.4460562E-01   4.9042565E-02   1.2990361E-01
   7.0000000E-01   3.1376260E+02   5.4567409E+01   3.6833001E+02   1.6833195E-01   2.3258910E-06   1.4339354E-01
   7.5000000E-01   2.9284510E+02   6.3661977E+01   3.5650707E+02   2.0352305E-01   4.8982309E-02   1.7592649E-01
   8.0000000E-01   2.6658453E+02   3.5809862E+01   3.0239439E+02   1.3649925E-01   7.9332324E-02   1.2972482E-01
   8.5000000E-01   1.4604807E+02   2.6213755E+01   1.7226182E+02   1.7983275E-01   5.9648692E-02   1.6153465E-01
   9.0000000E-01   1.3793428E+02   3.5367765E+01   1.7330205E+02   1.8572206E-01   1.0808099E-01   1.6987694E-01
   9.5000000E-01   1.0722017E+02   2.6805043E+01   1.3402522E+02   1.8787270E-01   3.2711814E-06   1.5029881E-01
   1.0000000E+00   3.1438013E+01   0.0000000E+00   3.1438013E+01   1.6650818E-01   0.0000000E+00   1.6650818E-01
