   0.0000000E+00   3.2602572E+07   1.7017610E+07   4.9480635E+07   2.0881135E-03   9.6857288E-09   1.3745179E-03
   5.0000000E-02   3.2467608E+03   6.3661977E+02   3.8833806E+03   2.9975396E-01   1.7692943E-06   2.5061421E-01
   1.0000000E-01   7.0028175E+02   0.0000000E+00   7.0028175E+02   1.4254816E-07   0.0000000E+00   1.4254816E-07
   1.5000000E-01   5.7295780E+02   0.0000000E+00   5.7295780E+02   3.3041654E-07   0.0000000E+00   3.3041654E-07
   2.0000000E-01   8.4352120E+02   0.0000000E+00   8.4352120E+02   1.1027701E-06   0.0000000E+00   1.1027701E-06
   2.5000000E-01   5.6022540E+02   0.0000000E+00   5.6022540E+02   1.8109790E-06   0.0000000E+00   1.8109790E-06
   3.0000000E-01   5.9417845E+02   0.0000000E+00   5.9417845E+02   1.1016411E-06   0.0000000E+00   1.1016411E-06
   3.5000000E-01   6.8209261E+02   0.0000000E+00   6.8209261E+02   6.3149892E-04   0.0000000E+00   6.3149892E-04
   4.0000000E-01   7.3211274E+02   0.0000000E+00   7.3211274E+02   5.2897461E-06   0.0000000E+00   5.2897461E-06
   4.5000000E-01   7.6394373E+02   0.0000000E+00   7.6394373E+02   4.6703067E-06   0.0000000E+00   4.6703067E-06
   5.0000000E-01   8.5943669E+02   0.0000000E+00   8.5943669E+02   5.4287760E-06   0.0000000E+00   5.4287760E-06
   5.5000000E-01   8.3918061E+02   0.0000000E+00   8.3918061E+02   5.0674586E-05   0.0000000E+00   5.0674586E-05
   6.0000000E-01   1.1246949E+03   0.0000000E+00   1.1246949E+03   4.0548558E-05   0.0000000E+00   4.0548558E-05
   6.5000000E-01   1.5572699E+03   0.0000000E+00   1.5572699E+03   4.8138592E-06   0.0000000E+00   4.8138592E-06
   7.0000000E-01   2.3463986E+03   0.0000000E+00   2.3463986E+03   2.5819277E-06   0.0000000E+00   2.5819277E-06
   7.5000000E-01   1.5278875E+02   0.0000000E+00   1.5278875E+02   3.3354677E-06   0.0000000E+00   3.3354677E-06
   8.0000000E-01   0.0000000E+00   0.0000000E+00   0.0000000E+00   0.0000000E+00   0.0000000E+00   0.0000000E+00
   8.5000000E-01   0.0000000E+00   0.0000000E+00   0.0000000E+00   0.0000000E+00   0.0000000E+00   0.0000000E+00
   9.0000000E-01   0.0000000E+00   0.0000000E+00   0.0000000E+00   0.0000000E+00   0.0000000E+00   0.0000000E+00
   9.5000000E-01   0.0000000E+00   0.0000000E+00   0.0000000E+00   0.0000000E+00   0.0000000E+00   0.0000000E+00
   1.0000000E+00   0.0000000E+00   0.0000000E+00   0.0000000E+00   0.0000000E+00   0.0000000E+00   0.0000000E+00
