   0.0000000E+00   1.4292878E+07   1.0397783E+07   2.4666724E+07   6.0943514E-04   3.4019505E-04   2.2171935E-04
   5.0000000E-02   2.8004904E+05   1.2783325E+05   4.0788229E+05   4.5625288E-03   2.2481343E-03   2.8961870E-03
   1.0000000E-01   9.0049867E+04   3.8388172E+04   1.2840621E+05   2.7776457E-03   4.0360267E-03   1.3176203E-03
   1.5000000E-01   5.7465545E+04   2.1623852E+04   7.9068176E+04   3.0573216E-03   2.3480005E-03   1.5960012E-03
   2.0000000E-01   4.1284792E+04   1.5772255E+04   5.7041132E+04   8.3622099E-03   1.7957331E-03   6.5478913E-03
   2.5000000E-01   3.1054312E+04   1.1930255E+04   4.2971835E+04   5.0816143E-03   1.4092475E-03   3.6854439E-03
   3.0000000E-01   2.5836152E+04   8.5094843E+03   3.4345637E+04   7.3533320E-03   1.5256283E-03   5.7885872E-03
   3.5000000E-01   2.0662859E+04   7.2119926E+03   2.7874851E+04   1.3362987E-02   1.5384949E-03   9.9328820E-03
   4.0000000E-01   1.7491128E+04   6.2627470E+03   2.3753875E+04   3.9713339E-03   1.4531655E-03   2.5424975E-03
   4.5000000E-01   1.4479563E+04   4.7958690E+03   1.9275432E+04   5.6630314E-03   4.6861360E-03   3.9837432E-03
   5.0000000E-01   1.2700564E+04   3.8069862E+03   1.6507551E+04   4.4540323E-03   1.2441408E-03   3.5896284E-03
   5.5000000E-01   1.1748529E+04   3.1425867E+03   1.4891115E+04   4.3382110E-03   2.2039433E-03   3.7906231E-03
   6.0000000E-01   9.5174656E+03   2.5783101E+03   1.2095776E+04   5.1172263E-03   7.5956253E-04   3.9074620E-03
   6.5000000E-01   8.6041611E+03   2.0910511E+03   1.0695212E+04   1.3359609E-03   1.6353027E-03   1.3927091E-03
   7.0000000E-01   7.5894171E+03   1.7416098E+03   9.3310269E+03   8.7541792E-03   1.9528575E-03   7.1092231E-03
   7.5000000E-01   6.1837001E+03   1.2392865E+03   7.4229865E+03   2.3150945E-03   3.7237729E-03   2.3549737E-03
   8.0000000E-01   5.2401765E+03   1.1459156E+03   6.3860921E+03   2.4369036E-03   3.8440874E-03   2.5298298E-03
   8.5000000E-01   4.3402489E+03   8.2386088E+02   5.1641098E+03   5.2117705E-03   4.9306336E-03   5.1367499E-03
   9.0000000E-01   3.1583414E+03   5.7649457E+02   3.7348360E+03   1.0292061E-02   3.0201575E-03   8.4364255E-03
   9.5000000E-01   1.9969757E+03   3.7527060E+02   2.3722463E+03   6.7370184E-03   2.7496151E-03   6.0577037E-03
   1.0000000E+00   6.5391068E+02   1.3832726E+02   7.9223794E+02   1.6615005E-02   2.7810328E-06   1.3713619E-02
