   0.0000000E+00   1.0852585E+07   9.9012200E+06   2.0738526E+07   1.7003043E-03   2.5609784E-04   7.7980078E-04
   5.0000000E-02   2.8100397E+05   1.3369015E+05   4.1463046E+05   6.5569191E-03   4.0968438E-03   3.1714246E-03
   1.0000000E-01   1.0029945E+05   4.2335215E+04   1.4263466E+05   2.1958942E-03   4.2962761E-03   2.2372594E-03
   1.5000000E-01   6.3959066E+04   2.7226106E+04   9.1163951E+04   3.6343893E-03   3.9731190E-03   2.0227008E-03
   2.0000000E-01   4.7905638E+04   1.8016340E+04   6.5921977E+04   1.4431130E-03   1.2537189E-03   1.3710821E-03
   2.5000000E-01   3.5497919E+04   1.2796057E+04   4.8293976E+04   6.1492305E-03   1.9134580E-03   4.9627729E-03
   3.0000000E-01   2.9273899E+04   9.8357755E+03   3.9120285E+04   3.5992954E-03   1.1434869E-03   2.2837789E-03
   3.5000000E-01   2.4036944E+04   7.6849101E+03   3.1721854E+04   1.9111356E-03   3.1117259E-03   7.8545980E-04
   4.0000000E-01   2.0427537E+04   6.0956343E+03   2.6523171E+04   3.2848338E-03   2.0078957E-03   2.1232669E-03
   4.5000000E-01   1.7782912E+04   4.9161194E+03   2.2699032E+04   4.9300156E-03   1.6751306E-03   4.0602855E-03
   5.0000000E-01   1.5278875E+04   4.1189299E+03   1.9397804E+04   4.7342041E-03   7.8399816E-04   3.5659683E-03
   5.5000000E-01   1.3750987E+04   3.0962871E+03   1.6847274E+04   2.0754287E-03   1.6368646E-03   1.9774547E-03
   6.0000000E-01   1.1724414E+04   2.8011270E+03   1.4525541E+04   4.7358895E-03   1.8541758E-03   3.7301141E-03
   6.5000000E-01   1.0626653E+04   2.1400219E+03   1.2766675E+04   4.0988999E-03   4.3123274E-03   4.0853169E-03
   7.0000000E-01   9.1309464E+03   1.7234207E+03   1.0854367E+04   8.6966631E-03   1.3711992E-03   7.2446644E-03
   7.5000000E-01   7.7964701E+03   1.5448640E+03   9.3413341E+03   1.7450029E-03   4.0064483E-03   1.8471532E-03
   8.0000000E-01   7.2057400E+03   1.0384860E+03   8.2442261E+03   1.8496141E-03   1.8660236E-03   1.3887893E-03
   8.5000000E-01   5.6659160E+03   7.7143337E+02   6.4373493E+03   6.9546960E-03   4.3348812E-03   5.8416397E-03
   9.0000000E-01   4.5730520E+03   5.8710490E+02   5.1601569E+03   1.7530148E-03   5.8935235E-03   2.1716825E-03
   9.5000000E-01   2.8513865E+03   3.3506304E+02   3.1864495E+03   4.9078743E-03   1.1757236E-02   5.1741415E-03
   1.0000000E+00   9.4314040E+02   1.2575205E+02   1.0688925E+03   2.8388402E-02   5.0773141E-06   2.5049050E-02
