   0.0000000E+00   2.1768831E+07   1.1818209E+07   3.3273824E+07   2.0434003E-03   4.5643577E-08   1.3319164E-03
   5.0000000E-02   1.4763213E+05   5.6468174E+04   2.0403664E+05   1.0753934E-01   1.3935331E-05   7.7807005E-02
   1.0000000E-01   7.4102542E+04   2.6865354E+04   1.0093606E+05   8.9394772E-02   3.3755119E-06   6.5630340E-02
   1.5000000E-01   4.7746483E+04   1.9650330E+04   6.7396813E+04   7.4870347E-02   3.0707771E-06   5.3041575E-02
   2.0000000E-01   3.2435777E+04   1.3066621E+04   4.5470567E+04   6.1861771E-02   2.6313570E-06   4.4077302E-02
   2.5000000E-01   2.4433467E+04   1.0427832E+04   3.4810369E+04   7.1964131E-02   1.3899394E-06   5.0511371E-02
   3.0000000E-01   1.9194086E+04   7.2786861E+03   2.6472772E+04   6.8178328E-02   3.2360597E-06   4.9433280E-02
   3.5000000E-01   1.3514528E+04   6.1115498E+03   1.9607889E+04   6.3662512E-02   6.5513420E-06   4.3816910E-02
   4.0000000E-01   1.1490987E+04   4.9497187E+03   1.6432748E+04   6.7797874E-02   9.2721198E-05   4.7408328E-02
   4.5000000E-01   8.7429115E+03   3.9753368E+03   1.2704101E+04   7.0043902E-02   2.8314766E-06   4.8406123E-02
   5.0000000E-01   7.0410147E+03   3.1512679E+03   1.0185916E+04   6.2052829E-02   7.3926437E-06   4.2723140E-02
   5.5000000E-01   5.5791042E+03   2.5754164E+03   8.1487331E+03   6.9454992E-02   1.6076606E-04   4.7603787E-02
   6.0000000E-01   4.6473243E+03   2.0637091E+03   6.7110334E+03   7.8310514E-02   1.8704597E-05   5.4231904E-02
   6.5000000E-01   3.8686894E+03   1.9196535E+03   5.7883429E+03   7.6867093E-02   5.1743306E-05   5.1357727E-02
   7.0000000E-01   3.2604027E+03   1.4369418E+03   4.6973445E+03   6.7894771E-02   4.3993750E-06   4.7124077E-02
   7.5000000E-01   2.7120002E+03   1.3029485E+03   4.0149487E+03   8.0688983E-02   2.1693215E-05   5.4499739E-02
   8.0000000E-01   1.8939438E+03   9.8278177E+02   2.8767256E+03   8.6945639E-02   9.4020101E-06   5.7245320E-02
   8.5000000E-01   1.5241426E+03   7.9015748E+02   2.3143001E+03   1.0228739E-01   1.3136759E-05   6.7359817E-02
   9.0000000E-01   1.1494524E+03   6.2247267E+02   1.7719250E+03   9.8354672E-02   5.3524506E-06   6.3804565E-02
   9.5000000E-01   7.4048931E+02   4.1882880E+02   1.1593181E+03   1.2690528E-01   2.8867394E-05   8.1047631E-02
   1.0000000E+00   4.0240657E+02   1.8234048E+02   5.8474705E+02   1.9501016E-01   2.5504030E-04   1.3427933E-01
