   0.0000000E+00   3.2141150E+07   1.6836301E+07   4.8557282E+07   3.4306628E-03   9.9835443E-07   2.2632778E-03
   5.0000000E-02   5.6022540E+03   1.1459156E+03   6.7481696E+03   2.8841751E-01   3.6092286E-06   2.3944036E-01
   1.0000000E-01   1.2414086E+03   0.0000000E+00   1.2414086E+03   3.2072768E-07   0.0000000E+00   3.2072768E-07
   1.5000000E-01   9.7615032E+02   0.0000000E+00   9.7615032E+02   1.2526477E-06   0.0000000E+00   1.2526477E-06
   2.0000000E-01   8.9126768E+02   0.0000000E+00   8.9126768E+02   8.7582002E-07   0.0000000E+00   8.7582002E-07
   2.5000000E-01   9.2946487E+02   0.0000000E+00   9.2946487E+02   7.4841231E-07   0.0000000E+00   7.4841231E-07
   3.0000000E-01   1.0079813E+03   0.0000000E+00   1.0079813E+03   3.0317996E-06   0.0000000E+00   3.0317996E-06
   3.5000000E-01   9.8221336E+02   0.0000000E+00   9.8221336E+02   1.0396985E-05   0.0000000E+00   1.0396985E-05
   4.0000000E-01   1.0583804E+03   0.0000000E+00   1.0583804E+03   3.7398507E-05   0.0000000E+00   3.7398507E-05
   4.5000000E-01   1.1671362E+03   0.0000000E+00   1.1671362E+03   1.1786971E-05   0.0000000E+00   1.1786971E-05
   5.0000000E-01   1.2095776E+03   0.0000000E+00   1.2095776E+03   3.6051318E-06   0.0000000E+00   3.6051318E-06
   5.5000000E-01   1.5163125E+03   0.0000000E+00   1.5163125E+03   1.4974038E-06   0.0000000E+00   1.4974038E-06
   6.0000000E-01   1.8143664E+03   0.0000000E+00   1.8143664E+03   5.3829726E-06   0.0000000E+00   5.3829726E-06
   6.5000000E-01   2.3163166E+03   0.0000000E+00   2.3163166E+03   1.7457985E-06   0.0000000E+00   1.7457985E-06
   7.0000000E-01   4.0971030E+03   0.0000000E+00   4.0971030E+03   1.3943634E-06   0.0000000E+00   1.3943634E-06
   7.5000000E-01   3.6923947E+02   0.0000000E+00   3.6923947E+02   1.3140077E-05   0.0000000E+00   1.3140077E-05
   8.0000000E-01   0.0000000E+00   0.0000000E+00   0.0000000E+00   0.0000000E+00   0.0000000E+00   0.0000000E+00
   8.5000000E-01   0.0000000E+00   0.0000000E+00   0.0000000E+00   0.0000000E+00   0.0000000E+00   0.0000000E+00
   9.0000000E-01   0.0000000E+00   0.0000000E+00   0.0000000E+00   0.0000000E+00   0.0000000E+00   0.0000000E+00
   9.5000000E-01   0.0000000E+00   0.0000000E+00   0.0000000E+00   0.0000000E+00   0.0000000E+00   0.0000000E+00
   1.0000000E+00   0.0000000E+00   0.0000000E+00   0.0000000E+00   0.0000000E+00   0.0000000E+00   0.0000000E+00
