   0.0000000E+00   2.4064227E+07   1.2269446E+07   3.6066293E+07   7.3793969E-04   3.5978477E-08   4.9795342E-04
   5.0000000E-02   1.9576058E+05   8.0723387E+04   2.7648397E+05   1.4014348E-02   9.4186057E-05   9.9501607E-03
   1.0000000E-01   8.5689021E+04   3.5873524E+04   1.2149888E+05   6.4387577E-03   3.2959649E-05   4.5272298E-03
   1.5000000E-01   4.9295591E+04   2.1496528E+04   7.0749677E+04   2.5377142E-03   7.4664583E-06   1.7687360E-03
   2.0000000E-01   2.8679721E+04   1.3480424E+04   4.2144229E+04   8.7802739E-03   1.1667696E-04   5.9905268E-03
   2.5000000E-01   1.8156396E+04   9.3837754E+03   2.7514707E+04   2.7369017E-03   1.0170771E-04   1.8106553E-03
   3.0000000E-01   1.3082536E+04   6.0584982E+03   1.9141034E+04   1.0705858E-02   1.3184523E-04   7.2898122E-03
   3.5000000E-01   9.1218519E+03   4.8655940E+03   1.3969257E+04   5.9242929E-03   1.8649937E-04   3.5333323E-03
   4.0000000E-01   6.7322541E+03   3.4616200E+03   1.0193874E+04   7.6029002E-03   2.4117677E-04   5.1009734E-03
   4.5000000E-01   5.5881069E+03   2.7728328E+03   8.3609397E+03   5.4238901E-03   2.1836682E-05   3.6197239E-03
   5.0000000E-01   4.2335215E+03   2.3109298E+03   6.5444513E+03   9.9533954E-03   1.6119387E-04   6.4209438E-03
   5.5000000E-01   3.2178236E+03   1.7941103E+03   5.0119338E+03   9.5537481E-03   4.4668813E-04   6.2773173E-03
   6.0000000E-01   2.6578875E+03   1.4430048E+03   4.0955872E+03   2.0342776E-02   5.8859034E-05   1.3809490E-02
   6.5000000E-01   2.3799785E+03   1.0332829E+03   3.4132614E+03   8.7168252E-03   4.7412069E-04   6.1356399E-03
   7.0000000E-01   1.8825756E+03   1.0868009E+03   2.9693765E+03   2.0153251E-02   3.9847311E-06   1.2775800E-02
   7.5000000E-01   1.5830612E+03   7.8516439E+02   2.3682256E+03   1.5478265E-02   5.3680963E-06   1.0348226E-02
   8.0000000E-01   1.2493663E+03   6.2468315E+02   1.8740495E+03   1.3920320E-02   7.0103432E-05   9.2959278E-03
   8.5000000E-01   8.8377804E+02   4.9431653E+02   1.3780946E+03   2.2563954E-02   3.5292403E-04   1.4435838E-02
   9.0000000E-01   5.9771523E+02   3.4306732E+02   9.4078255E+02   5.0165038E-02   1.9816165E-03   3.2592505E-02
   9.5000000E-01   4.7914014E+02   2.2114161E+02   7.0028175E+02   4.4893788E-02   2.9835205E-06   3.0716541E-02
   1.0000000E+00   1.6347767E+02   1.0060164E+02   2.6407931E+02   9.0950990E-02   2.6228808E-05   5.6312840E-02
