   0.0000000E+00   9.7107434E+06   1.1201962E+07   2.0854645E+07   2.8723223E-03   5.8808550E-04   1.6349608E-03
   5.0000000E-02   1.7284227E+05   9.7211839E+04   2.7005411E+05   4.5236410E-02   1.2290221E-02   3.3356345E-02
   1.0000000E-01   9.1577754E+04   4.3576623E+04   1.3515438E+05   3.8842498E-02   1.0040734E-02   2.9529398E-02
   1.5000000E-01   6.4383480E+04   2.4340096E+04   8.8723576E+04   3.9024649E-02   1.1969963E-02   3.1596142E-02
   2.0000000E-01   4.8701413E+04   1.7904931E+04   6.6606344E+04   3.5287574E-02   1.0719244E-02   2.8663166E-02
   2.5000000E-01   4.2971835E+04   1.1955719E+04   5.4902089E+04   3.0447926E-02   7.2023644E-03   2.5369615E-02
   3.0000000E-01   3.4674557E+04   8.9020665E+03   4.3576623E+04   2.8861183E-02   5.1161743E-03   2.3915934E-02
   3.5000000E-01   3.0212155E+04   6.7299805E+03   3.6942136E+04   2.7054872E-02   5.0105786E-03   2.2896102E-02
   4.0000000E-01   2.6379932E+04   5.2521131E+03   3.1632045E+04   2.6709522E-02   6.1679504E-03   2.3250221E-02
   4.5000000E-01   2.2946606E+04   4.1309550E+03   2.7049267E+04   2.7373955E-02   7.0969377E-03   2.4274666E-02
   5.0000000E-01   2.0849298E+04   3.2658594E+03   2.4115157E+04   2.4546350E-02   4.2043034E-03   2.1692445E-02
   5.5000000E-01   1.7946890E+04   2.7201027E+03   2.0661205E+04   2.4696191E-02   5.4517588E-03   2.2107367E-02
   6.0000000E-01   1.5761645E+04   2.0477936E+03   1.7804133E+04   2.0574906E-02   6.4109974E-03   1.8943353E-02
   6.5000000E-01   1.4186827E+04   1.7041822E+03   1.5891009E+04   2.3714089E-02   3.2558470E-03   2.1488954E-02
   7.0000000E-01   1.1008975E+04   1.2414086E+03   1.2250383E+04   1.8443900E-02   2.4849788E-03   1.6599100E-02
   7.5000000E-01   6.3280005E+03   5.4749300E+02   6.8754935E+03   3.2437893E-02   8.9575340E-03   3.0418238E-02
   8.0000000E-01   4.6791553E+03   3.6207750E+02   5.0412328E+03   3.9928287E-02   1.2460007E-03   3.7132479E-02
   8.5000000E-01   3.3928089E+03   2.0222040E+02   3.5950293E+03   4.6093638E-02   7.8710809E-03   4.3940329E-02
   9.0000000E-01   2.2317060E+03   1.2025040E+02   2.3519564E+03   4.8100657E-02   7.3591247E-04   4.5673606E-02
   9.5000000E-01   1.3402522E+03   1.0722017E+02   1.4474723E+03   4.4034490E-02   1.7519897E-02   4.1855838E-02
   1.0000000E+00   5.1558342E+02   6.2876027E+00   5.2187102E+02   6.4484344E-02   2.7139699E-05   6.3707671E-02
