   0.0000000E+00   3.3266694E+07   1.6837320E+07   4.9475033E+07   3.6240188E-05   3.8817126E-09   2.4368990E-05
   5.0000000E-02   3.3104228E+03   9.5492966E+02   4.2653525E+03   1.9594394E-01   1.9664604E-05   1.5208029E-01
   1.0000000E-01   1.5278875E+03   2.5464791E+02   1.7825354E+03   2.4533701E-01   6.3914107E-06   2.1028978E-01
   1.5000000E-01   7.6394373E+02   1.0610330E+02   8.7004702E+02   2.5973365E-01   5.0904578E-06   2.2805944E-01
   2.0000000E-01   2.8647890E+02   7.9577472E+01   3.6605637E+02   2.8811827E-01   1.0881999E-04   2.2546021E-01
   2.5000000E-01   4.3290145E+02   7.6394373E+01   5.0929582E+02   2.5999006E-01   2.2420783E-06   2.2099189E-01
   3.0000000E-01   1.5915494E+02   3.1830989E+01   1.9098593E+02   3.2584131E-01   5.0012829E-07   2.7153435E-01
   3.5000000E-01   1.0004025E+02   2.7283705E+01   1.2732395E+02   3.2547794E-01   3.0942173E-05   2.5572604E-01
   4.0000000E-01   4.7746483E+01   0.0000000E+00   4.7746483E+01   3.2048000E-01   0.0000000E+00   3.2048000E-01
   4.5000000E-01   6.3661977E+01   1.4147106E+01   7.7809083E+01   2.9913571E-01   6.2670280E-04   2.4463345E-01
   5.0000000E-01   4.4563384E+01   1.2732395E+01   5.7295780E+01   3.3601837E-01   1.1932934E-05   2.6134497E-01
   5.5000000E-01   1.7362357E+01   0.0000000E+00   1.7362357E+01   3.7704897E-01   0.0000000E+00   3.7704897E-01
   6.0000000E-01   1.5915494E+01   0.0000000E+00   1.5915494E+01   1.1237382E-01   0.0000000E+00   1.1237382E-01
   6.5000000E-01   1.9588301E+01   0.0000000E+00   1.9588301E+01   9.1814135E-02   0.0000000E+00   9.1814135E-02
   7.0000000E-01   1.3641852E+01   0.0000000E+00   1.3641852E+01   2.9355104E-06   0.0000000E+00   2.9355104E-06
   7.5000000E-01   4.2441318E+00   4.2441318E+00   8.4882636E+00   3.9145407E-01   7.0431157E-06   1.9573056E-01
   8.0000000E-01   0.0000000E+00   7.9577472E+00   7.9577472E+00   0.0000000E+00   3.7412488E-05   3.7412488E-05
   8.5000000E-01   1.4979289E+01   0.0000000E+00   1.4979289E+01   8.1483824E-07   0.0000000E+00   8.1483824E-07
   9.0000000E-01   3.5367765E+00   0.0000000E+00   3.5367765E+00   5.9641534E-06   0.0000000E+00   5.9641534E-06
   9.5000000E-01   1.3402522E+01   0.0000000E+00   1.3402522E+01   2.5194866E-06   0.0000000E+00   2.5194866E-06
   1.0000000E+00   1.8862808E+01   0.0000000E+00   1.8862808E+01   2.9896742E-05   0.0000000E+00   2.9896742E-05
