   0.0000000E+00   2.4050476E+07   1.2752258E+07   3.6649436E+07   4.2430547E-04   3.9334002E-04   4.1502214E-04
   5.0000000E-02   1.8009973E+05   8.6261979E+04   2.6636171E+05   9.7549456E-03   2.1954790E-03   5.9784548E-03
   1.0000000E-01   4.7810145E+04   2.2249861E+04   7.0060006E+04   8.4010533E-03   3.3448460E-03   6.6833265E-03
   1.5000000E-01   2.8456904E+04   1.2711175E+04   4.1146858E+04   8.4821796E-03   3.5721159E-03   5.1117269E-03
   2.0000000E-01   1.9528312E+04   8.6102824E+03   2.8138594E+04   3.8361092E-03   4.5890713E-03   3.9266677E-03
   2.5000000E-01   1.5266142E+04   6.8754935E+03   2.2141636E+04   8.1445544E-03   8.3740436E-03   7.6655826E-03
   3.0000000E-01   1.1437935E+04   5.0717375E+03   1.6509673E+04   1.2695248E-02   8.2853211E-03   1.0878171E-02
   3.5000000E-01   9.9494576E+03   3.9743263E+03   1.3923784E+04   1.1508365E-02   2.9166527E-03   7.4986878E-03
   4.0000000E-01   8.4750007E+03   3.7401412E+03   1.2215142E+04   1.0396320E-02   4.4427450E-03   8.4727309E-03
   4.5000000E-01   7.4484513E+03   3.1335840E+03   1.0574962E+04   8.3746796E-03   3.4762850E-03   5.1280866E-03
   5.0000000E-01   6.0733526E+03   2.5655777E+03   8.6389303E+03   2.5390618E-03   1.3701801E-02   4.8051501E-03
   5.5000000E-01   5.0987456E+03   2.2223818E+03   7.3211274E+03   4.2051562E-03   7.7150346E-03   4.3700668E-03
   6.0000000E-01   4.7109863E+03   1.9576058E+03   6.6685921E+03   5.5300141E-04   4.3277922E-03   9.1979097E-04
   6.5000000E-01   3.9666309E+03   1.4691226E+03   5.4357534E+03   1.3477050E-02   8.4613532E-04   9.6059210E-03
   7.0000000E-01   3.3195174E+03   1.3005232E+03   4.6200406E+03   8.2732463E-03   8.7102797E-03   5.1292839E-03
   7.5000000E-01   2.8223477E+03   1.1162067E+03   3.9385543E+03   8.7168653E-03   2.8218538E-03   6.2483303E-03
   8.0000000E-01   2.5146481E+03   8.9126768E+02   3.4059158E+03   1.3140097E-02   2.2484366E-02   1.5269110E-02
   8.5000000E-01   1.8499422E+03   7.3398515E+02   2.5839273E+03   1.0699141E-02   9.3724543E-03   8.4837693E-03
   9.0000000E-01   1.4430048E+03   5.3405325E+02   1.9770581E+03   1.3476672E-02   2.6884035E-02   2.6916628E-03
   9.5000000E-01   9.4152714E+02   3.4511493E+02   1.2866421E+03   3.9252605E-03   9.9965286E-03   5.4640722E-03
   1.0000000E+00   3.2066774E+02   1.5090246E+02   4.7157020E+02   1.9414198E-02   2.5961870E-03   1.2370988E-02
