   0.0000000E+00   2.9625738E+07   1.4915237E+07   4.4537919E+07   1.1263010E-04   5.0711118E-05   9.1702643E-05
   5.0000000E-02   3.3231552E+04   1.4642255E+04   4.7873807E+04   3.2123748E-02   2.3022827E-02   2.9222178E-02
   1.0000000E-01   2.0308171E+04   9.0081698E+03   2.9316341E+04   4.2887874E-02   1.5057632E-02   3.1960526E-02
   1.5000000E-01   1.1926010E+04   6.0691085E+03   1.7995119E+04   2.0273597E-02   2.9547124E-02   2.2296592E-02
   2.0000000E-01   9.2469022E+03   4.0743665E+03   1.3321269E+04   4.6009314E-02   2.5230770E-02   3.9604255E-02
   2.5000000E-01   6.7099724E+03   3.0939721E+03   9.8039445E+03   4.4373265E-02   1.9259643E-02   3.6428365E-02
   3.0000000E-01   5.7720193E+03   2.5358688E+03   8.3078880E+03   3.6160007E-02   2.1489380E-02   3.1015628E-02
   3.5000000E-01   4.9656342E+03   2.3736823E+03   7.3393165E+03   3.4795520E-02   1.1427022E-02   2.5032025E-02
   4.0000000E-01   4.3767609E+03   1.9576058E+03   6.3343667E+03   3.3799776E-02   3.7711906E-02   3.4986070E-02
   4.5000000E-01   3.7348360E+03   1.7047263E+03   5.4395623E+03   5.3566565E-02   2.5928910E-02   4.4900956E-02
   5.0000000E-01   2.8711552E+03   1.4005635E+03   4.2717187E+03   3.6890484E-02   2.3416871E-02   3.2332221E-02
   5.5000000E-01   2.7316776E+03   1.2906019E+03   4.0222795E+03   4.1897003E-02   8.9387039E-03   3.1136755E-02
   6.0000000E-01   2.1167607E+03   1.0292020E+03   3.1459627E+03   4.4433103E-02   3.9422541E-02   4.2094013E-02
   6.5000000E-01   1.9931096E+03   1.0039004E+03   2.9970100E+03   3.9291831E-02   3.9857447E-02   3.9391674E-02
   7.0000000E-01   1.7325152E+03   9.9130793E+02   2.7238232E+03   5.4486594E-02   3.1427291E-02   4.6043215E-02
   7.5000000E-01   1.5448640E+03   7.1301415E+02   2.2578781E+03   7.4637595E-02   3.9356233E-02   6.2470506E-02
   8.0000000E-01   1.3607748E+03   6.3264090E+02   1.9934157E+03   6.2820087E-02   1.3388726E-02   4.6671699E-02
   8.5000000E-01   1.0335709E+03   5.2053028E+02   1.5541012E+03   5.9537100E-02   2.5976718E-02   4.2477173E-02
   9.0000000E-01   8.4528959E+02   4.0319252E+02   1.2484821E+03   4.9449795E-02   1.5441428E-02   3.7123634E-02
   9.5000000E-01   5.2604897E+02   2.3789476E+02   7.6394373E+02   7.3926184E-02   9.0898080E-02   7.9160334E-02
   1.0000000E+00   2.2006609E+02   1.5090246E+02   3.7096856E+02   2.4280048E-02   6.7363963E-02   3.5430887E-02
