   0.0000000E+00   6.6458011E+06   1.2106471E+07   1.8708473E+07   2.6880048E-02   2.5945701E-06   9.5489679E-03
   5.0000000E-02   4.1584004E+05   3.4453862E+05   7.5974204E+05   9.9681886E-02   9.4073427E-06   5.4451566E-02
   1.0000000E-01   1.0714311E+05   7.8495218E+04   1.8563833E+05   1.0643512E-01   6.0612348E-05   6.1455758E-02
   1.5000000E-01   3.5862914E+04   2.3066856E+04   5.8908550E+04   1.0221075E-01   9.4242298E-05   6.2257435E-02
   2.0000000E-01   1.5438029E+04   5.6500005E+03   2.1088030E+04   5.9790159E-02   1.2773116E-05   4.3774314E-02
   2.5000000E-01   1.0682480E+04   1.4005635E+03   1.2083043E+04   2.5430046E-02   4.4873157E-05   2.2478888E-02
   3.0000000E-01   8.9020665E+03   2.8647890E+02   9.1885454E+03   5.0977406E-03   8.0200766E-06   4.9385669E-03
   3.5000000E-01   8.4579484E+03   3.6378273E+01   8.4943267E+03   6.4393005E-04   8.7590092E-06   6.4113503E-04
   4.0000000E-01   8.9683810E+03   0.0000000E+00   8.9683810E+03   4.3160932E-04   0.0000000E+00   4.3160932E-04
   4.5000000E-01   8.7216909E+03   0.0000000E+00   8.7216909E+03   3.2172843E-04   0.0000000E+00   3.2172843E-04
   5.0000000E-01   9.7466487E+03   0.0000000E+00   9.7466487E+03   4.7474064E-06   0.0000000E+00   4.7474064E-06
   5.5000000E-01   1.0266941E+04   0.0000000E+00   1.0266941E+04   3.9155195E-06   0.0000000E+00   3.9155195E-06
   6.0000000E-01   1.0636855E+04   0.0000000E+00   1.0636855E+04   3.6849081E-06   0.0000000E+00   3.6849081E-06
   6.5000000E-01   1.1704010E+04   0.0000000E+00   1.1704010E+04   6.9139133E-06   0.0000000E+00   6.9139133E-06
   7.0000000E-01   1.3059800E+04   0.0000000E+00   1.3059800E+04   1.6752683E-06   0.0000000E+00   1.6752683E-06
   7.5000000E-01   1.4799288E+04   0.0000000E+00   1.4799288E+04   2.1461465E-06   0.0000000E+00   2.1444181E-06
   8.0000000E-01   1.7065389E+04   0.0000000E+00   1.7065389E+04   6.0671943E-06   0.0000000E+00   6.0671943E-06
   8.5000000E-01   1.9225917E+04   0.0000000E+00   1.9229662E+04   3.1030949E-05   0.0000000E+00   3.1024906E-05
   9.0000000E-01   2.1340909E+04   0.0000000E+00   2.1337373E+04   3.9756235E-06   0.0000000E+00   3.9769319E-06
   9.5000000E-01   1.8023041E+04   0.0000000E+00   1.8023041E+04   9.9482162E-06   0.0000000E+00   9.9482162E-06
   1.0000000E+00   7.3250571E+03   0.0000000E+00   7.3250571E+03   7.8178828E-06   0.0000000E+00   7.8178828E-06
