   0.0000000E+00   1.8894366E+07   9.6654160E+06   2.8361666E+07   1.4275678E-02   4.6915161E-06   9.4382275E-03
   5.0000000E-02   7.8622542E+05   3.5364228E+05   1.1366846E+06   5.4070496E-02   4.0117213E-06   3.7181434E-02
   1.0000000E-01   2.0798368E+05   1.0685663E+05   3.1436284E+05   4.7218664E-02   2.7347667E-05   3.1255731E-02
   1.5000000E-01   8.6452965E+04   4.5688079E+04   1.3209860E+05   5.1707015E-02   2.7938453E-05   3.3750570E-02
   2.0000000E-01   4.1284792E+04   2.1119861E+04   6.2404653E+04   5.1369253E-02   5.2033738E-07   3.3984225E-02
   2.5000000E-01   1.9506030E+04   1.1153578E+04   3.0646876E+04   5.0542881E-02   9.5550862E-07   3.2160369E-02
   3.0000000E-01   9.3477003E+03   5.5810333E+03   1.4928734E+04   4.5769072E-02   1.3797934E-06   2.8658428E-02
   3.5000000E-01   4.9201614E+03   2.6101411E+03   7.5303025E+03   6.6020510E-02   4.5802425E-05   4.3126459E-02
   4.0000000E-01   2.0133100E+03   1.1777466E+03   3.1910566E+03   6.0368239E-02   3.6837171E-06   3.8088692E-02
   4.5000000E-01   1.0044445E+03   4.7392805E+02   1.4783726E+03   3.8100256E-02   5.4198513E-03   2.7482288E-02
   5.0000000E-01   4.0107046E+02   1.7825354E+02   5.7932399E+02   4.2028242E-02   4.0072601E-06   2.9095284E-02
   5.5000000E-01   1.6204867E+02   5.7874525E+01   2.1992319E+02   1.0820574E-02   2.5333320E-06   7.9731147E-03
   6.0000000E-01   6.3661977E+01   4.7746483E+01   1.1140846E+02   4.1088437E-02   1.4739652E-06   2.3479693E-02
   6.5000000E-01   6.8559052E+01   1.9588301E+01   8.8147353E+01   4.0357793E-02   9.1768704E-07   3.1389594E-02
   7.0000000E-01   2.2736420E+01   4.5472841E+00   2.7283705E+01   7.4569128E-05   4.8454478E-06   6.1367344E-05
   7.5000000E-01   5.0929582E+01   4.2441318E+00   5.5173714E+01   8.4800814E-06   2.5802893E-05   9.7389944E-06
   8.0000000E-01   4.3767609E+01   0.0000000E+00   4.3767609E+01   4.2362275E-06   0.0000000E+00   4.2362275E-06
   8.5000000E-01   5.9917155E+01   0.0000000E+00   5.9917155E+01   1.4618087E-05   0.0000000E+00   1.4618087E-05
   9.0000000E-01   4.9514871E+01   0.0000000E+00   4.9514871E+01   5.3931980E-06   0.0000000E+00   5.3931980E-06
   9.5000000E-01   9.0467020E+01   0.0000000E+00   9.0467020E+01   3.1573544E-06   0.0000000E+00   3.1573544E-06
   1.0000000E+00   4.4013219E+01   0.0000000E+00   4.4013219E+01   2.3923882E-06   0.0000000E+00   2.3923882E-06
