   0.0000000E+00   3.0415656E+07   1.5328276E+07   4.5680779E+07   2.8748873E-05   3.4916514E-05   3.0504065E-05
   5.0000000E-02   2.1199438E+04   9.8676065E+03   3.1067045E+04   1.9675576E-02   1.5237976E-02   8.8398011E-03
   1.0000000E-01   1.2318593E+04   5.6022540E+03   1.7920847E+04   1.9821060E-02   5.1213000E-03   1.5200701E-02
   1.5000000E-01   8.5943669E+03   4.0319252E+03   1.2626292E+04   7.1481416E-03   6.8346910E-03   6.6741390E-03
   2.0000000E-01   5.9842259E+03   2.9761974E+03   8.9604233E+03   1.5634897E-02   1.8214021E-03   1.0487945E-02
   2.5000000E-01   5.1948173E+03   2.4828171E+03   7.6776345E+03   1.5797048E-02   1.1904330E-02   9.9813970E-03
   3.0000000E-01   4.8595309E+03   1.9310800E+03   6.7906109E+03   5.9441290E-03   1.5348399E-02   8.4879862E-03
   3.5000000E-01   3.8015295E+03   1.9826159E+03   5.7750508E+03   9.5242875E-03   9.1460561E-03   6.2343752E-03
   4.0000000E-01   3.4297890E+03   1.6790846E+03   5.1088737E+03   3.6359668E-03   1.1925686E-02   3.4727419E-03
   4.5000000E-01   2.9638187E+03   1.5774023E+03   4.5412210E+03   2.0965145E-02   7.3421293E-03   1.4144400E-02
   5.0000000E-01   2.4382537E+03   1.1586480E+03   3.5969017E+03   2.1766062E-02   1.0702675E-02   1.6065867E-02
   5.5000000E-01   2.1645072E+03   1.1054034E+03   3.2699106E+03   8.3745393E-03   2.3434232E-02   2.8419840E-03
   6.0000000E-01   1.9469955E+03   9.8676065E+02   2.9337561E+03   3.8377189E-02   6.9209796E-03   2.7792611E-02
   6.5000000E-01   1.7286675E+03   9.0595891E+02   2.6346264E+03   1.1131984E-02   1.2387558E-02   1.1504716E-02
   7.0000000E-01   1.6688533E+03   7.5484916E+02   2.4237024E+03   8.3783494E-03   1.4413935E-02   7.8373783E-03
   7.5000000E-01   1.3666104E+03   7.3847894E+02   2.1050894E+03   8.3744325E-03   9.8426691E-03   4.6197465E-03
   8.0000000E-01   1.2095776E+03   5.3714793E+02   1.7467255E+03   1.8918640E-03   1.2004496E-02   2.3898499E-03
   8.5000000E-01   9.3620555E+02   4.9057171E+02   1.4267773E+03   1.0181325E-02   1.1384509E-02   2.8001216E-03
   9.0000000E-01   7.3564951E+02   3.1830989E+02   1.0539594E+03   1.1276212E-02   3.1257769E-02   6.0191327E-03
   9.5000000E-01   5.0259456E+02   2.7810232E+02   7.8069688E+02   1.9497351E-02   2.1930885E-02   1.6529559E-02
   1.0000000E+00   2.3892890E+02   1.6976527E+02   4.0869417E+02   5.6412437E-02   3.3913438E-02   3.3206740E-02
