   0.0000000E+00   1.6938160E+07   1.1175478E+07   2.8083081E+07   3.2512077E-04   2.3339123E-04   2.8149920E-04
   5.0000000E-02   2.3930537E+05   1.1662874E+05   3.5587045E+05   4.3832528E-03   4.5618109E-03   4.4527384E-03
   1.0000000E-01   7.6521697E+04   3.0685073E+04   1.0720677E+05   8.2480700E-03   3.0236123E-03   5.8494025E-03
   1.5000000E-01   4.8022351E+04   2.0881129E+04   6.8903480E+04   2.4456404E-03   1.2039366E-03   2.0683225E-03
   2.0000000E-01   3.4966341E+04   1.3416762E+04   4.8383103E+04   5.8078779E-03   5.5365213E-03   4.9823813E-03
   2.5000000E-01   2.6954481E+04   1.0529691E+04   3.7471440E+04   5.8726889E-03   5.2174591E-03   2.7605973E-03
   3.0000000E-01   2.1390424E+04   7.7243199E+03   2.9114744E+04   2.6922250E-03   2.2107399E-03   1.9605190E-03
   3.5000000E-01   1.7788975E+04   6.4662380E+03   2.4255213E+04   3.6008174E-03   6.9330723E-03   2.5233749E-03
   4.0000000E-01   1.4642255E+04   4.9656342E+03   1.9607889E+04   2.3688902E-03   3.7756849E-03   2.6863991E-03
   4.5000000E-01   1.2810205E+04   4.3785293E+03   1.7188734E+04   1.8032919E-03   6.0793285E-03   2.1512660E-03
   5.0000000E-01   1.1370029E+04   3.4377468E+03   1.4807776E+04   6.4320688E-03   1.4523876E-03   5.2511485E-03
   5.5000000E-01   9.9370559E+03   3.0557749E+03   1.2992831E+04   6.3008393E-03   6.1144603E-03   5.5461538E-03
   6.0000000E-01   8.6792496E+03   2.5358688E+03   1.1215118E+04   3.2547516E-03   5.8025886E-03   2.4544322E-03
   6.5000000E-01   7.0566853E+03   2.1743014E+03   9.2309867E+03   2.5374882E-03   4.7490576E-03   2.3867949E-03
   7.0000000E-01   6.3207249E+03   1.6779478E+03   7.9986727E+03   9.2979847E-03   9.3687170E-03   9.2692118E-03
   7.5000000E-01   5.2160380E+03   1.5788170E+03   6.7948550E+03   4.8264351E-03   5.3340995E-04   3.7666480E-03
   8.0000000E-01   4.3210567E+03   1.1936621E+03   5.5147188E+03   6.6671652E-03   1.3257748E-02   3.8701771E-03
   8.5000000E-01   3.5987741E+03   1.0111020E+03   4.6098761E+03   4.3448458E-03   1.0020762E-02   1.7272052E-03
   9.0000000E-01   2.7303915E+03   6.3661977E+02   3.3670112E+03   4.9182141E-03   8.0927075E-03   5.3491448E-03
   9.5000000E-01   1.8093404E+03   3.6856934E+02   2.1779097E+03   7.4350327E-03   2.0179531E-02   6.0875438E-03
   1.0000000E+00   4.9672061E+02   1.1317685E+02   6.0989746E+02   6.9737006E-03   3.8354725E-02   8.2924064E-03
