   0.0000000E+00   2.8980460E+07   1.4368763E+07   4.3284542E+07   3.7231707E-03   4.5503024E-05   2.5108462E-03
   5.0000000E-02   5.5341357E+05   3.1468115E+05   8.6790374E+05   8.9077354E-03   1.9133197E-03   6.3454480E-03
   1.0000000E-01   5.1566202E+03   3.0876059E+03   8.2442261E+03   1.6023279E-01   8.8415537E-02   1.3332720E-01
   1.5000000E-01   1.2095776E+03   8.9126768E+02   2.1008452E+03   1.2828877E-01   1.8290568E-01   1.5084434E-01
   2.0000000E-01   4.6154933E+02   3.0239439E+02   7.6394373E+02   7.4603799E-02   2.1638290E-01   1.3046088E-01
   2.5000000E-01   2.8011270E+02   1.6552114E+02   4.4563384E+02   8.1886387E-03   1.9486817E-01   6.8377829E-02
   3.0000000E-01   3.3953055E+02   1.1671362E+02   4.5624417E+02   1.6584195E-02   2.9894130E-01   6.5043223E-02
   3.5000000E-01   1.7279680E+02   5.4567409E+01   2.2736420E+02   1.9025971E-02   3.0525614E-01   5.9469879E-02
   4.0000000E-01   2.3077467E+02   4.7746483E+01   2.7852115E+02   1.2865595E-02   3.2131721E-01   4.5272988E-02
   4.5000000E-01   2.3342725E+02   2.1220659E+01   2.5464791E+02   2.0845138E-02   4.0633723E-01   1.7546298E-02
   5.0000000E-01   1.9098593E+02   2.5464791E+01   2.1645072E+02   1.6409370E-02   3.6274780E-01   2.8256236E-02
   5.5000000E-01   2.3149810E+02   2.8937262E+01   2.6043536E+02   2.3386106E-02   4.1149110E-01   2.5180744E-02
   6.0000000E-01   2.2812209E+02   1.5915494E+01   2.4403758E+02   3.4502748E-02   5.3690981E-01   3.5052777E-03
   6.5000000E-01   2.6933913E+02   0.0000000E+00   2.6933913E+02   1.9328015E-02   0.0000000E+00   1.9328015E-02
   7.0000000E-01   1.4551309E+02   4.5472841E+00   1.5006037E+02   3.9839008E-02   6.0762466E-01   2.0229663E-02
   7.5000000E-01   1.9098593E+02   8.4882636E+00   1.9947420E+02   2.4271357E-02   3.6635361E-01   1.7129237E-02
   8.0000000E-01   2.5464791E+02   7.9577472E+00   2.6260566E+02   1.7142329E-02   5.9074156E-01   1.2842744E-03
   8.5000000E-01   2.2468933E+02   0.0000000E+00   2.2468933E+02   2.2307121E-02   0.0000000E+00   2.2307121E-02
   9.0000000E-01   2.0159626E+02   7.0735530E+00   2.0866981E+02   1.4418698E-02   6.7671846E-01   9.0778281E-03
   9.5000000E-01   1.6083026E+02   0.0000000E+00   1.6083026E+02   1.9320235E-02   0.0000000E+00   1.9320235E-02
   1.0000000E+00   7.5451232E+01   0.0000000E+00   7.5451232E+01   3.4016826E-02   0.0000000E+00   3.4016826E-02
