   0.0000000E+00   6.2378552E+06   9.1953360E+06   1.5424024E+07   7.4010562E-05   2.1491341E-05   2.3209571E-05
   5.0000000E-02   1.4292114E+05   1.0364170E+05   2.4656284E+05   2.4912976E-03   1.2962496E-03   1.4026441E-03
   1.0000000E-01   7.6967330E+04   4.5200004E+04   1.2216733E+05   7.3830797E-04   9.2950168E-04   8.0900827E-04
   1.5000000E-01   5.6977470E+04   2.7374650E+04   8.4288458E+04   1.1987430E-03   2.3070937E-03   7.7747950E-04
   2.0000000E-01   4.7078032E+04   1.9560143E+04   6.6622259E+04   1.5592688E-03   3.5687607E-04   1.1782146E-03
   2.5000000E-01   3.8961130E+04   1.4018367E+04   5.2966765E+04   2.6980729E-03   4.6030950E-04   1.8761427E-03
   3.0000000E-01   3.4854933E+04   1.0949860E+04   4.5804793E+04   2.4992678E-04   2.1270015E-03   3.1970027E-04
   3.5000000E-01   3.2076542E+04   8.6762180E+03   4.0752760E+04   1.8374009E-03   6.3893039E-04   1.3392479E-03
   4.0000000E-01   2.8027185E+04   7.5837330E+03   3.5610919E+04   1.5468297E-03   2.6164687E-03   6.7269439E-04
   4.5000000E-01   2.6129705E+04   6.1115498E+03   3.2241255E+04   8.0959217E-04   1.7511508E-03   3.2901243E-04
   5.0000000E-01   2.3574030E+04   5.2139159E+03   2.8781580E+04   1.6451270E-03   2.4692614E-03   9.0230991E-04
   5.5000000E-01   2.1488811E+04   4.5720875E+03   2.6060898E+04   1.5665015E-03   8.8753829E-04   1.1729421E-03
   6.0000000E-01   2.0037607E+04   4.0266201E+03   2.4064227E+04   1.5190320E-03   8.1771083E-04   1.3989319E-03
   6.5000000E-01   1.8599092E+04   3.2320696E+03   2.1826264E+04   1.8055486E-03   4.2903956E-03   1.9541548E-03
   7.0000000E-01   1.7043221E+04   2.7829379E+03   1.9826159E+04   1.2049483E-03   2.0716652E-03   1.2440420E-03
   7.5000000E-01   1.4595569E+04   2.3385166E+03   1.6934086E+04   2.4820954E-03   2.5056613E-03   2.0449185E-03
   8.0000000E-01   7.4603880E+03   8.6739444E+02   8.3277824E+03   2.8404586E-03   7.3220345E-03   2.0049551E-03
   8.5000000E-01   5.1266616E+03   3.9320633E+02   5.5198679E+03   2.5226804E-03   1.7441241E-02   2.3723781E-03
   9.0000000E-01   3.5403133E+03   3.1477311E+02   3.8550864E+03   6.0259862E-03   2.3977515E-02   4.6949586E-03
   9.5000000E-01   2.1108971E+03   1.2732395E+02   2.2382211E+03   4.2810149E-04   2.1373563E-02   8.8925033E-04
   1.0000000E+00   5.7845945E+02   6.9163630E+01   6.4762308E+02   3.3579720E-02   6.3362534E-02   2.5499121E-02
