   0.0000000E+00   1.1826867E+07   9.6806949E+06   2.1490756E+07   1.0156634E-03   5.5697228E-04   3.1666760E-04
   5.0000000E-02   2.0530988E+05   1.0682480E+05   3.1213467E+05   1.3244576E-03   1.9873259E-03   1.3762713E-03
   1.0000000E-01   7.9259162E+04   3.7274088E+04   1.1653325E+05   6.8768206E-03   3.3384402E-03   3.6250467E-03
   1.5000000E-01   5.4452211E+04   2.3597373E+04   7.8028363E+04   2.9298334E-03   1.0473907E-03   2.3237736E-03
   2.0000000E-01   3.8913384E+04   1.6599861E+04   5.5497329E+04   4.2339199E-03   2.0988099E-03   3.4641439E-03
   2.5000000E-01   3.1983777E+04   1.2452283E+04   4.4423328E+04   1.4390926E-03   3.7029740E-03   1.5761949E-03
   3.0000000E-01   2.5029767E+04   9.8039445E+03   3.4833712E+04   6.0930747E-03   3.1663168E-03   3.9526199E-03
   3.5000000E-01   2.3291189E+04   7.4302622E+03   3.0721451E+04   1.5123056E-03   4.0968326E-03   1.8685626E-03
   4.0000000E-01   1.9321410E+04   6.8595780E+03   2.6180988E+04   2.2972978E-03   2.4656994E-03   1.9664515E-03
   4.5000000E-01   1.7061410E+04   5.2485763E+03   2.2309986E+04   2.2407158E-03   3.9092250E-03   1.6144345E-03
   5.0000000E-01   1.5501691E+04   4.0870989E+03   1.9588790E+04   1.4305193E-03   5.1563586E-03   2.0455376E-03
   5.5000000E-01   1.3750987E+04   3.5766456E+03   1.7321845E+04   2.8589943E-03   3.4766293E-03   1.7006576E-03
   6.0000000E-01   1.2854414E+04   3.3846951E+03   1.6239109E+04   4.1065445E-03   3.6000149E-03   3.1569560E-03
   6.5000000E-01   1.0920478E+04   2.8305094E+03   1.3750987E+04   5.1399857E-03   2.3291958E-03   4.5522694E-03
   7.0000000E-01   9.8994375E+03   2.2690948E+03   1.2168532E+04   1.2235331E-03   7.8849106E-03   1.4104260E-03
   7.5000000E-01   9.0612214E+03   2.0329391E+03   1.1094161E+04   4.3653628E-03   6.1170897E-03   2.8871879E-03
   8.0000000E-01   7.7150359E+03   1.7228523E+03   9.4378881E+03   3.2969734E-03   3.3431641E-03   3.0823606E-03
   8.5000000E-01   7.0252864E+03   1.3631153E+03   8.3884017E+03   5.6149775E-04   6.6019156E-03   9.7888098E-04
   9.0000000E-01   5.5315185E+03   1.1494524E+03   6.6809708E+03   2.8569609E-03   6.3883536E-03   1.3928370E-03
   9.5000000E-01   3.8632768E+03   7.7734625E+02   4.6406231E+03   3.8357029E-03   4.6873355E-03   3.5891365E-03
   1.0000000E+00   1.4650114E+03   3.5210575E+02   1.8171172E+03   1.0493098E-02   1.3166727E-02   1.0312682E-02
