   0.0000000E+00   2.7967471E+07   1.6866350E+07   4.4513982E+07   1.2911462E-02   7.1325306E-08   8.0702254E-03
   5.0000000E-02   2.0626481E+04   5.0929582E+03   2.5719439E+04   2.3759465E-01   1.9176142E-05   1.9054770E-01
   1.0000000E-01   3.5014087E+03   0.0000000E+00   3.5014087E+03   2.7293854E-03   0.0000000E+00   2.7293854E-03
   1.5000000E-01   3.1830989E+03   0.0000000E+00   3.1830989E+03   4.0974113E-07   0.0000000E+00   4.0974113E-07
   2.0000000E-01   3.7719722E+03   0.0000000E+00   3.7719722E+03   7.4417729E-07   0.0000000E+00   7.4417729E-07
   2.5000000E-01   3.8324510E+03   0.0000000E+00   3.8324510E+03   4.2057606E-07   0.0000000E+00   4.2057606E-07
   3.0000000E-01   4.0743665E+03   0.0000000E+00   4.0743665E+03   1.5994100E-05   0.0000000E+00   1.5994100E-05
   3.5000000E-01   3.8106241E+03   0.0000000E+00   3.8106241E+03   5.2427106E-06   0.0000000E+00   5.2427106E-06
   4.0000000E-01   4.0425356E+03   0.0000000E+00   4.0425356E+03   1.3495118E-05   0.0000000E+00   1.3495118E-05
   4.5000000E-01   4.4068235E+03   0.0000000E+00   4.4068235E+03   2.6633293E-07   0.0000000E+00   2.6633293E-07
   5.0000000E-01   4.9720004E+03   0.0000000E+00   4.9720004E+03   1.3620461E-04   0.0000000E+00   1.3620461E-04
   5.5000000E-01   5.4344179E+03   0.0000000E+00   5.4344179E+03   2.4898983E-06   0.0000000E+00   2.4898983E-06
   6.0000000E-01   6.6208456E+03   0.0000000E+00   6.6208456E+03   2.4400564E-06   0.0000000E+00   2.4400564E-06
   6.5000000E-01   8.8196324E+03   0.0000000E+00   8.8196324E+03   3.6377943E-05   0.0000000E+00   3.6377943E-05
   7.0000000E-01   1.4719559E+04   0.0000000E+00   1.4719559E+04   2.3582565E-06   0.0000000E+00   2.3582565E-06
   7.5000000E-01   1.1883569E+03   0.0000000E+00   1.1883569E+03   1.6100198E-05   0.0000000E+00   1.6100198E-05
   8.0000000E-01   0.0000000E+00   0.0000000E+00   0.0000000E+00   0.0000000E+00   0.0000000E+00   0.0000000E+00
   8.5000000E-01   0.0000000E+00   0.0000000E+00   0.0000000E+00   0.0000000E+00   0.0000000E+00   0.0000000E+00
   9.0000000E-01   0.0000000E+00   0.0000000E+00   0.0000000E+00   0.0000000E+00   0.0000000E+00   0.0000000E+00
   9.5000000E-01   0.0000000E+00   0.0000000E+00   0.0000000E+00   0.0000000E+00   0.0000000E+00   0.0000000E+00
   1.0000000E+00   0.0000000E+00   0.0000000E+00   0.0000000E+00   0.0000000E+00   0.0000000E+00   0.0000000E+00
