   0.0000000E+00   2.8267955E+07   1.4674340E+07   4.2425870E+07   3.7183537E-04   1.8060884E-08   2.4034063E-04
   5.0000000E-02   4.2207891E+04   1.7634368E+04   5.9842259E+04   9.1003873E-02   7.7988963E-06   6.4188644E-02
   1.0000000E-01   2.3968734E+04   9.6766205E+03   3.3645355E+04   7.6807187E-02   2.2219459E-06   5.4716879E-02
   1.5000000E-01   1.7655588E+04   7.0240382E+03   2.4679627E+04   6.9550843E-02   1.4890848E-05   4.9760295E-02
   2.0000000E-01   1.3082536E+04   4.7109863E+03   1.7793523E+04   6.0113628E-02   2.7073478E-06   4.4198678E-02
   2.5000000E-01   1.0822536E+04   4.3162821E+03   1.5126086E+04   3.7370682E-02   5.1035054E-06   2.6623775E-02
   3.0000000E-01   7.3529584E+03   3.1512679E+03   1.0504226E+04   4.4697002E-02   5.4352582E-05   3.1298692E-02
   3.5000000E-01   6.1297390E+03   2.6465193E+03   8.7762583E+03   3.3495416E-02   9.2481307E-06   2.3397359E-02
   4.0000000E-01   5.3157751E+03   2.3157044E+03   7.6235218E+03   4.4996421E-02   7.5510702E-07   3.1641990E-02
   4.5000000E-01   4.4775591E+03   1.8108296E+03   6.2883886E+03   3.8904834E-02   2.2545805E-05   2.7695647E-02
   5.0000000E-01   3.6541975E+03   1.5342537E+03   5.1884511E+03   4.6506008E-02   2.3893344E-05   3.2754271E-02
   5.5000000E-01   2.9573882E+03   1.4989502E+03   4.4563384E+03   3.5915226E-02   5.6205072E-06   2.3836144E-02
   6.0000000E-01   2.5305636E+03   1.1140846E+03   3.6446482E+03   4.6831370E-02   9.3602750E-07   3.2516284E-02
   6.5000000E-01   2.1057423E+03   9.4513551E+02   3.0508778E+03   4.5700154E-02   2.4239365E-06   3.1543208E-02
   7.0000000E-01   1.8189136E+03   7.6394373E+02   2.5828574E+03   4.6314013E-02   5.3491729E-05   3.2600559E-02
   7.5000000E-01   1.5363757E+03   6.4935217E+02   2.1857279E+03   3.6359266E-02   9.4834340E-06   2.5554755E-02
   8.0000000E-01   1.1419367E+03   5.2919019E+02   1.6711269E+03   5.3108167E-02   2.6752415E-07   3.6290498E-02
   8.5000000E-01   9.4369519E+02   4.3814420E+02   1.3818394E+03   7.9261866E-02   1.1664072E-06   5.4129699E-02
   9.0000000E-01   6.9320820E+02   3.6428798E+02   1.0574962E+03   8.7856401E-02   5.7818108E-06   5.7589508E-02
   9.5000000E-01   5.0594519E+02   2.7810232E+02   7.8404751E+02   9.4922094E-02   3.8638229E-05   6.1240810E-02
   1.0000000E+00   2.3892890E+02   1.3832726E+02   3.7725616E+02   1.5584243E-01   7.2632256E-06   9.8702801E-02
