   0.0000000E+00   2.6009228E+07   1.4515440E+07   4.0198719E+07   1.1209268E-03   4.6334815E-04   8.8278599E-04
   5.0000000E-02   8.3460852E+04   2.8647890E+04   1.1210874E+05   1.2211195E-01   6.1781908E-02   1.0668559E-01
   1.0000000E-01   3.8547327E+04   1.3846480E+04   5.2393807E+04   1.2427614E-01   5.1784090E-02   1.0500240E-01
   1.5000000E-01   2.4700847E+04   8.1699537E+03   3.2870801E+04   1.2200832E-01   6.9252161E-02   1.0881910E-01
   2.0000000E-01   1.7411551E+04   5.3476061E+03   2.2759157E+04   1.3007206E-01   6.1388085E-02   1.1393321E-01
   2.5000000E-01   1.3496339E+04   3.8451834E+03   1.7341523E+04   1.1761794E-01   6.3235816E-02   1.0553014E-01
   3.0000000E-01   1.0896808E+04   3.1724885E+03   1.4058687E+04   1.3398951E-01   7.8921040E-02   1.2155240E-01
   3.5000000E-01   8.5125158E+03   3.0739640E+03   1.1577385E+04   1.4208754E-01   5.5913726E-02   1.1913871E-01
   4.0000000E-01   7.2574654E+03   2.1485917E+03   9.4060571E+03   1.3877231E-01   6.5559313E-02   1.2204706E-01
   4.5000000E-01   5.9488581E+03   1.7117998E+03   7.6535844E+03   1.3920035E-01   5.6266589E-02   1.2031782E-01
   5.0000000E-01   5.4621976E+03   1.4769579E+03   6.9391555E+03   1.5510463E-01   5.0573028E-02   1.3285501E-01
   5.5000000E-01   4.3984639E+03   1.2558772E+03   5.6543411E+03   1.4764002E-01   4.9360904E-02   1.2581038E-01
   6.0000000E-01   3.8674651E+03   8.8596252E+02   4.7534276E+03   1.3917870E-01   5.1581837E-02   1.2283178E-01
   6.5000000E-01   3.5797620E+03   7.8842910E+02   4.3681911E+03   1.3571976E-01   6.1208458E-02   1.2226191E-01
   7.0000000E-01   2.6919922E+03   6.5026162E+02   3.3422538E+03   1.5365223E-01   4.8327771E-02   1.3310579E-01
   7.5000000E-01   2.3639814E+03   5.7720193E+02   2.9411833E+03   1.7121594E-01   5.5735162E-02   1.4850223E-01
   8.0000000E-01   2.0013734E+03   4.6552821E+02   2.4669016E+03   1.5852018E-01   4.2416927E-02   1.3660653E-01
   8.5000000E-01   1.6327425E+03   2.7711684E+02   1.9098593E+03   1.6182353E-01   4.2437710E-02   1.4449864E-01
   9.0000000E-01   1.2767763E+03   2.5111113E+02   1.5278875E+03   1.6199490E-01   5.5837568E-02   1.4451664E-01
   9.5000000E-01   8.5441075E+02   1.5747963E+02   1.0118904E+03   1.3948632E-01   7.8681665E-02   1.3001878E-01
   1.0000000E+00   2.9551733E+02   1.1317685E+02   4.0869417E+02   1.2788298E-01   7.2889258E-02   1.1244395E-01
