   0.0000000E+00   3.2608683E+07   1.6922372E+07   4.9001897E+07   2.1937012E-03   1.5370239E-08   1.4381762E-03
   5.0000000E-02   1.2605071E+04   2.6101411E+03   1.5215213E+04   3.1755970E-01   4.1544846E-06   2.6308365E-01
   1.0000000E-01   3.5014087E+02   0.0000000E+00   3.5014087E+02   8.0016535E-07   0.0000000E+00   8.0016535E-07
   1.5000000E-01   2.7586857E+02   0.0000000E+00   2.7586857E+02   2.1075215E-05   0.0000000E+00   2.1075215E-05
   2.0000000E-01   2.7056340E+02   0.0000000E+00   2.7056340E+02   1.6516623E-07   0.0000000E+00   1.6516623E-07
   2.5000000E-01   3.8197186E+02   0.0000000E+00   3.8197186E+02   1.6621190E-06   0.0000000E+00   1.6621190E-06
   3.0000000E-01   4.4563384E+02   0.0000000E+00   4.4563384E+02   1.5656811E-06   0.0000000E+00   1.5656811E-06
   3.5000000E-01   2.8193161E+02   0.0000000E+00   2.8193161E+02   9.8998029E-08   0.0000000E+00   9.8998029E-08
   4.0000000E-01   4.1380285E+02   0.0000000E+00   4.1380285E+02   2.6965117E-06   0.0000000E+00   2.6965117E-06
   4.5000000E-01   3.8197186E+02   0.0000000E+00   3.8197186E+02   9.6396526E-06   0.0000000E+00   9.6396526E-06
   5.0000000E-01   4.0107046E+02   0.0000000E+00   4.0107046E+02   2.8639857E-07   0.0000000E+00   2.8639857E-07
   5.5000000E-01   5.3244563E+02   0.0000000E+00   5.3244563E+02   3.7979106E-07   0.0000000E+00   3.7979106E-07
   6.0000000E-01   4.9868549E+02   0.0000000E+00   4.9868549E+02   5.5832200E-07   0.0000000E+00   5.5832200E-07
   6.5000000E-01   5.4847242E+02   0.0000000E+00   5.4847242E+02   1.0065381E-05   0.0000000E+00   1.0065381E-05
   7.0000000E-01   6.0933607E+02   0.0000000E+00   6.0933607E+02   2.2524383E-05   0.0000000E+00   2.2524383E-05
   7.5000000E-01   7.1301415E+02   0.0000000E+00   7.1301415E+02   3.7128867E-06   0.0000000E+00   3.7128867E-06
   8.0000000E-01   1.2732395E+03   0.0000000E+00   1.2732395E+03   2.2818972E-05   0.0000000E+00   2.2818972E-05
   8.5000000E-01   7.4521962E+02   0.0000000E+00   7.4521962E+02   1.5744022E-05   0.0000000E+00   1.5744022E-05
   9.0000000E-01   1.7683883E+01   0.0000000E+00   1.7683883E+01   1.4157030E-06   0.0000000E+00   1.4157030E-06
   9.5000000E-01   0.0000000E+00   0.0000000E+00   0.0000000E+00   0.0000000E+00   0.0000000E+00   0.0000000E+00
   1.0000000E+00   0.0000000E+00   0.0000000E+00   0.0000000E+00   0.0000000E+00   0.0000000E+00   0.0000000E+00
