   0.0000000E+00   3.2214998E+07   1.6822041E+07   4.8712617E+07   3.4539324E-03   1.4395043E-07   2.2699469E-03
   5.0000000E-02   5.1566202E+03   9.5492966E+02   6.1115498E+03   2.6015853E-01   1.9826228E-06   2.1950848E-01
   1.0000000E-01   7.0028175E+02   0.0000000E+00   7.0028175E+02   1.8139664E-07   0.0000000E+00   1.8139664E-07
   1.5000000E-01   1.0822536E+03   0.0000000E+00   1.0822536E+03   1.6495869E-06   0.0000000E+00   1.6495869E-06
   2.0000000E-01   1.0663381E+03   0.0000000E+00   1.0663381E+03   1.8175557E-07   0.0000000E+00   1.8175557E-07
   2.5000000E-01   1.0822536E+03   0.0000000E+00   1.0822536E+03   1.8591751E-06   0.0000000E+00   1.8591751E-06
   3.0000000E-01   1.0610330E+03   0.0000000E+00   1.0610330E+03   2.9425479E-06   0.0000000E+00   2.9425479E-06
   3.5000000E-01   1.0731590E+03   0.0000000E+00   1.0731590E+03   7.0502131E-05   0.0000000E+00   7.0502131E-05
   4.0000000E-01   9.7880290E+02   0.0000000E+00   9.7880290E+02   1.8102801E-05   0.0000000E+00   1.8102801E-05
   4.5000000E-01   1.1388420E+03   0.0000000E+00   1.1388420E+03   4.1029136E-07   0.0000000E+00   4.1029136E-07
   5.0000000E-01   1.4769579E+03   0.0000000E+00   1.4769579E+03   1.3089814E-04   0.0000000E+00   1.3089814E-04
   5.5000000E-01   1.4352882E+03   0.0000000E+00   1.4352882E+03   2.5918545E-06   0.0000000E+00   2.5918545E-06
   6.0000000E-01   1.7984509E+03   0.0000000E+00   1.7984509E+03   2.4342223E-06   0.0000000E+00   2.4342223E-06
   6.5000000E-01   2.3848756E+03   0.0000000E+00   2.3848756E+03   3.0495217E-05   0.0000000E+00   3.0495217E-05
   7.0000000E-01   3.7287730E+03   0.0000000E+00   3.7287730E+03   9.3181863E-06   0.0000000E+00   9.3181863E-06
   7.5000000E-01   2.0796246E+02   0.0000000E+00   2.0796246E+02   1.8381308E-05   0.0000000E+00   1.8381308E-05
   8.0000000E-01   0.0000000E+00   0.0000000E+00   0.0000000E+00   0.0000000E+00   0.0000000E+00   0.0000000E+00
   8.5000000E-01   0.0000000E+00   0.0000000E+00   0.0000000E+00   0.0000000E+00   0.0000000E+00   0.0000000E+00
   9.0000000E-01   0.0000000E+00   0.0000000E+00   0.0000000E+00   0.0000000E+00   0.0000000E+00   0.0000000E+00
   9.5000000E-01   0.0000000E+00   0.0000000E+00   0.0000000E+00   0.0000000E+00   0.0000000E+00   0.0000000E+00
   1.0000000E+00   0.0000000E+00   0.0000000E+00   0.0000000E+00   0.0000000E+00   0.0000000E+00   0.0000000E+00
