   0.0000000E+00   3.2924447E+07   1.6749721E+07   4.8895964E+07   3.6569658E-05   2.0972599E-11   2.4624448E-05
   5.0000000E-02   3.8197186E+03   9.5492966E+02   4.7746483E+03   1.6669314E-01   6.1413422E-04   1.3323169E-01
   1.0000000E-01   1.5278875E+03   1.5915494E+02   1.6870424E+03   1.7870591E-01   6.4841137E-06   1.6184747E-01
   1.5000000E-01   8.9126768E+02   1.6976527E+02   1.0610330E+03   2.1517966E-01   4.3368443E-06   1.8075161E-01
   2.0000000E-01   7.0028175E+02   2.3873241E+02   9.3901416E+02   2.1845724E-01   1.5791024E-07   1.6291730E-01
   2.5000000E-01   5.0929582E+02   1.0185916E+02   6.1115498E+02   2.1169928E-01   2.0726590E-07   1.7641604E-01
   3.0000000E-01   5.0929582E+02   1.0610330E+02   6.1539911E+02   2.5144181E-01   3.8237302E-07   2.0808984E-01
   3.5000000E-01   4.5472841E+02   6.3661977E+01   5.1839039E+02   2.2225729E-01   6.0963309E-06   1.9496178E-01
   4.0000000E-01   2.7852115E+02   4.7746483E+01   3.2626763E+02   2.8118580E-01   2.2422531E-06   2.4003698E-01
   4.5000000E-01   2.7586857E+02   5.6588424E+01   3.3245699E+02   2.5513621E-01   1.3354074E-05   2.1170650E-01
   5.0000000E-01   1.7825354E+02   4.4563384E+01   2.2281692E+02   2.6422781E-01   1.6420625E-04   2.1141509E-01
   5.5000000E-01   8.1024335E+01   4.6299620E+01   1.2732395E+02   3.0189749E-01   4.1022400E-06   1.9211808E-01
   6.0000000E-01   1.8037560E+02   5.3051648E+01   2.3342725E+02   3.1220946E-01   4.1594949E-05   2.4124331E-01
   6.5000000E-01   9.3044428E+01   3.4279526E+01   1.2732395E+02   2.8694096E-01   4.5369785E-05   2.0967541E-01
   7.0000000E-01   8.1851114E+01   3.1830989E+01   1.1368210E+02   3.0536224E-01   1.7493691E-05   2.1985591E-01
   7.5000000E-01   8.9126768E+01   2.1220659E+01   1.1034743E+02   3.3021556E-01   7.7922030E-06   2.6671107E-01
   8.0000000E-01   7.9577472E+01   4.7746483E+01   1.2732395E+02   3.4630974E-01   2.1534714E-05   2.1645166E-01
   8.5000000E-01   4.4937866E+01   1.1234467E+01   5.6172333E+01   3.7856193E-01   2.0202595E-06   3.0284914E-01
   9.0000000E-01   3.8904542E+01   0.0000000E+00   3.8904542E+01   3.9789692E-01   0.0000000E+00   3.9789692E-01
   9.5000000E-01   2.0103782E+01   1.0051891E+01   3.0155673E+01   4.0237375E-01   7.8820548E-05   2.6822290E-01
   1.0000000E+00   1.8862808E+01   1.2575205E+01   3.1438013E+01   4.1852799E-01   6.5046449E-07   2.5111653E-01
