   0.0000000E+00   3.2293939E+07   1.6604062E+07   4.8362222E+07   3.9332812E-04   2.1262837E-09   2.6031622E-04
   5.0000000E-02   2.7565636E+04   8.1487331E+03   3.5714369E+04   1.9110456E-01   7.6962805E-07   1.4750155E-01
   1.0000000E-01   1.1586480E+04   3.2149299E+03   1.4801410E+04   2.2038066E-01   1.9958455E-05   1.7251736E-01
   1.5000000E-01   6.9603762E+03   1.2095776E+03   8.1699537E+03   2.5119252E-01   4.4872341E-06   2.1400231E-01
   2.0000000E-01   4.0902820E+03   9.0718318E+02   4.9974652E+03   2.4538291E-01   2.2922576E-06   2.0083846E-01
   2.5000000E-01   2.4446199E+03   6.1115498E+02   3.0557749E+03   2.8983048E-01   2.1145515E-05   2.3186016E-01
   3.0000000E-01   1.7613147E+03   4.1380285E+02   2.1751176E+03   2.7841987E-01   3.1760178E-05   2.2545822E-01
   3.5000000E-01   1.1095373E+03   2.1826964E+02   1.3278070E+03   3.0144063E-01   9.3229510E-06   2.5189028E-01
   4.0000000E-01   6.8436626E+02   2.2281692E+02   9.0718318E+02   2.9623111E-01   5.1697600E-07   2.2347272E-01
   4.5000000E-01   4.7392805E+02   6.3661977E+01   5.3759003E+02   3.0640810E-01   4.3311767E-07   2.7012288E-01
   5.0000000E-01   3.0557749E+02   8.2760570E+01   3.8833806E+02   3.0662021E-01   1.2098012E-05   2.4127234E-01
   5.5000000E-01   1.7941103E+02   5.2087072E+01   2.3149810E+02   2.3767748E-01   7.4568686E-06   1.8420172E-01
   6.0000000E-01   1.5915494E+02   1.5915494E+01   1.7507044E+02   1.7633863E-01   5.7416849E-06   1.6030732E-01
   6.5000000E-01   1.1263273E+02   9.7941503E+00   1.2242688E+02   2.3303787E-01   1.5788428E-05   2.1439358E-01
   7.0000000E-01   6.8209261E+01   1.8189136E+01   8.6398398E+01   2.1074343E-01   9.4337041E-06   1.6637838E-01
   7.5000000E-01   3.8197186E+01   8.4882636E+00   4.6685450E+01   8.2972209E-02   5.9954933E-06   6.7887411E-02
   8.0000000E-01   5.1725357E+01   0.0000000E+00   5.1725357E+01   1.1183149E-01   0.0000000E+00   1.1183149E-01
   8.5000000E-01   7.4896444E+01   0.0000000E+00   7.4896444E+01   2.6026141E-05   0.0000000E+00   2.6026141E-05
   9.0000000E-01   5.3051648E+01   0.0000000E+00   5.3051648E+01   5.1952009E-02   0.0000000E+00   5.1952009E-02
   9.5000000E-01   2.0103782E+01   0.0000000E+00   2.0103782E+01   1.4897261E-02   0.0000000E+00   1.4897261E-02
   1.0000000E+00   1.2575205E+01   0.0000000E+00   1.2575205E+01   2.1888653E-05   0.0000000E+00   2.1888653E-05
