   0.0000000E+00   1.1561015E+05   1.0332594E+07   1.0448204E+07   2.3103524E-02   5.7008546E-05   2.1557414E-04
   5.0000000E-02   8.1232683E+04   2.4949129E+05   3.3072397E+05   6.5819927E-03   6.4180609E-04   2.0650651E-03
   1.0000000E-01   5.9428456E+04   8.1009866E+04   1.4043832E+05   3.5627766E-03   1.1339677E-03   1.9085891E-03
   1.5000000E-01   4.2802069E+04   4.1550050E+04   8.4352120E+04   1.1425070E-03   2.1595207E-03   1.2865512E-03
   2.0000000E-01   3.4138735E+04   2.3077467E+04   5.7216202E+04   4.7884041E-03   1.6376135E-03   2.7328848E-03
   2.5000000E-01   2.7896678E+04   1.3827381E+04   4.1724060E+04   4.1262428E-03   1.9050709E-03   2.5919057E-03
   3.0000000E-01   2.4562913E+04   7.2150241E+03   3.1777937E+04   1.1387761E-03   1.0628011E-03   7.9761644E-04
   3.5000000E-01   2.2108895E+04   4.8292157E+03   2.6938111E+04   5.6319376E-03   6.0450804E-03   5.4677623E-03
   4.0000000E-01   2.1215354E+04   2.4350706E+03   2.3650425E+04   1.7414774E-03   1.0326896E-03   1.5998617E-03
   4.5000000E-01   2.0732584E+04   1.4076371E+03   2.2140221E+04   1.7304817E-03   6.5044488E-03   1.9402838E-03
   5.0000000E-01   2.0053523E+04   7.1301415E+02   2.0766537E+04   1.2665114E-03   1.9880521E-02   1.5585299E-03
   5.5000000E-01   2.1199438E+04   5.1508327E+02   2.1726097E+04   1.2769936E-03   2.1318815E-02   1.4140039E-03
   6.0000000E-01   2.1761786E+04   2.2281692E+02   2.1984603E+04   4.0106169E-04   7.3480684E-03   3.2321037E-04
   6.5000000E-01   2.1155365E+04   6.8559052E+01   2.1223924E+04   4.7406334E-04   4.4444025E-06   4.7253471E-04
   7.0000000E-01   2.2195294E+04   5.0020125E+01   2.2245314E+04   4.9590203E-04   8.4178926E-03   5.0288329E-04
   7.5000000E-01   2.1420133E+04   2.5464791E+01   2.1445598E+04   3.0550453E-04   1.2956524E-02   3.1436826E-04
   8.0000000E-01   2.1557537E+04   3.9788736E+00   2.1561516E+04   5.3669771E-04   9.5670180E-04   5.3661002E-04
   8.5000000E-01   2.1379190E+04   7.4896444E+00   2.1386680E+04   1.8489859E-04   1.9279917E-05   1.8484058E-04
   9.0000000E-01   2.2546950E+04   3.5367765E+00   2.2546950E+04   3.6202833E-05   3.3149647E-06   3.6202283E-05
   9.5000000E-01   1.2574916E+04   0.0000000E+00   1.2574916E+04   9.4281105E-05   0.0000000E+00   9.4281105E-05
   1.0000000E+00   1.5404627E+03   0.0000000E+00   1.5404627E+03   4.5124433E-04   0.0000000E+00   4.5124433E-04
