   0.0000000E+00   1.5742843E+07   1.5366983E+07   3.0920368E+07   4.5562227E-02   1.3752372E-06   2.3008982E-02
   5.0000000E-02   3.2836848E+05   1.8417410E+05   5.1254258E+05   1.5987641E-01   4.8075888E-05   1.0250917E-01
   1.0000000E-01   1.0185916E+04   1.5597184E+03   1.1745635E+04   5.5025155E-02   1.3909017E-05   4.7720089E-02
   1.5000000E-01   5.8781226E+03   4.2441318E+01   5.9205639E+03   9.1011864E-04   9.8053719E-02   1.3811381E-03
   2.0000000E-01   5.0133807E+03   0.0000000E+00   5.0133807E+03   4.9783447E-04   0.0000000E+00   4.9783447E-04
   2.5000000E-01   5.1566202E+03   0.0000000E+00   5.1566202E+03   2.1415109E-06   0.0000000E+00   2.1415109E-06
   3.0000000E-01   5.3794371E+03   0.0000000E+00   5.3794371E+03   3.6912049E-05   0.0000000E+00   3.6912049E-05
   3.5000000E-01   5.8750910E+03   0.0000000E+00   5.8750910E+03   7.3123013E-06   0.0000000E+00   7.3123013E-06
   4.0000000E-01   5.8409864E+03   0.0000000E+00   5.8409864E+03   2.6190825E-06   0.0000000E+00   2.6190825E-06
   4.5000000E-01   6.0195936E+03   0.0000000E+00   6.0195936E+03   7.7329063E-07   0.0000000E+00   7.7329063E-07
   5.0000000E-01   5.9460287E+03   0.0000000E+00   5.9460287E+03   3.0103751E-06   0.0000000E+00   3.0103751E-06
   5.5000000E-01   6.2446612E+03   0.0000000E+00   6.2388738E+03   4.0992599E-06   0.0000000E+00   4.0967259E-06
   6.0000000E-01   6.3715029E+03   0.0000000E+00   6.3715029E+03   1.1442061E-05   0.0000000E+00   1.1442061E-05
   6.5000000E-01   7.0615824E+03   0.0000000E+00   7.0615824E+03   2.8106184E-06   0.0000000E+00   2.8106184E-06
   7.0000000E-01   7.8395178E+03   0.0000000E+00   7.8395178E+03   1.2957736E-06   0.0000000E+00   1.2957736E-06
   7.5000000E-01   8.2803012E+03   0.0000000E+00   8.2803012E+03   1.4649416E-04   0.0000000E+00   1.4652186E-04
   8.0000000E-01   9.1832402E+03   0.0000000E+00   9.1832402E+03   1.0499659E-06   0.0000000E+00   1.0499659E-06
   8.5000000E-01   1.0691467E+04   0.0000000E+00   1.0691467E+04   1.3652428E-05   0.0000000E+00   1.3652428E-05
   9.0000000E-01   1.4210768E+04   0.0000000E+00   1.4196621E+04   5.4267112E-06   0.0000000E+00   5.4317502E-06
   9.5000000E-01   2.2291744E+04   0.0000000E+00   2.2291744E+04   1.4628297E-05   0.0000000E+00   1.4629950E-05
   1.0000000E+00   1.3958478E+04   0.0000000E+00   1.3958478E+04   2.9022286E-05   0.0000000E+00   2.9022286E-05
