   0.0000000E+00   2.8979951E+07   1.5680200E+07   4.4388186E+07   6.3224410E-04   1.4939300E-04   4.6133347E-04
   5.0000000E-02   5.1056906E+04   1.6997748E+04   6.8054654E+04   1.2426344E-01   7.7345048E-02   1.1254233E-01
   1.0000000E-01   2.2377185E+04   8.0214091E+03   3.0398594E+04   1.2638567E-01   7.5233655E-02   1.1286172E-01
   1.5000000E-01   1.4981785E+04   4.6261037E+03   1.9607889E+04   1.2862272E-01   8.4017546E-02   1.1809842E-01
   2.0000000E-01   1.1459156E+04   3.2785918E+03   1.4737748E+04   1.3978248E-01   8.9909436E-02   1.2861027E-01
   2.5000000E-01   8.2123951E+03   2.4191551E+03   1.0631550E+04   1.4220708E-01   8.1374239E-02   1.2835099E-01
   3.0000000E-01   7.1619724E+03   2.0477936E+03   9.2097660E+03   1.4064522E-01   9.5110842E-02   1.3047847E-01
   3.5000000E-01   5.7477671E+03   1.6552114E+03   7.4029785E+03   1.4633883E-01   8.8900383E-02   1.3349630E-01
   4.0000000E-01   4.7030286E+03   1.0345071E+03   5.7375357E+03   1.3528853E-01   7.3607471E-02   1.2416103E-01
   4.5000000E-01   3.9187484E+03   8.5589992E+02   4.7746483E+03   1.3463438E-01   9.5153044E-02   1.2755107E-01
   5.0000000E-01   3.2149299E+03   6.1115498E+02   3.8260848E+03   1.3823989E-01   7.2874058E-02   1.2779720E-01
   5.5000000E-01   2.7143152E+03   6.7713194E+02   3.3914472E+03   1.3819978E-01   7.7148054E-02   1.2600873E-01
   6.0000000E-01   2.3342725E+03   4.4032868E+02   2.7746012E+03   1.3938510E-01   3.8041704E-02   1.2327890E-01
   6.5000000E-01   2.1449189E+03   3.6728064E+02   2.5121996E+03   1.3627940E-01   5.6889953E-02   1.2466966E-01
   7.0000000E-01   1.5870021E+03   3.6833001E+02   1.9553322E+03   1.4186920E-01   6.7630312E-02   1.2767389E-01
   7.5000000E-01   1.3496339E+03   2.2918312E+02   1.5788170E+03   1.3863452E-01   4.8082720E-02   1.2548959E-01
   8.0000000E-01   1.0742959E+03   1.9496481E+02   1.2692607E+03   1.4642838E-01   8.5799511E-02   1.3710986E-01
   8.5000000E-01   8.3884017E+02   1.4604807E+02   9.8488824E+02   1.3408933E-01   5.6084840E-02   1.2252040E-01
   9.0000000E-01   6.7906109E+02   1.3086073E+02   8.0992182E+02   1.5857365E-01   1.0692882E-01   1.5020135E-01
   9.5000000E-01   4.1547817E+02   4.0207565E+01   4.5568573E+02   1.8914066E-01   9.7656176E-02   1.8103732E-01
   1.0000000E+00   1.5090246E+02   3.7725616E+01   1.8862808E+02   1.2834474E-01   1.2300138E-05   1.0267824E-01
