   0.0000000E+00   1.7224894E+07   8.5189911E+06   2.5621145E+07   5.1355677E-03   9.4065389E-08   3.4436522E-03
   5.0000000E-02   5.1795385E+05   2.2428115E+05   7.4102542E+05   3.7915749E-02   4.2263839E-05   2.6437116E-02
   1.0000000E-01   1.5679945E+05   7.7126485E+04   2.3373495E+05   2.6449401E-02   4.0149503E-05   1.7771435E-02
   1.5000000E-01   7.3975218E+04   3.6584416E+04   1.1049597E+05   2.2561263E-02   1.1964195E-05   1.5106630E-02
   2.0000000E-01   4.3735778E+04   2.1565495E+04   6.5301273E+04   2.9155428E-02   5.8492461E-05   1.9546086E-02
   2.5000000E-01   2.9386369E+04   1.4960565E+04   4.4346933E+04   1.7384387E-02   1.0265415E-04   1.1553832E-02
   3.0000000E-01   2.1167607E+04   1.1554649E+04   3.2722256E+04   1.8578483E-02   7.5552250E-06   1.2020400E-02
   3.5000000E-01   1.5315253E+04   8.0123146E+03   2.3327567E+04   3.2036559E-02   4.3271217E-06   2.1031555E-02
   4.0000000E-01   1.1713804E+04   6.1035921E+03   1.7809438E+04   3.2442660E-02   1.9737190E-04   2.1472254E-02
   4.5000000E-01   8.7570586E+03   4.7251334E+03   1.3482192E+04   3.1794329E-02   1.4413545E-05   2.0652153E-02
   5.0000000E-01   6.8118316E+03   3.5905355E+03   1.0402367E+04   2.4225295E-02   5.5703051E-06   1.5862956E-02
   5.5000000E-01   5.1624076E+03   2.7895521E+03   7.9577472E+03   2.7294608E-02   4.6432211E-06   1.7640115E-02
   6.0000000E-01   3.8144135E+03   1.8461973E+03   5.6606108E+03   2.6290050E-02   1.3471872E-05   1.7719635E-02
   6.5000000E-01   2.9872159E+03   1.5131962E+03   4.4955150E+03   3.1751098E-02   5.8226442E-06   2.1096389E-02
   7.0000000E-01   2.1326762E+03   1.2368613E+03   3.3695375E+03   1.3990384E-02   6.1598718E-06   8.8568400E-03
   7.5000000E-01   1.6170142E+03   8.8277942E+02   2.4997936E+03   4.0599943E-02   9.6877665E-06   2.6265510E-02
   8.0000000E-01   1.1896832E+03   6.2468315E+02   1.8143664E+03   4.2859930E-02   5.1401499E-06   2.8104584E-02
   8.5000000E-01   9.2497108E+02   3.6324775E+02   1.2882188E+03   2.0726370E-02   9.3164280E-06   1.4879390E-02
   9.0000000E-01   5.6588424E+02   2.6525824E+02   8.3114248E+02   6.3261902E-02   7.0872180E-06   4.3074039E-02
   9.5000000E-01   3.5516682E+02   1.5077837E+02   5.0594519E+02   2.9236468E-02   2.7823025E-06   2.0524005E-02
   1.0000000E+00   1.6347767E+02   3.1438013E+01   1.9491568E+02   9.5771789E-02   6.3091950E-06   8.0323710E-02
