   0.0000000E+00   3.2657066E+07   1.6837829E+07   4.9124637E+07   1.0452791E-04   7.4511749E-05   8.9946336E-05
   5.0000000E-02   1.1077184E+04   3.3104228E+03   1.4387607E+04   1.5597055E-01   7.2376666E-02   1.3673565E-01
   1.0000000E-01   5.0611272E+03   1.3687325E+03   6.4298597E+03   1.2960534E-01   7.8383119E-02   1.1870109E-01
   1.5000000E-01   3.1194369E+03   9.7615032E+02   4.0955872E+03   1.3865501E-01   7.9958015E-02   1.2466427E-01
   2.0000000E-01   1.9894368E+03   5.2521131E+02   2.5146481E+03   1.6879918E-01   5.3542561E-02   1.4472445E-01
   2.5000000E-01   1.6552114E+03   4.4563384E+02   2.1008452E+03   1.3078903E-01   5.9163600E-02   1.1559517E-01
   3.0000000E-01   1.2414086E+03   2.8647890E+02   1.5278875E+03   1.4699015E-01   7.4595211E-02   1.3339706E-01
   3.5000000E-01   1.0458753E+03   2.0917507E+02   1.2550504E+03   1.5682788E-01   7.4859746E-02   1.4316652E-01
   4.0000000E-01   8.9126768E+02   1.7507044E+02   1.0663381E+03   1.3848449E-01   9.6014844E-02   1.3151186E-01
   4.5000000E-01   6.5076688E+02   1.5561817E+02   8.0638504E+02   1.5100526E-01   1.0785381E-01   1.4267677E-01
   5.0000000E-01   5.3476061E+02   5.0929582E+01   5.8569019E+02   1.0778565E-01   5.1387348E-02   1.0288089E-01
   5.5000000E-01   4.5720875E+02   1.7362357E+01   4.7457110E+02   1.4191135E-01   8.4395566E-02   1.3980711E-01
   6.0000000E-01   3.2361505E+02   2.1220659E+01   3.4483571E+02   1.4190289E-01   3.2718952E-05   1.3316839E-01
   6.5000000E-01   3.1830989E+02   3.9176601E+01   3.5748649E+02   1.0787680E-01   1.1100798E-01   1.0821932E-01
   7.0000000E-01   2.2736420E+02   3.1830989E+01   2.5919519E+02   1.0705853E-01   1.4427581E-01   1.1162907E-01
   7.5000000E-01   1.6976527E+02   1.2732395E+01   1.8249767E+02   7.2334845E-02   1.0648898E-05   6.7288971E-02
   8.0000000E-01   1.5517607E+02   7.9577472E+00   1.6313382E+02   1.3062766E-01   1.3438652E-04   1.2424902E-01
   8.5000000E-01   1.0859984E+02   7.4896444E+00   1.1608949E+02   1.0340668E-01   1.0328551E-05   9.6734619E-02
   9.0000000E-01   8.4882636E+01   3.5367765E+00   8.8419413E+01   8.4546065E-02   2.5870092E-03   8.1267703E-02
   9.5000000E-01   4.3558195E+01   3.3506304E+00   4.6908825E+01   9.3153675E-02   3.5026697E-05   8.6502343E-02
   1.0000000E+00   6.2876027E+00   0.0000000E+00   6.2876027E+00   4.1152692E-06   0.0000000E+00   4.1152692E-06
