   0.0000000E+00   2.6637699E+07   1.5108260E+07   4.1418482E+07   7.4541691E-04   3.1079986E-04   5.8561098E-04
   5.0000000E-02   6.7418034E+04   2.6292397E+04   9.3710430E+04   1.0410808E-01   7.0319778E-02   9.4627281E-02
   1.0000000E-01   3.2340284E+04   1.3146198E+04   4.5454652E+04   1.1239723E-01   7.2525163E-02   1.0066347E-01
   1.5000000E-01   2.2260471E+04   7.4908927E+03   2.9730143E+04   1.2579326E-01   7.7113797E-02   1.1356864E-01
   2.0000000E-01   1.6568030E+04   4.9178877E+03   2.1470002E+04   1.2383276E-01   6.4926932E-02   1.1034213E-01
   2.5000000E-01   1.2095776E+04   3.8833806E+03   1.5979156E+04   1.1764319E-01   9.6071816E-02   1.1240010E-01
   3.0000000E-01   9.7615032E+03   2.5570894E+03   1.2318593E+04   1.2437731E-01   8.3713640E-02   1.1593570E-01
   3.5000000E-01   7.8031395E+03   2.3009257E+03   1.0104065E+04   1.2530354E-01   7.4244670E-02   1.1367613E-01
   4.0000000E-01   6.3423245E+03   1.7586621E+03   8.1009866E+03   1.2875088E-01   8.2976944E-02   1.1877208E-01
   4.5000000E-01   5.8073870E+03   1.4642255E+03   7.2716125E+03   1.2757221E-01   5.9739519E-02   1.1388172E-01
   5.0000000E-01   4.8510427E+03   9.7402825E+02   5.8250709E+03   1.2877898E-01   7.4121018E-02   1.1963918E-01
   5.5000000E-01   4.0512167E+03   9.6071711E+02   5.0061464E+03   1.1368838E-01   7.6455363E-02   1.0665695E-01
   6.0000000E-01   3.5650707E+03   7.9577472E+02   4.3608454E+03   1.2735797E-01   7.2393834E-02   1.1730733E-01
   6.5000000E-01   3.0312895E+03   7.6884080E+02   3.8001303E+03   1.2680713E-01   8.7892579E-02   1.1893312E-01
   7.0000000E-01   2.4737225E+03   4.7291755E+02   2.9466401E+03   1.2040880E-01   7.7041639E-02   1.1344849E-01
   7.5000000E-01   2.2578781E+03   5.1353995E+02   2.7714181E+03   1.2554562E-01   8.0227657E-02   1.1710850E-01
   8.0000000E-01   1.8660917E+03   3.8197186E+02   2.2480636E+03   1.1260159E-01   8.7725355E-02   1.0835955E-01
   8.5000000E-01   1.2357913E+03   1.8349629E+02   1.4192876E+03   1.5049794E-01   7.9000287E-02   1.4125418E-01
   9.0000000E-01   8.9480446E+02   1.7683883E+02   1.0716433E+03   1.5065622E-01   7.9383903E-02   1.3889285E-01
   9.5000000E-01   5.2269834E+02   9.7168281E+01   6.1986662E+02   1.4897526E-01   9.6323380E-02   1.4061202E-01
   1.0000000E+00   1.6976527E+02   4.4013219E+01   2.1377849E+02   1.8663502E-01   6.0921731E-02   1.6075008E-01
