   0.0000000E+00   2.4171180E+07   1.5063952E+07   3.8886264E+07   1.7440902E-03   1.7473669E-04   1.1561816E-03
   5.0000000E-02   1.0389635E+05   3.3167890E+04   1.3706424E+05   1.4713546E-01   3.2086938E-02   1.1928876E-01
   1.0000000E-01   5.0165638E+04   1.3432677E+04   6.3566484E+04   1.4551303E-01   1.9967946E-02   1.1904905E-01
   1.5000000E-01   3.1385355E+04   7.5121133E+03   3.8876247E+04   1.4605985E-01   2.3340509E-02   1.2224136E-01
   2.0000000E-01   2.2027044E+04   5.1566202E+03   2.7167749E+04   1.4826078E-01   2.1850740E-02   1.2433751E-01
   2.5000000E-01   1.6692170E+04   3.5778031E+03   2.0269974E+04   1.4312382E-01   1.1331685E-02   1.1985887E-01
   3.0000000E-01   1.3697935E+04   2.9815026E+03   1.6679438E+04   1.4144620E-01   1.1570405E-02   1.1820511E-01
   3.5000000E-01   1.0922576E+04   2.2099801E+03   1.3132556E+04   1.2412813E-01   7.1674607E-03   1.0443902E-01
   4.0000000E-01   8.3397190E+03   1.6233804E+03   9.9630994E+03   1.2660131E-01   3.4310152E-03   1.0651239E-01
   4.5000000E-01   7.2999067E+03   1.2166511E+03   8.5165578E+03   1.3295176E-01   1.1276320E-02   1.1556943E-01
   5.0000000E-01   6.1306484E+03   7.9577472E+02   6.9264231E+03   1.2162737E-01   7.5864603E-03   1.0852524E-01
   5.5000000E-01   5.2955190E+03   6.9449430E+02   5.9900133E+03   1.1837942E-01   6.7526082E-03   1.0543709E-01
   6.0000000E-01   4.4192023E+03   5.3582164E+02   4.9550239E+03   1.0829199E-01   1.0118543E-02   9.7675274E-02
   6.5000000E-01   3.8686894E+03   4.4563384E+02   4.3143232E+03   9.8644590E-02   8.9040092E-03   8.9375130E-02
   7.0000000E-01   3.3468011E+03   3.0466803E+02   3.6469218E+03   8.6275972E-02   2.2039863E-06   7.9175782E-02
   7.5000000E-01   2.7077561E+03   2.5040378E+02   2.9581599E+03   8.7212993E-02   3.1281516E-06   7.9830809E-02
   8.0000000E-01   2.5186270E+03   2.2281692E+02   2.7414439E+03   6.5244292E-02   2.4985688E-04   5.9921149E-02
   8.5000000E-01   2.1195694E+03   1.5353771E+02   2.2731071E+03   5.8172594E-02   6.3417960E-06   5.4242880E-02
   9.0000000E-01   1.4960565E+03   7.7809083E+01   1.5738655E+03   5.9687514E-02   1.1565150E-05   5.6736133E-02
   9.5000000E-01   1.1057080E+03   4.0207565E+01   1.1459156E+03   5.1803795E-02   3.1481762E-07   4.9986108E-02
   1.0000000E+00   5.4073383E+02   2.5150411E+01   5.6588424E+02   5.4998759E-02   5.5243191E-06   5.2554124E-02
