   0.0000000E+00   1.2717626E+07   1.0244995E+07   2.2876550E+07   4.1448758E-03   8.3166947E-04   2.6514437E-03
   5.0000000E-02   2.4197918E+05   1.0211381E+05   3.4396566E+05   3.2006578E-02   1.9013796E-02   2.8160653E-02
   1.0000000E-01   9.5206487E+04   4.2335215E+04   1.3750987E+05   2.4864294E-02   8.3531978E-03   1.9678453E-02
   1.5000000E-01   5.7720193E+04   2.3576152E+04   8.1232683E+04   2.7733752E-02   1.4940928E-02   2.3977692E-02
   2.0000000E-01   4.1030144E+04   1.7220565E+04   5.8250709E+04   3.3052667E-02   6.3600996E-03   2.5075685E-02
   2.5000000E-01   3.2938707E+04   1.2083043E+04   4.4983553E+04   2.9742864E-02   1.4455127E-02   2.5716113E-02
   3.0000000E-01   2.7077561E+04   9.5492966E+03   3.6626858E+04   3.0017820E-02   1.2756225E-02   2.4992326E-02
   3.5000000E-01   2.2227125E+04   7.6394373E+03   2.9848373E+04   3.4631410E-02   9.8056540E-03   2.8259606E-02
   4.0000000E-01   1.8581340E+04   6.3184512E+03   2.4883875E+04   2.1931935E-02   1.0903815E-02   1.9087292E-02
   4.5000000E-01   1.6686512E+04   5.1353995E+03   2.1800690E+04   3.1219473E-02   8.0159236E-03   2.5780972E-02
   5.0000000E-01   1.4616790E+04   4.1252961E+03   1.8735720E+04   2.1618004E-02   9.7192534E-03   1.8911731E-02
   5.5000000E-01   1.2483535E+04   3.4493217E+03   1.5938644E+04   2.5977097E-02   5.9920966E-03   2.1597431E-02
   6.0000000E-01   1.0864977E+04   2.8170425E+03   1.3682020E+04   2.4921558E-02   1.5363354E-02   2.2682234E-02
   6.5000000E-01   9.2260896E+03   2.3456990E+03   1.1561994E+04   2.3544720E-02   6.3324566E-03   2.0063277E-02
   7.0000000E-01   8.0850711E+03   1.9780686E+03   1.0058592E+04   2.5069355E-02   7.9242870E-03   2.1696465E-02
   7.5000000E-01   7.2022917E+03   1.8207325E+03   9.0272684E+03   2.4693308E-02   5.2322456E-03   2.0771681E-02
   8.0000000E-01   6.1234864E+03   1.3567959E+03   7.4802823E+03   2.7424258E-02   7.6228078E-03   2.3631947E-02
   8.5000000E-01   5.2427511E+03   1.0298261E+03   6.2725772E+03   2.5380531E-02   4.9837465E-03   2.0813859E-02
   9.0000000E-01   4.0496091E+03   7.9931149E+02   4.8489206E+03   3.1801416E-02   9.6282884E-03   2.7473300E-02
   9.5000000E-01   2.6168423E+03   4.3223132E+02   3.0490736E+03   2.7802594E-02   1.9971047E-03   2.3581378E-02
   1.0000000E+00   1.0688925E+03   2.1377849E+02   1.2826709E+03   2.3455535E-02   5.9602513E-05   1.9541470E-02
