   0.0000000E+00   3.0239439E+07   1.5231001E+07   4.5350246E+07   7.2732361E-05   1.8649244E-05   5.1116356E-05
   5.0000000E-02   2.1263100E+04   1.0822536E+04   3.2085637E+04   6.2931550E-03   3.6596494E-03   5.3966747E-03
   1.0000000E-01   1.2032114E+04   5.3476061E+03   1.7379720E+04   2.3974738E-02   9.8588575E-03   1.6180587E-02
   1.5000000E-01   8.4246017E+03   4.0319252E+03   1.2456527E+04   2.0764545E-02   1.0753938E-02   1.2182450E-02
   2.0000000E-01   6.7004231E+03   3.1035214E+03   9.8039445E+03   2.5776122E-02   6.0118002E-03   1.6339823E-02
   2.5000000E-01   5.4876624E+03   2.7374650E+03   8.2251275E+03   1.5968214E-02   3.0159005E-03   1.1173619E-02
   3.0000000E-01   4.5093901E+03   2.0265729E+03   6.5359630E+03   1.0207186E-02   9.0384508E-03   5.8322180E-03
   3.5000000E-01   3.9288535E+03   1.8552919E+03   5.7750508E+03   1.2302741E-02   8.0648895E-03   7.8744425E-03
   4.0000000E-01   3.5411975E+03   1.6154227E+03   5.1566202E+03   5.2888376E-03   7.5703843E-03   2.3610741E-03
   4.5000000E-01   2.9496716E+03   1.4430048E+03   4.3926764E+03   1.1064438E-02   2.5037624E-03   6.8889220E-03
   5.0000000E-01   2.5655777E+03   1.3432677E+03   3.9088454E+03   9.9582876E-03   3.8618690E-03   7.8599068E-03
   5.5000000E-01   2.5059669E+03   1.1111909E+03   3.6171578E+03   1.9390996E-02   7.3836807E-03   1.1357838E-02
   6.0000000E-01   2.1538969E+03   1.1034743E+03   3.2573712E+03   1.1298199E-02   3.8681924E-03   7.6606969E-03
   6.5000000E-01   1.8217120E+03   8.8637061E+02   2.7080826E+03   2.3099257E-02   9.3342810E-03   1.4496132E-02
   7.0000000E-01   1.5915494E+03   7.5939644E+02   2.3509459E+03   1.5058800E-02   7.8931234E-03   1.2737381E-02
   7.5000000E-01   1.4727137E+03   6.9179349E+02   2.1602631E+03   2.4836613E-02   7.7052521E-03   1.5607860E-02
   8.0000000E-01   1.3249649E+03   6.0876766E+02   1.9337326E+03   1.6410021E-02   1.6214504E-02   8.7691278E-03
   8.5000000E-01   9.6241930E+02   5.2053028E+02   1.4829496E+03   1.0453351E-02   6.1088038E-03   7.8143463E-03
   9.0000000E-01   8.8065735E+02   4.0672930E+02   1.2873867E+03   1.2589212E-02   1.6020566E-02   1.0881834E-02
   9.5000000E-01   6.6677545E+02   3.4511493E+02   1.0118904E+03   2.3083889E-02   5.4805199E-03   1.7036471E-02
   1.0000000E+00   2.5150411E+02   1.6347767E+02   4.1498178E+02   3.2445663E-02   4.7365450E-02   2.0384814E-02
