   0.0000000E+00   1.1125058E+07   9.8146397E+06   2.0920344E+07   8.1203978E-04   1.4998207E-04   4.9052752E-04
   5.0000000E-02   3.2677693E+05   1.5896396E+05   4.8548624E+05   5.6265891E-03   1.7069859E-03   4.2869984E-03
   1.0000000E-01   1.1446424E+05   5.3189582E+04   1.6759016E+05   2.3018181E-03   1.2377813E-03   1.8804423E-03
   1.5000000E-01   6.8945921E+04   3.1661223E+04   1.0060714E+05   1.4521363E-03   2.2855287E-03   1.3459564E-03
   2.0000000E-01   4.7237187E+04   2.0499157E+04   6.7720428E+04   3.6821322E-03   1.7263009E-03   2.7732276E-03
   2.5000000E-01   3.5714369E+04   1.4362142E+04   5.0063779E+04   4.9445664E-03   1.5848588E-03   3.3575015E-03
   3.0000000E-01   2.7682350E+04   1.0493616E+04   3.8175966E+04   3.2254566E-03   2.6299769E-03   2.7573246E-03
   3.5000000E-01   2.2936501E+04   7.9304635E+03   3.0866964E+04   3.9953032E-03   1.7755192E-03   3.1566416E-03
   4.0000000E-01   1.8581340E+04   6.0797188E+03   2.4653101E+04   2.9459490E-03   1.3539748E-03   2.4577189E-03
   4.5000000E-01   1.6007450E+04   4.7392805E+03   2.0739657E+04   5.6654846E-03   2.5875661E-03   3.7220484E-03
   5.0000000E-01   1.3661860E+04   3.5141411E+03   1.7169635E+04   2.2604759E-03   4.6666012E-03   8.4594278E-04
   5.5000000E-01   1.2483535E+04   2.8358517E+03   1.5319387E+04   4.8889018E-03   8.1963527E-04   3.9635755E-03
   6.0000000E-01   1.0859672E+04   2.0477936E+03   1.2907466E+04   7.1539371E-03   2.6533249E-03   6.1904654E-03
   6.5000000E-01   9.2260896E+03   1.5474758E+03   1.0773565E+04   4.6325006E-03   2.9797581E-04   4.0058390E-03
   7.0000000E-01   8.7125963E+03   1.2368613E+03   9.9449103E+03   2.3334897E-03   1.1921550E-03   2.1913231E-03
   7.5000000E-01   7.7879819E+03   8.4882636E+02   8.6368082E+03   2.0009058E-03   7.5644622E-03   2.1961986E-03
   8.0000000E-01   6.6447189E+03   6.4855639E+02   7.2932753E+03   1.1235763E-03   4.0108319E-03   9.9672914E-04
   8.5000000E-01   5.2053028E+03   4.1567526E+02   5.6209781E+03   3.3783520E-03   5.1422362E-03   2.7510184E-03
   9.0000000E-01   4.5270739E+03   2.9355245E+02   4.8206264E+03   3.2927129E-03   1.4292489E-04   3.0894171E-03
   9.5000000E-01   2.8848928E+03   2.0438845E+02   3.0892812E+03   2.6124258E-03   1.4443623E-04   2.4383475E-03
   1.0000000E+00   1.0563173E+03   3.7725616E+01   1.0940429E+03   5.4960044E-03   3.7362219E-06   5.3063655E-03
