   0.0000000E+00   1.8510866E+07   1.0131931E+07   2.8621406E+07   5.6262589E-04   8.8636615E-05   3.6998503E-04
   5.0000000E-02   5.1012342E+05   2.6279664E+05   7.7266542E+05   6.1680886E-03   1.4315078E-03   4.5613409E-03
   1.0000000E-01   1.3553635E+05   6.6590428E+04   2.0212678E+05   9.8737984E-03   2.6961436E-03   7.4784164E-03
   1.5000000E-01   7.4526955E+04   3.6478313E+04   1.1100527E+05   4.6056306E-03   3.2055285E-03   4.0960393E-03
   2.0000000E-01   4.4420145E+04   2.2552255E+04   6.6972400E+04   5.1467073E-03   3.1617683E-03   4.3748514E-03
   2.5000000E-01   2.7858481E+04   1.3394480E+04   4.1252961E+04   5.5266328E-03   4.7089246E-03   4.7323694E-03
   3.0000000E-01   1.8037560E+04   9.2203764E+03   2.7257937E+04   7.1185368E-03   3.2882859E-03   5.4416716E-03
   3.5000000E-01   1.2550504E+04   6.1752118E+03   1.8725716E+04   5.1354570E-03   3.2911549E-03   2.4515677E-03
   4.0000000E-01   8.6659867E+03   4.2096482E+03   1.2875635E+04   5.2081616E-03   6.7789977E-03   5.5058197E-03
   4.5000000E-01   6.0691085E+03   2.5676997E+03   8.6368082E+03   1.4128677E-02   7.7886436E-03   7.6149559E-03
   5.0000000E-01   4.3608454E+03   1.5915494E+03   5.9523949E+03   9.2307487E-04   2.1457680E-02   5.1437365E-03
   5.5000000E-01   3.2467608E+03   9.7807947E+02   4.2248403E+03   9.0831583E-03   5.4009714E-03   7.8980450E-03
   6.0000000E-01   2.5411739E+03   7.5863856E+02   3.2998125E+03   1.8576184E-02   1.9908526E-02   1.5175761E-02
   6.5000000E-01   1.9392418E+03   4.9460459E+02   2.4338464E+03   1.8153600E-03   1.0877056E-02   3.2884513E-03
   7.0000000E-01   1.8189136E+03   2.5464791E+02   2.0735615E+03   1.5151295E-02   5.4172442E-02   6.6516037E-03
   7.5000000E-01   1.5660846E+03   2.3767138E+02   1.8037560E+03   1.7941437E-02   4.7908535E-02   9.3131623E-03
   8.0000000E-01   1.4403522E+03   8.7535219E+01   1.5278875E+03   7.3405950E-03   3.2368724E-02   6.4833107E-03
   8.5000000E-01   1.4567358E+03   6.7406799E+01   1.5241426E+03   4.6971152E-03   1.2417242E-01   2.1299323E-03
   9.0000000E-01   1.0893272E+03   4.9514871E+01   1.1388420E+03   3.4227506E-03   3.8719093E-02   1.8908800E-03
   9.5000000E-01   8.6781327E+02   2.3454413E+01   8.9126768E+02   1.2348775E-02   8.5022647E-02   9.8297551E-03
   1.0000000E+00   3.3324294E+02   0.0000000E+00   3.3324294E+02   1.9085159E-02   0.0000000E+00   1.9085159E-02
