   0.0000000E+00   1.3492774E+07   1.0113087E+07   2.3527430E+07   1.2055516E-03   4.6299700E-04   8.6726760E-04
   5.0000000E-02   2.4293411E+05   1.1669240E+05   3.5943552E+05   9.1284583E-03   1.4371627E-03   5.7125446E-03
   1.0000000E-01   9.0845642E+04   3.8961130E+04   1.2974311E+05   1.6081776E-03   4.5406024E-03   2.5622895E-03
   1.5000000E-01   5.7465545E+04   2.3915683E+04   8.1296345E+04   7.0688385E-03   2.9382111E-03   5.7992472E-03
   2.0000000E-01   4.0791412E+04   1.5183382E+04   5.5958878E+04   1.1816226E-03   5.9722711E-03   2.4737258E-03
   2.5000000E-01   3.0901524E+04   1.2070311E+04   4.2959102E+04   7.3479684E-03   2.6174344E-03   6.0308607E-03
   3.0000000E-01   2.5210143E+04   9.3158693E+03   3.4504792E+04   8.7300572E-03   5.8846164E-03   5.1374173E-03
   3.5000000E-01   2.1163060E+04   7.2028980E+03   2.8356864E+04   2.7365890E-03   6.4614311E-03   3.2907844E-03
   4.0000000E-01   1.8143664E+04   6.0717611E+03   2.4215425E+04   3.4473787E-03   3.1182309E-03   2.4106493E-03
   4.5000000E-01   1.6085260E+04   5.1636937E+03   2.1227733E+04   5.9120384E-03   5.7872689E-03   4.4049700E-03
   5.0000000E-01   1.3254424E+04   4.3226483E+03   1.7577072E+04   2.4248446E-03   7.9798400E-03   1.0957773E-03
   5.5000000E-01   1.2066838E+04   3.2988479E+03   1.5365686E+04   3.1640877E-03   7.5004420E-04   2.5831781E-03
   6.0000000E-01   1.0345071E+04   2.9921129E+03   1.3331879E+04   6.2640256E-03   3.6295417E-03   4.6393263E-03
   6.5000000E-01   9.4464580E+03   2.4583317E+03   1.1904790E+04   5.3142793E-03   4.2349737E-03   4.0099975E-03
   7.0000000E-01   8.2169423E+03   1.9780686E+03   1.0190464E+04   5.3949750E-03   5.0802854E-03   3.7329739E-03
   7.5000000E-01   7.3338598E+03   1.7018969E+03   9.0357566E+03   4.7791515E-03   8.6380910E-03   4.7415993E-03
   8.0000000E-01   6.1115498E+03   1.4164790E+03   7.5280288E+03   5.3351910E-03   2.0178332E-03   4.5150283E-03
   8.5000000E-01   4.8832481E+03   1.1309363E+03   6.0141844E+03   6.6652186E-03   4.3196618E-03   5.1538688E-03
   9.0000000E-01   3.8798438E+03   7.1089208E+02   4.5907359E+03   4.7654455E-03   1.6274839E-03   3.9153081E-03
   9.5000000E-01   2.6268942E+03   4.8249077E+02   3.1093850E+03   3.4062435E-03   1.1298364E-02   3.9110729E-03
   1.0000000E+00   7.7337513E+02   1.6976527E+02   9.4314040E+02   1.6761467E-02   5.0040900E-03   1.4533603E-02
