   0.0000000E+00   1.2528677E+05   1.0160452E+07   1.0285229E+07   1.2991633E-02   6.3721976E-05   1.6965362E-04
   5.0000000E-02   8.6007331E+04   2.2065241E+05   3.0665974E+05   3.2367070E-03   8.5029282E-04   2.9803619E-04
   1.0000000E-01   5.8760005E+04   7.7635781E+04   1.3639579E+05   1.1436477E-02   1.2584167E-03   4.6613697E-03
   1.5000000E-01   4.7279628E+04   4.0807327E+04   8.8023294E+04   3.2007572E-03   1.3864614E-03   1.0248591E-03
   2.0000000E-01   3.6350989E+04   2.3761833E+04   6.0112822E+04   2.8703561E-03   2.0273284E-03   2.3970526E-03
   2.5000000E-01   3.0876059E+04   1.4960565E+04   4.5836624E+04   2.5956752E-03   1.7036954E-03   2.2012830E-03
   3.0000000E-01   2.8509955E+04   9.7190619E+03   3.8229017E+04   4.2398745E-03   6.2430930E-04   3.0922484E-03
   3.5000000E-01   2.5119197E+04   6.0478878E+03   3.1167085E+04   3.2533133E-03   1.6639910E-03   2.8900163E-03
   4.0000000E-01   2.3928946E+04   3.7799299E+03   2.7692960E+04   2.4451721E-03   2.0234840E-03   2.1018047E-03
   4.5000000E-01   2.3215401E+04   2.4262287E+03   2.5641630E+04   3.4250489E-04   5.3247630E-03   4.2431006E-04
   5.0000000E-01   2.2345354E+04   1.5278875E+03   2.3873241E+04   1.0677905E-03   5.6357268E-03   1.2386774E-03
   5.5000000E-01   2.2194880E+04   7.8130608E+02   2.2976186E+04   9.7484183E-04   1.0838990E-03   9.4916294E-04
   6.0000000E-01   2.1427561E+04   4.4563384E+02   2.1873194E+04   7.7013421E-04   9.6871559E-03   7.4689648E-04
   6.5000000E-01   2.1517748E+04   2.9872159E+02   2.1816470E+04   3.8581200E-05   2.6642904E-02   3.6413379E-04
   7.0000000E-01   2.0317265E+04   1.7734408E+02   2.0499157E+04   4.5094003E-04   3.3748818E-02   3.7730531E-04
   7.5000000E-01   2.0303927E+04   1.3156809E+02   2.0431251E+04   2.8119413E-04   2.3114291E-02   1.7438434E-04
   8.0000000E-01   2.0117185E+04   7.1619724E+01   2.0184826E+04   4.0065815E-04   9.7285820E-02   6.1036043E-05
   8.5000000E-01   1.9244641E+04   1.4979289E+01   1.9259621E+04   3.5129688E-04   2.6339022E-06   3.5102213E-04
   9.0000000E-01   1.9119814E+04   3.5367765E+01   1.9155182E+04   1.0343786E-04   1.7251369E-05   1.0327518E-04
   9.5000000E-01   1.1727206E+04   6.7012608E+00   1.1733908E+04   5.6717108E-04   3.3260050E-06   5.6684529E-04
   1.0000000E+00   1.5781883E+03   0.0000000E+00   1.5781883E+03   1.0175044E-03   0.0000000E+00   1.0175044E-03
