   0.0000000E+00   2.9928259E+07   1.5991889E+07   4.5435299E+07   4.7590698E-04   2.0506401E-04   3.8052740E-04
   5.0000000E-02   3.4823102E+04   1.4260283E+04   4.9083384E+04   1.5683882E-01   9.4526497E-02   1.3873496E-01
   1.0000000E-01   1.8557466E+04   6.1115498E+03   2.4669016E+04   1.3750068E-01   7.4863792E-02   1.2197805E-01
   1.5000000E-01   1.1119625E+04   3.7984980E+03   1.4918123E+04   1.3556743E-01   8.0351908E-02   1.2150188E-01
   2.0000000E-01   8.4988740E+03   2.7374650E+03   1.1236339E+04   1.4987345E-01   8.8924351E-02   1.3498982E-01
   2.5000000E-01   6.4298597E+03   2.1645072E+03   8.5943669E+03   1.5229669E-01   9.1078217E-02   1.3686116E-01
   3.0000000E-01   4.9338032E+03   1.4960565E+03   6.4298597E+03   1.5321887E-01   7.2900549E-02   1.3450246E-01
   3.5000000E-01   4.2107851E+03   1.0731590E+03   5.2839441E+03   1.4214111E-01   8.7810442E-02   1.3106642E-01
   4.0000000E-01   3.1273946E+03   9.6288741E+02   4.0902820E+03   1.6462266E-01   7.0295672E-02   1.4241606E-01
   4.5000000E-01   2.7374650E+03   8.1345860E+02   3.5509236E+03   1.7246405E-01   1.0710735E-01   1.5748566E-01
   5.0000000E-01   2.3745918E+03   5.2839441E+02   2.9029862E+03   1.6451863E-01   1.0212077E-01   1.5314977E-01
   5.5000000E-01   1.8114726E+03   5.2665818E+02   2.3381308E+03   1.6179903E-01   8.3207825E-02   1.4408352E-01
   6.0000000E-01   1.8461973E+03   4.0319252E+02   2.2493899E+03   1.7320026E-01   9.1799182E-02   1.5859035E-01
   6.5000000E-01   1.3662840E+03   2.9382451E+02   1.6601085E+03   1.9057258E-01   1.0985014E-01   1.7628063E-01
   7.0000000E-01   1.2186721E+03   2.5919519E+02   1.4778673E+03   1.7087549E-01   8.1522288E-02   1.5512145E-01
   7.5000000E-01   1.0440564E+03   2.4191551E+02   1.2859719E+03   1.6847951E-01   6.3719659E-02   1.4876946E-01
   8.0000000E-01   8.7535219E+02   1.9496481E+02   1.0703170E+03   1.8874539E-01   7.7823558E-02   1.6854011E-01
   8.5000000E-01   7.4147479E+02   2.0222040E+02   9.4369519E+02   1.5328783E-01   1.3962874E-01   1.5034262E-01
   9.0000000E-01   5.8356812E+02   1.1317685E+02   6.9674497E+02   1.9155406E-01   1.3863273E-01   1.8295570E-01
   9.5000000E-01   3.2836178E+02   8.7116390E+01   4.1547817E+02   2.0871981E-01   9.4802875E-02   1.8483391E-01
   1.0000000E+00   1.7605288E+02   1.2575205E+01   1.8862808E+02   2.0445528E-01   2.1262952E-01   2.0498994E-01
