   0.0000000E+00   1.9692941E+07   1.0086604E+07   2.9680742E+07   7.9462996E-04   8.3072875E-06   5.3275649E-04
   5.0000000E-02   4.3812173E+05   2.0944791E+05   6.4744231E+05   5.4732721E-03   8.9055895E-05   3.7169235E-03
   1.0000000E-01   9.9917473E+04   5.0674934E+04   1.5052875E+05   4.7508757E-03   1.8738688E-04   3.1518974E-03
   1.5000000E-01   4.8086013E+04   2.3003194E+04   7.1067987E+04   4.0195417E-03   1.3364007E-04   2.7617189E-03
   2.0000000E-01   2.9507326E+04   1.4801410E+04   4.4292821E+04   1.1591199E-03   4.3189278E-04   7.9908538E-04
   2.5000000E-01   2.1657805E+04   1.0797071E+04   3.2416679E+04   7.0817615E-03   3.8890975E-04   4.6585438E-03
   3.0000000E-01   1.6159532E+04   8.3927707E+03   2.4552303E+04   7.7024847E-03   3.5671240E-04   5.0142727E-03
   3.5000000E-01   1.3096178E+04   6.2843466E+03   1.9380525E+04   6.7658302E-03   6.6008067E-04   4.7801977E-03
   4.0000000E-01   1.0217747E+04   4.7985215E+03   1.5016269E+04   7.5532529E-04   3.9216837E-04   4.6219171E-04
   4.5000000E-01   8.0992182E+03   4.0389988E+03   1.2131143E+04   2.9776615E-03   2.5250336E-04   2.0753571E-03
   5.0000000E-01   7.1174091E+03   3.2785918E+03   1.0396001E+04   7.9459359E-03   5.7562401E-05   5.4232096E-03
   5.5000000E-01   5.5848916E+03   2.8184894E+03   8.4033810E+03   8.8465410E-03   2.4208405E-05   5.8824351E-03
   6.0000000E-01   4.6261037E+03   2.3024415E+03   6.9285452E+03   5.6725380E-03   5.5152465E-04   3.9212491E-03
   6.5000000E-01   3.9176601E+03   1.9784184E+03   5.8960785E+03   8.6250660E-03   1.0756887E-04   5.7136151E-03
   7.0000000E-01   2.9602819E+03   1.4915092E+03   4.4472438E+03   4.4215811E-04   2.0730963E-03   9.1225288E-04
   7.5000000E-01   2.4403758E+03   1.1883569E+03   3.6287327E+03   5.0132098E-03   2.8301649E-03   4.2491272E-03
   8.0000000E-01   2.0849298E+03   1.0424649E+03   3.1273946E+03   2.3720594E-02   1.1146121E-03   1.5785996E-02
   8.5000000E-01   1.6252528E+03   7.1151622E+02   2.3367690E+03   1.2608751E-02   1.2939927E-04   8.8018393E-03
   9.0000000E-01   1.0893272E+03   5.8003135E+02   1.6728953E+03   1.5477931E-02   7.1299052E-06   9.7594867E-03
   9.5000000E-01   6.3661977E+02   3.1160863E+02   9.4822840E+02   3.3909810E-02   8.4783190E-06   2.2768529E-02
   1.0000000E+00   1.5719007E+02   1.0688925E+02   2.6407931E+02   7.6343209E-02   1.8438221E-06   4.5441920E-02
