   0.0000000E+00   2.1217264E+07   1.0407460E+07   3.1463786E+07   2.9583656E-02   6.8559526E-07   1.9884803E-02
   5.0000000E-02   1.4540396E+06   7.4159837E+05   2.1894627E+06   2.4881833E-02   3.5579942E-05   1.6450307E-02
   1.0000000E-01   5.0865920E+04   3.6414651E+04   8.7280571E+04   1.6465246E-02   7.5403183E-05   9.6268694E-03
   1.5000000E-01   1.6127701E+03   1.9523006E+03   3.5650707E+03   3.1771872E-02   3.1910543E-03   1.5914441E-02
   2.0000000E-01   9.5492966E+01   6.3661977E+01   1.5915494E+02   1.2724231E-01   3.8366680E-06   7.6346157E-02
   2.5000000E-01   6.3661977E+01   2.5464791E+01   8.9126768E+01   8.7861614E-02   1.1761753E-01   9.6239926E-02
   3.0000000E-01   4.2441318E+01   0.0000000E+00   4.2441318E+01   2.1419066E-01   0.0000000E+00   2.1419066E-01
   3.5000000E-01   0.0000000E+00   0.0000000E+00   0.0000000E+00   0.0000000E+00   0.0000000E+00   0.0000000E+00
   4.0000000E-01   1.5915494E+01   0.0000000E+00   1.5915494E+01   2.1208064E-02   0.0000000E+00   2.1208064E-02
   4.5000000E-01   1.4147106E+01   0.0000000E+00   1.4147106E+01   8.8025347E-03   0.0000000E+00   8.8025347E-03
   5.0000000E-01   0.0000000E+00   0.0000000E+00   0.0000000E+00   0.0000000E+00   0.0000000E+00   0.0000000E+00
   5.5000000E-01   5.7874525E+00   5.7874525E+00   1.1574905E+01   1.1907493E-02   4.4796568E-01   2.1802955E-01
   6.0000000E-01   0.0000000E+00   0.0000000E+00   0.0000000E+00   0.0000000E+00   0.0000000E+00   0.0000000E+00
   6.5000000E-01   0.0000000E+00   9.7941503E+00   9.7941503E+00   0.0000000E+00   3.3287194E-01   3.3287194E-01
   7.0000000E-01   0.0000000E+00   0.0000000E+00   0.0000000E+00   0.0000000E+00   0.0000000E+00   0.0000000E+00
   7.5000000E-01   0.0000000E+00   0.0000000E+00   0.0000000E+00   0.0000000E+00   0.0000000E+00   0.0000000E+00
   8.0000000E-01   3.9788736E+00   0.0000000E+00   3.9788736E+00   2.6034142E-06   0.0000000E+00   2.6034142E-06
   8.5000000E-01   3.7448222E+00   0.0000000E+00   3.7448222E+00   2.5691778E-01   0.0000000E+00   2.5691778E-01
   9.0000000E-01   0.0000000E+00   0.0000000E+00   0.0000000E+00   0.0000000E+00   0.0000000E+00   0.0000000E+00
   9.5000000E-01   0.0000000E+00   0.0000000E+00   0.0000000E+00   0.0000000E+00   0.0000000E+00   0.0000000E+00
   1.0000000E+00   0.0000000E+00   0.0000000E+00   0.0000000E+00   0.0000000E+00   0.0000000E+00   0.0000000E+00
