   0.0000000E+00   1.3796824E+07   1.1815154E+07   2.5574799E+07   4.1437609E-03   1.0282481E-04   2.3159480E-03
   5.0000000E-02   5.1279723E+05   3.6109073E+05   8.7356965E+05   6.7571613E-03   1.0221497E-03   4.1123395E-03
   1.0000000E-01   9.4760853E+04   7.3847894E+04   1.6860875E+05   1.3423124E-03   1.3787625E-03   1.3582724E-03
   1.5000000E-01   3.6669299E+04   2.4870612E+04   6.1539911E+04   6.7590879E-03   3.8939744E-03   5.4669750E-03
   2.0000000E-01   1.6074649E+04   9.1673247E+03   2.5241974E+04   4.9528431E-03   7.5497139E-03   3.8314708E-03
   2.5000000E-01   8.9763388E+03   2.9284510E+03   1.1904790E+04   2.4492353E-03   1.0770116E-02   8.3750971E-04
   3.0000000E-01   6.8542729E+03   9.0187801E+02   7.7561509E+03   7.2353490E-03   2.7952582E-02   3.5128396E-03
   3.5000000E-01   5.9296585E+03   2.5464791E+02   6.1843064E+03   2.1600693E-03   9.8611442E-02   5.7302110E-03
   4.0000000E-01   6.1831695E+03   1.4323945E+02   6.3264090E+03   2.9958459E-03   1.1756234E-01   4.6465625E-03
   4.5000000E-01   6.4935217E+03   5.6588424E+01   6.5501101E+03   2.9659653E-04   1.5920204E-01   1.6183070E-03
   5.0000000E-01   6.3343667E+03   2.5464791E+01   6.3598315E+03   8.6405696E-04   2.6967755E-01   1.6734378E-03
   5.5000000E-01   6.6671453E+03   1.1574905E+01   6.6787202E+03   2.7720340E-04   2.7254995E-01   2.0678848E-04
   6.0000000E-01   7.2892964E+03   1.0610330E+01   7.2999067E+03   4.7812778E-04   4.7704851E-01   1.1574723E-03
   6.5000000E-01   7.2917449E+03   9.7941503E+00   7.3015391E+03   4.7304563E-04   5.5429372E-01   8.0140513E-04
   7.0000000E-01   8.2169423E+03   9.0945682E+00   8.2260369E+03   6.5360136E-05   4.6500873E-01   5.4780713E-04
   7.5000000E-01   9.2904045E+03   4.2441318E+00   9.2946487E+03   1.4863424E-04   4.3239224E-01   9.6079428E-05
   8.0000000E-01   1.0189895E+04   0.0000000E+00   1.0189895E+04   1.6498103E-04   0.0000000E+00   1.6498103E-04
   8.5000000E-01   1.1204508E+04   0.0000000E+00   1.1200763E+04   7.1272851E-04   0.0000000E+00   7.1297285E-04
   9.0000000E-01   1.2258467E+04   3.5367765E+00   1.2262004E+04   1.4128549E-04   6.3652355E-01   2.2023220E-04
   9.5000000E-01   1.0681810E+04   3.3506304E+00   1.0685160E+04   3.6557054E-04   7.0076741E-01   1.6223702E-04
   1.0000000E+00   5.1872722E+03   0.0000000E+00   5.1872722E+03   2.0646933E-04   0.0000000E+00   2.0646933E-04
