   0.0000000E+00   1.3113858E+07   1.0115124E+07   2.3204027E+07   1.5500880E-03   4.5209362E-05   9.1729746E-04
   5.0000000E-02   4.6040342E+05   2.3548565E+05   6.9588907E+05   8.3479444E-03   1.0471995E-03   5.8394330E-03
   1.0000000E-01   1.3684142E+05   7.2861133E+04   2.0970255E+05   7.6702616E-03   1.1834527E-03   5.3473087E-03
   1.5000000E-01   7.1471180E+04   3.7136153E+04   1.0860733E+05   6.1952421E-03   2.2918073E-03   4.8463853E-03
   2.0000000E-01   4.4340567E+04   2.2918312E+04   6.7258879E+04   4.7023302E-03   2.4709486E-03   2.2732069E-03
   2.5000000E-01   3.0035721E+04   1.4616790E+04   4.4652511E+04   1.6826542E-03   2.3280374E-03   1.3350151E-03
   3.0000000E-01   2.0509767E+04   9.6978412E+03   3.0207608E+04   4.7265626E-03   1.3159263E-03   3.6016892E-03
   3.5000000E-01   1.5360726E+04   5.7022942E+03   2.1063020E+04   5.7461291E-03   2.5082274E-03   4.0100598E-03
   4.0000000E-01   1.2453874E+04   4.0584510E+03   1.6512325E+04   3.2458753E-03   2.6480508E-03   2.6164488E-03
   4.5000000E-01   1.0023225E+04   2.5535526E+03   1.2576777E+04   7.3069533E-03   1.9788622E-03   5.9788167E-03
   5.0000000E-01   8.3078880E+03   1.6106480E+03   9.9185361E+03   3.9807792E-03   3.3134179E-03   3.8664770E-03
   5.5000000E-01   7.5931376E+03   9.8965437E+02   8.5770046E+03   1.5181048E-03   7.0970985E-03   1.8185376E-03
   6.0000000E-01   7.6765734E+03   6.2070428E+02   8.2972777E+03   7.9252690E-03   4.3467868E-03   7.0096758E-03
   6.5000000E-01   6.7481696E+03   4.4073677E+02   7.1889064E+03   2.3544525E-03   3.8543881E-03   2.3283170E-03
   7.0000000E-01   6.4844271E+03   2.4555334E+02   6.7299805E+03   1.1398039E-03   2.0104203E-03   1.0642504E-03
   7.5000000E-01   6.3619536E+03   1.1034743E+02   6.4723010E+03   2.3699373E-03   6.4540163E-04   2.3395032E-03
   8.0000000E-01   6.3622189E+03   7.5598598E+01   6.4378174E+03   3.1979239E-03   3.9781137E-02   2.8631446E-03
   8.5000000E-01   5.8868605E+03   4.8682688E+01   5.9355432E+03   1.1509452E-04   7.8082040E-02   7.2742444E-04
   9.0000000E-01   4.7887954E+03   2.4757436E+01   4.8135528E+03   1.6812145E-03   1.3357988E-06   1.6725697E-03
   9.5000000E-01   3.7124985E+03   6.7012608E+00   3.7191997E+03   2.0513376E-03   8.3981584E-06   2.0476538E-03
   1.0000000E+00   1.2512329E+03   0.0000000E+00   1.2512329E+03   1.3674558E-03   0.0000000E+00   1.3674558E-03
