   0.0000000E+00   3.0706973E+07   1.5993926E+07   4.6170722E+07   2.7147351E-04   1.2086247E-04   2.1943595E-04
   5.0000000E-02   2.6674368E+04   1.1459156E+04   3.8133524E+04   1.1627744E-01   9.2273936E-02   1.0905872E-01
   1.0000000E-01   1.3687325E+04   5.5067610E+03   1.9194086E+04   1.3180921E-01   9.8698016E-02   1.2228062E-01
   1.5000000E-01   8.6792496E+03   3.2043195E+03   1.1883569E+04   1.2661925E-01   1.0845725E-01   1.2171983E-01
   2.0000000E-01   5.9364794E+03   2.0849298E+03   8.0214091E+03   1.2397741E-01   9.9287604E-02   1.1755905E-01
   2.5000000E-01   4.9274370E+03   1.8461973E+03   6.7736344E+03   1.3942116E-01   1.0119156E-01   1.2900090E-01
   3.0000000E-01   4.0743665E+03   1.3369015E+03   5.4112681E+03   1.3917433E-01   1.1134684E-01   1.3227947E-01
   3.5000000E-01   3.1558152E+03   1.2186721E+03   4.3744873E+03   1.3636773E-01   1.0678224E-01   1.2811464E-01
   4.0000000E-01   2.8409157E+03   9.7084515E+02   3.8117609E+03   1.4746517E-01   9.2840410E-02   1.3354934E-01
   4.5000000E-01   2.1645072E+03   6.4369333E+02   2.8082006E+03   1.5466952E-01   1.2636615E-01   1.4815216E-01
   5.0000000E-01   1.8143664E+03   5.5385920E+02   2.3682256E+03   1.5293354E-01   1.2918995E-01   1.4737961E-01
   5.5000000E-01   1.5741871E+03   5.2665818E+02   2.1008452E+03   1.7112284E-01   1.2178837E-01   1.5875443E-01
   6.0000000E-01   1.2997654E+03   3.8727703E+02   1.6870424E+03   1.5110205E-01   8.0927075E-02   1.3498802E-01
   6.5000000E-01   1.3417986E+03   2.7913328E+02   1.6209319E+03   1.7912386E-01   9.5049850E-02   1.6464256E-01
   7.0000000E-01   9.0036225E+02   2.8193161E+02   1.1822939E+03   1.5459743E-01   1.1614757E-01   1.4541357E-01
   7.5000000E-01   8.0638504E+02   1.9098593E+02   9.9737098E+02   1.7449737E-01   1.0999196E-01   1.6214473E-01
   8.0000000E-01   7.0028175E+02   1.6313382E+02   8.6341557E+02   1.9677603E-01   1.0208500E-01   1.7888185E-01
   8.5000000E-01   5.7670262E+02   1.2357913E+02   7.0028175E+02   1.6578958E-01   1.4020328E-01   1.6126023E-01
   9.0000000E-01   4.4209706E+02   8.4882636E+01   5.2697970E+02   1.4053854E-01   9.9284998E-02   1.3386885E-01
   9.5000000E-01   3.0155673E+02   5.3610086E+01   3.5516682E+02   2.1919932E-01   2.2836314E-01   2.2057245E-01
   1.0000000E+00   1.1317685E+02   6.2876027E+00   1.1946445E+02   1.6545076E-01   4.2170675E-01   1.7893792E-01
