   0.0000000E+00   2.5045640E+07   1.5066498E+07   3.9796885E+07   1.2220251E-03   3.0083452E-04   8.7724635E-04
   5.0000000E-02   8.5880007E+04   2.9539157E+04   1.1541916E+05   1.2759627E-01   5.4092471E-02   1.0878277E-01
   1.0000000E-01   4.1380285E+04   1.3400846E+04   5.4717469E+04   1.2890042E-01   4.8800035E-02   1.0906877E-01
   1.5000000E-01   2.6080190E+04   7.9153058E+03   3.3995496E+04   1.3744828E-01   5.3616113E-02   1.1791531E-01
   2.0000000E-01   1.9178171E+04   5.1247892E+03   2.4302960E+04   1.2420930E-01   3.9213253E-02   1.0628278E-01
   2.5000000E-01   1.4260283E+04   3.3995496E+03   1.7659832E+04   1.2868517E-01   4.8270841E-02   1.1320283E-01
   3.0000000E-01   1.2403475E+04   2.7162444E+03   1.5119720E+04   1.3637672E-01   4.3161053E-02   1.1962499E-01
   3.5000000E-01   9.3764998E+03   2.2190746E+03   1.1595574E+04   1.3135560E-01   3.3485682E-02   1.1257130E-01
   4.0000000E-01   8.3874655E+03   1.7347889E+03   1.0122254E+04   1.2445049E-01   2.9101010E-02   1.0808475E-01
   4.5000000E-01   6.8684200E+03   1.4571519E+03   8.3255719E+03   1.3688539E-01   4.0688190E-02   1.2004702E-01
   5.0000000E-01   5.9905921E+03   1.1522818E+03   7.1428738E+03   1.2910290E-01   4.0058151E-02   1.1472706E-01
   5.5000000E-01   4.6936240E+03   9.6071711E+02   5.6485536E+03   1.3137054E-01   3.9000119E-02   1.1579444E-01
   6.0000000E-01   4.2494370E+03   7.2150241E+02   4.9709394E+03   1.2525425E-01   2.7617773E-02   1.1105299E-01
   6.5000000E-01   3.4671292E+03   5.9744317E+02   4.0596753E+03   1.1768640E-01   2.7044273E-02   1.0406947E-01
   7.0000000E-01   3.2513081E+03   4.7746483E+02   3.7242257E+03   1.2327028E-01   4.1601927E-02   1.1293633E-01
   7.5000000E-01   2.5676997E+03   3.4801881E+02   2.9157186E+03   1.1235931E-01   4.2609085E-02   1.0403378E-01
   8.0000000E-01   2.3037678E+03   3.8197186E+02   2.6857397E+03   1.0828686E-01   8.4604952E-03   9.4078118E-02
   8.5000000E-01   1.9210938E+03   2.5090309E+02   2.1719969E+03   1.0836384E-01   1.9356861E-02   9.7990108E-02
   9.0000000E-01   1.4323945E+03   1.6622850E+02   1.5986230E+03   9.7990770E-02   1.5925364E-02   8.9456796E-02
   9.5000000E-01   9.9848785E+02   1.2062269E+02   1.1191105E+03   8.9431413E-02   3.5903443E-02   8.3656100E-02
   1.0000000E+00   3.5210575E+02   3.1438013E+01   3.8354376E+02   6.7180605E-02   3.7913134E-05   6.1677024E-02
