   0.0000000E+00   3.3406241E+07   1.6913714E+07   4.9852930E+07   7.8097881E-06   1.5342811E-06   5.7538453E-06
   5.0000000E-02   1.0185916E+03   3.1830989E+02   1.3369015E+03   2.1426657E-01   7.4292941E-02   1.8093952E-01
   1.0000000E-01   4.7746483E+02   3.1830989E+02   7.9577472E+02   1.0943543E-01   3.9002076E-02   8.1262091E-02
   1.5000000E-01   1.6976527E+02   6.3661977E+01   2.3342725E+02   1.9222532E-01   2.7144570E-01   2.1383088E-01
   2.0000000E-01   1.7507044E+02   6.3661977E+01   2.3873241E+02   1.7630455E-01   8.1258185E-02   1.5095885E-01
   2.5000000E-01   2.6738030E+02   5.0929582E+01   3.1830989E+02   1.5273427E-01   2.1628830E-01   1.6290292E-01
   3.0000000E-01   1.1671362E+02   7.4272307E+01   1.9098593E+02   1.5683563E-01   8.8491363E-02   1.3025730E-01
   3.5000000E-01   4.5472841E+01   3.6378273E+01   8.1851114E+01   1.5159684E-01   3.4114025E-02   9.9382256E-02
   4.0000000E-01   6.3661977E+01   3.1830989E+01   9.5492966E+01   1.1289155E-01   1.6486788E-01   1.3021699E-01
   4.5000000E-01   2.8294212E+01   1.4147106E+01   4.2441318E+01   3.4656362E-01   3.1506099E-02   2.4154445E-01
   5.0000000E-01   4.4563384E+01   6.3661977E+00   5.0929582E+01   3.9123927E-02   1.2221020E-05   3.4234963E-02
   5.5000000E-01   5.2087072E+01   0.0000000E+00   5.2087072E+01   2.9078408E-01   0.0000000E+00   2.9078408E-01
   6.0000000E-01   3.7136153E+01   1.0610330E+01   4.7746483E+01   1.9375835E-01   2.6886400E-01   2.1044850E-01
   6.5000000E-01   2.4485376E+01   4.8970752E+00   2.9382451E+01   6.4161819E-02   4.1339018E-01   1.2236655E-01
   7.0000000E-01   2.2736420E+01   4.5472841E+00   2.7283705E+01   6.3736243E-02   4.0424471E-01   1.2048765E-01
   7.5000000E-01   8.4882636E+00   1.2732395E+01   2.1220659E+01   3.6289176E-01   1.3056009E-01   2.2349276E-01
   8.0000000E-01   1.5915494E+01   7.9577472E+00   2.3873241E+01   6.6752668E-02   3.5688414E-06   4.4500589E-02
   8.5000000E-01   3.7448222E+00   3.7448222E+00   7.4896444E+00   5.8190250E-06   2.7558076E-01   1.3779329E-01
   9.0000000E-01   7.0735530E+00   3.5367765E+00   1.0610330E+01   3.4444375E-01   3.4177231E-01   3.4355327E-01
   9.5000000E-01   6.7012608E+00   3.3506304E+00   1.0051891E+01   2.1429669E-01   4.4662284E-06   1.4286595E-01
   1.0000000E+00   0.0000000E+00   0.0000000E+00   0.0000000E+00   0.0000000E+00   0.0000000E+00   0.0000000E+00
