   0.0000000E+00   3.2381028E+07   1.6753795E+07   4.8635204E+07   9.9403668E-05   4.8831336E-05   8.3003726E-05
   5.0000000E-02   1.1713804E+04   2.7374650E+03   1.4451269E+04   1.6455834E-01   8.6593377E-02   1.4978965E-01
   1.0000000E-01   5.6659160E+03   1.4323945E+03   7.0983105E+03   1.4713499E-01   4.4131395E-02   1.2634881E-01
   1.5000000E-01   3.1406575E+03   9.3370900E+02   4.0743665E+03   1.7701920E-01   6.0212771E-02   1.5025103E-01
   2.0000000E-01   2.7056340E+03   6.2070428E+02   3.3263383E+03   1.7009927E-01   1.0007153E-01   1.5694122E-01
   2.5000000E-01   1.9480565E+03   4.7109863E+02   2.4191551E+03   1.5167984E-01   8.4406575E-02   1.3854950E-01
   3.0000000E-01   1.4430048E+03   3.6075120E+02   1.8037560E+03   1.5121601E-01   4.9687604E-02   1.3090946E-01
   3.5000000E-01   1.1004427E+03   2.2736420E+02   1.3278070E+03   1.6674219E-01   3.9141782E-02   1.4489281E-01
   4.0000000E-01   1.0822536E+03   2.3873241E+02   1.3209860E+03   1.7806998E-01   3.8536156E-02   1.5285168E-01
   4.5000000E-01   8.4175281E+02   2.0513304E+02   1.0468858E+03   1.7288905E-01   4.4356992E-02   1.4770293E-01
   5.0000000E-01   6.3661977E+02   1.0822536E+02   7.4484513E+02   1.9890685E-01   4.1288889E-02   1.7600443E-01
   5.5000000E-01   4.6878365E+02   1.0417414E+02   5.7295780E+02   1.6789030E-01   2.5839877E-02   1.4206271E-01
   6.0000000E-01   4.8276999E+02   8.4882636E+01   5.6765263E+02   1.4248242E-01   7.2951060E-02   1.3208460E-01
   6.5000000E-01   4.5053092E+02   6.3661977E+01   5.1419289E+02   1.5340373E-01   9.0022354E-02   1.4555647E-01
   7.0000000E-01   3.8197186E+02   3.6378273E+01   4.1835014E+02   1.2990885E-01   3.2179376E-02   1.2140981E-01
   7.5000000E-01   2.8860096E+02   5.0929582E+01   3.3953055E+02   1.5700960E-01   1.7660171E-05   1.3345551E-01
   8.0000000E-01   2.8250002E+02   1.5915494E+01   2.9841552E+02   1.1639033E-01   6.1202509E-06   1.1018252E-01
   8.5000000E-01   2.2468933E+02   2.9958578E+01   2.5464791E+02   1.2333605E-01   3.0993684E-06   1.0882557E-01
   9.0000000E-01   1.4147106E+02   1.0610330E+01   1.5208139E+02   1.5731118E-01   8.4057970E-07   1.4633604E-01
   9.5000000E-01   8.0415129E+01   2.6805043E+01   1.0722017E+02   1.4700441E-01   9.8410126E-02   1.3485584E-01
   1.0000000E+00   4.4013219E+01   0.0000000E+00   4.4013219E+01   1.8132772E-01   0.0000000E+00   1.8132772E-01
