   0.0000000E+00   1.4164535E+07   9.9597890E+06   2.4076450E+07   9.9762874E-04   4.9578004E-05   5.8519326E-04
   5.0000000E-02   3.0850594E+05   1.5355269E+05   4.6199497E+05   7.2827727E-03   1.3585275E-03   5.2848874E-03
   1.0000000E-01   9.8294093E+04   4.6027610E+04   1.4425804E+05   3.0307488E-03   1.4487591E-04   1.9728222E-03
   1.5000000E-01   6.2134090E+04   2.6143852E+04   8.8256721E+04   4.5198632E-03   1.6151374E-03   3.0570161E-03
   2.0000000E-01   4.3751694E+04   1.6392959E+04   6.0144653E+04   3.6033305E-03   5.6334601E-04   2.7092310E-03
   2.5000000E-01   3.1410820E+04   1.3216226E+04   4.4601581E+04   4.7441507E-03   3.1439282E-04   3.1605371E-03
   3.0000000E-01   2.5178312E+04   9.5599069E+03   3.4738219E+04   9.5540969E-03   5.7920754E-04   6.7925529E-03
   3.5000000E-01   2.0417306E+04   7.6303427E+03   2.8047648E+04   7.1709095E-03   8.3629829E-04   5.1045305E-03
   4.0000000E-01   1.7061410E+04   6.1990850E+03   2.3252537E+04   9.2493556E-03   1.3731753E-03   6.8276246E-03
   4.5000000E-01   1.4387607E+04   5.0222226E+03   1.9409830E+04   4.4923394E-03   1.9584507E-03   3.2579627E-03
   5.0000000E-01   1.2477748E+04   3.9024792E+03   1.6380227E+04   5.3311351E-03   3.4784561E-04   4.0050966E-03
   5.5000000E-01   1.0203279E+04   3.1367992E+03   1.3340078E+04   2.9898637E-03   1.8296342E-03   2.4408269E-03
   6.0000000E-01   9.0930524E+03   2.7003289E+03   1.1793381E+04   5.0639409E-03   7.5050185E-04   4.0711585E-03
   6.5000000E-01   8.0507916E+03   1.9980067E+03   1.0048798E+04   7.8818315E-03   9.0930974E-04   6.3677897E-03
   7.0000000E-01   6.6981495E+03   1.6006440E+03   8.2987935E+03   5.3498338E-03   3.1435963E-04   4.3148324E-03
   7.5000000E-01   6.0266672E+03   1.2987043E+03   7.3253715E+03   6.0954607E-03   1.2249896E-03   5.0080273E-03
   8.0000000E-01   4.9696131E+03   1.0225705E+03   5.9921836E+03   5.1138574E-03   5.2898002E-05   4.2355450E-03
   8.5000000E-01   4.0144494E+03   6.8155764E+02   4.6960070E+03   4.1757183E-03   2.2606565E-03   3.2450379E-03
   9.0000000E-01   2.9107671E+03   6.0125201E+02   3.5120191E+03   4.8088959E-03   7.8882484E-04   4.1090971E-03
   9.5000000E-01   1.9835732E+03   3.3841367E+02   2.3219869E+03   3.8550833E-03   3.2907168E-06   3.2936388E-03
   1.0000000E+00   7.2307431E+02   8.8026438E+01   8.1110075E+02   1.1648572E-02   1.9872389E-05   1.0382427E-02
