   0.0000000E+00   2.7092500E+07   1.3490228E+07   4.0539947E+07   1.8165842E-03   5.7591001E-05   1.2350290E-03
   5.0000000E-02   7.6719049E+05   4.3366539E+05   1.2006012E+06   7.0059889E-03   1.2622976E-03   4.9195249E-03
   1.0000000E-01   1.1236339E+04   5.3157751E+03   1.6552114E+04   1.2721223E-01   5.0622737E-02   1.0261506E-01
   1.5000000E-01   3.1830989E+03   1.0822536E+03   4.2653525E+03   1.7975862E-01   1.4949626E-01   1.7207734E-01
   2.0000000E-01   1.3528170E+03   6.2070428E+02   1.9735213E+03   1.3612254E-01   1.7808792E-01   1.4932132E-01
   2.5000000E-01   8.7853529E+02   2.9284510E+02   1.1713804E+03   9.1720125E-02   2.1229952E-01   1.2185353E-01
   3.0000000E-01   5.7295780E+02   1.1671362E+02   6.8967142E+02   6.5374839E-02   2.4436444E-01   9.5489047E-02
   3.5000000E-01   2.3645877E+02   8.1851114E+01   3.1830989E+02   1.1716275E-02   2.4882616E-01   7.2597332E-02
   4.0000000E-01   1.7507044E+02   6.3661977E+01   2.3873241E+02   1.8249945E-02   2.5385727E-01   7.8819432E-02
   4.5000000E-01   1.6976527E+02   4.2441318E+01   2.1220659E+02   4.4367814E-02   3.2758047E-01   3.0180855E-02
   5.0000000E-01   1.0822536E+02   3.1830989E+01   1.4005635E+02   6.3661086E-02   3.1299568E-01   2.2774924E-02
   5.5000000E-01   1.3889886E+02   2.8937262E+01   1.6783612E+02   8.4053740E-02   3.2645465E-01   1.8120450E-02
   6.0000000E-01   1.4854461E+02   1.0610330E+01   1.5915494E+02   7.6368203E-02   4.0219842E-01   4.4701712E-02
   6.5000000E-01   1.4201518E+02   1.9588301E+01   1.6160348E+02   9.6311293E-02   4.3768564E-01   3.1723302E-02
   7.0000000E-01   9.0945682E+01   4.5472841E+00   9.5492966E+01   6.7586723E-02   3.4803152E-01   4.8209547E-02
   7.5000000E-01   9.7615032E+01   1.2732395E+01   1.1034743E+02   9.1577007E-02   4.8822093E-01   2.5376162E-02
   8.0000000E-01   6.7640851E+01   7.9577472E+00   7.5598598E+01   7.1770719E-02   4.6156615E-01   1.6349031E-02
   8.5000000E-01   1.0111020E+02   3.7448222E+00   1.0485502E+02   7.0318176E-02   6.4225664E-01   4.4908176E-02
   9.0000000E-01   5.6588424E+01   7.0735530E+00   6.3661977E+01   1.6537898E-01   6.1641764E-01   7.8916610E-02
   9.5000000E-01   5.3610086E+01   3.3506304E+00   5.6960716E+01   1.5999302E-01   6.0718985E-01   1.1494451E-01
   1.0000000E+00   1.8862808E+01   0.0000000E+00   1.8862808E+01   1.8064711E-01   0.0000000E+00   1.8064711E-01
