   0.0000000E+00   3.3190808E+07   1.6703884E+07   4.9497442E+07   1.0224761E-04   1.9640955E-05   7.5188315E-05
   5.0000000E-02   4.8383103E+03   1.6552114E+03   6.4935217E+03   1.7871591E-01   7.8098719E-02   1.5306839E-01
   1.0000000E-01   1.9735213E+03   7.0028175E+02   2.6738030E+03   1.6935151E-01   9.5626184E-02   1.5003293E-01
   1.5000000E-01   1.5066668E+03   6.1539911E+02   2.1220659E+03   1.7021024E-01   1.2844477E-02   1.2457414E-01
   2.0000000E-01   1.2573241E+03   2.2281692E+02   1.4801410E+03   1.8023716E-01   6.2086058E-02   1.6245013E-01
   2.5000000E-01   8.5307049E+02   2.6738030E+02   1.1204508E+03   1.7454431E-01   4.7990556E-02   1.4433970E-01
   3.0000000E-01   7.3211274E+02   1.6976527E+02   9.0187801E+02   1.9708350E-01   7.1170220E-02   1.7338143E-01
   3.5000000E-01   5.6386323E+02   1.2732395E+02   6.9118718E+02   2.0983799E-01   1.1137033E-01   1.9169805E-01
   4.0000000E-01   3.7401412E+02   1.8302818E+02   5.5704230E+02   1.7779768E-01   5.7696948E-02   1.3833392E-01
   4.5000000E-01   3.2538344E+02   1.4854461E+02   4.7392805E+02   2.1214102E-01   1.0032035E-01   1.7708301E-01
   5.0000000E-01   3.2467608E+02   7.0028175E+01   3.9470426E+02   2.1196117E-01   2.1687961E-02   1.7820084E-01
   5.5000000E-01   2.7201027E+02   8.1024335E+01   3.5303460E+02   2.2229897E-01   6.7266993E-02   1.8671515E-01
   6.0000000E-01   2.8647890E+02   3.1830989E+01   3.1830989E+02   2.2872931E-01   3.9443340E-05   2.0585243E-01
   6.5000000E-01   1.7629471E+02   7.3456128E+01   2.4975083E+02   2.5169414E-01   8.6756546E-02   2.0197968E-01
   7.0000000E-01   1.5460766E+02   2.7283705E+01   1.8189136E+02   2.2297037E-01   1.7463086E-01   2.1571366E-01
   7.5000000E-01   1.5278875E+02   3.8197186E+01   1.9098593E+02   3.0031412E-01   9.1465032E-02   2.5854430E-01
   8.0000000E-01   7.1619724E+01   2.7852115E+01   9.9471839E+01   3.0076804E-01   7.9383399E-06   2.1655521E-01
   8.5000000E-01   1.1234467E+02   4.1193044E+01   1.5353771E+02   3.0785816E-01   6.8802637E-02   2.4372128E-01
   9.0000000E-01   7.0735530E+01   2.1220659E+01   9.1956189E+01   3.1650586E-01   6.2703603E-02   2.5793611E-01
   9.5000000E-01   4.0207565E+01   6.7012608E+00   4.6908825E+01   2.6014544E-01   2.0237900E-01   2.5187099E-01
   1.0000000E+00   3.1438013E+01   0.0000000E+00   3.1438013E+01   3.3420597E-01   0.0000000E+00   3.3420597E-01
