   0.0000000E+00   2.7782087E+07   1.5075666E+07   4.2419758E+07   1.2156591E-03   1.2373888E-05   8.0056514E-04
   5.0000000E-02   7.3529584E+04   1.9353241E+04   9.2882825E+04   1.5761058E-01   1.5717300E-03   1.2507061E-01
   1.0000000E-01   3.2117468E+04   1.0154085E+04   4.2271553E+04   1.5612061E-01   7.3729001E-04   1.1879582E-01
   1.5000000E-01   2.0775025E+04   6.0054465E+03   2.6780472E+04   1.5599892E-01   1.0381092E-03   1.2124939E-01
   2.0000000E-01   1.4483100E+04   3.9788736E+03   1.8461973E+04   1.7478297E-01   1.6915726E-03   1.3747876E-01
   2.5000000E-01   1.1051719E+04   3.0430425E+03   1.4082029E+04   1.7444843E-01   1.6137422E-06   1.3688702E-01
   3.0000000E-01   8.1487331E+03   2.4828171E+03   1.0631550E+04   1.7600021E-01   3.8455810E-04   1.3498357E-01
   3.5000000E-01   6.3116303E+03   1.9553322E+03   8.2669625E+03   1.8074528E-01   1.8023225E-06   1.3799508E-01
   4.0000000E-01   5.1486624E+03   1.8302818E+03   6.9709865E+03   1.8590392E-01   2.0456209E-04   1.3690998E-01
   4.5000000E-01   4.7605012E+03   1.5349610E+03   6.2954622E+03   2.0240055E-01   1.3650054E-05   1.5305452E-01
   5.0000000E-01   3.8260848E+03   1.0949860E+03   4.9210708E+03   2.0314322E-01   6.0461760E-06   1.5794054E-01
   5.5000000E-01   3.0384125E+03   9.7229202E+02   4.0107046E+03   2.2902305E-01   4.2366205E-06   1.7350159E-01
   6.0000000E-01   2.6684979E+03   7.3211274E+02   3.4006106E+03   2.1660668E-01   1.2178950E-04   1.6994907E-01
   6.5000000E-01   2.1645072E+03   6.3172270E+02   2.7962299E+03   2.3448769E-01   2.8869049E-06   1.8151171E-01
   7.0000000E-01   1.8598392E+03   6.5026162E+02   2.5101008E+03   2.4022742E-01   2.3074760E-07   1.7799464E-01
   7.5000000E-01   1.3538780E+03   4.4138971E+02   1.7952678E+03   2.4740508E-01   8.8599885E-06   1.8657518E-01
   8.0000000E-01   1.3607748E+03   3.9788736E+02   1.7586621E+03   2.6502010E-01   4.2492924E-06   2.0506075E-01
   8.5000000E-01   9.4744001E+02   2.8835131E+02   1.2357913E+03   2.7520625E-01   4.5249564E-06   2.1099040E-01
   9.0000000E-01   6.8613464E+02   2.1574337E+02   9.0187801E+02   3.0385863E-01   1.1271462E-03   2.3144051E-01
   9.5000000E-01   4.3223132E+02   1.4072648E+02   5.7295780E+02   2.8980107E-01   1.8265151E-06   2.1862222E-01
   1.0000000E+00   2.0120329E+02   8.8026438E+01   2.8922972E+02   3.6090354E-01   8.0071724E-06   2.5106576E-01
