   0.0000000E+00   1.0034146E+07   9.9317777E+06   1.9947589E+07   8.7292460E-04   3.3101818E-04   4.4147741E-04
   5.0000000E-02   2.8055833E+05   1.3025241E+05   4.1081074E+05   1.8972248E-03   2.1446414E-03   9.9877844E-04
   1.0000000E-01   1.0287776E+05   4.6218595E+04   1.4909635E+05   5.0027893E-03   9.3224432E-04   3.2119626E-03
   1.5000000E-01   6.3449771E+04   2.7162444E+04   9.0612214E+04   5.5437348E-03   2.4941157E-03   3.1681501E-03
   2.0000000E-01   4.6139018E+04   1.7061410E+04   6.3200428E+04   3.1191263E-03   3.5750299E-03   1.3368745E-03
   2.5000000E-01   3.7560567E+04   1.3483607E+04   5.1018709E+04   2.5057277E-03   7.7560468E-04   1.6704847E-03
   3.0000000E-01   2.8796434E+04   1.0175306E+04   3.8971740E+04   6.1525130E-03   2.7461134E-03   5.1667623E-03
   3.5000000E-01   2.4291592E+04   8.6307452E+03   3.2922337E+04   1.8142735E-03   8.3323684E-04   1.5413481E-03
   4.0000000E-01   2.1231269E+04   6.2627470E+03   2.7486059E+04   5.6480366E-03   9.3867008E-04   4.6164131E-03
   4.5000000E-01   1.8256840E+04   5.1424731E+03   2.3399313E+04   3.4726859E-03   1.2637427E-03   2.5620340E-03
   5.0000000E-01   1.6405692E+04   3.8579158E+03   2.0263607E+04   5.1278827E-03   4.4015277E-04   4.1853148E-03
   5.5000000E-01   1.4028785E+04   3.1830989E+03   1.7211884E+04   1.7827495E-03   2.2337533E-03   1.2369372E-03
   6.0000000E-01   1.2329203E+04   2.7109392E+03   1.5040142E+04   5.0479027E-03   3.9020101E-04   4.0768866E-03
   6.5000000E-01   1.0768668E+04   2.2722429E+03   1.3040911E+04   7.8992722E-04   1.0790145E-03   6.7235999E-04
   7.0000000E-01   9.7493771E+03   1.7370625E+03   1.1486440E+04   6.2882760E-03   9.7022732E-04   5.2015103E-03
   7.5000000E-01   8.4882636E+03   1.4939344E+03   9.9779539E+03   1.9043475E-03   3.2263695E-04   1.6319626E-03
   8.0000000E-01   7.2574654E+03   1.1061269E+03   8.3596134E+03   5.1404532E-03   5.1445214E-03   4.5070588E-03
   8.5000000E-01   6.4598183E+03   7.9390230E+02   7.2537206E+03   4.3473664E-03   2.3778644E-03   4.0845548E-03
   9.0000000E-01   4.7534276E+03   5.9771523E+02   5.3511429E+03   2.3707310E-03   5.5952120E-03   2.6901003E-03
   9.5000000E-01   3.1160863E+03   3.5516682E+02   3.4712531E+03   3.5183159E-03   4.6850205E-03   2.8893554E-03
   1.0000000E+00   1.1254809E+03   1.1946445E+02   1.2449453E+03   1.1924988E-02   4.8794009E-06   1.0780451E-02
