   0.0000000E+00   1.5243224E+06   9.7901935E+06   1.1308404E+07   8.7198616E-03   2.4510944E-05   1.1692566E-03
   5.0000000E-02   1.0389635E+05   1.9932565E+05   3.0315834E+05   2.0262920E-02   1.0353354E-04   6.8939578E-03
   1.0000000E-01   7.1078598E+04   7.5821415E+04   1.4686818E+05   8.9200337E-03   3.5883267E-05   4.3107849E-03
   1.5000000E-01   5.5110052E+04   4.3077938E+04   9.8166769E+04   7.2424501E-03   9.9507460E-06   4.0614996E-03
   2.0000000E-01   5.2680286E+04   2.6913101E+04   7.9577472E+04   4.9886325E-03   6.4307077E-05   3.3028606E-03
   2.5000000E-01   4.8217582E+04   1.5533522E+04   6.3725639E+04   4.0305772E-03   1.6685641E-05   3.0463321E-03
   3.0000000E-01   4.4340567E+04   1.1066574E+04   5.5375310E+04   5.4574609E-03   8.9037673E-05   4.3579588E-03
   3.5000000E-01   4.1916865E+04   6.4025760E+03   4.8301252E+04   3.8891398E-03   2.3136710E-05   3.3735713E-03
   4.0000000E-01   3.9884229E+04   4.1380285E+03   4.4006342E+04   2.9340996E-03   6.0114810E-06   2.6591586E-03
   4.5000000E-01   3.7044197E+04   2.6525824E+03   3.9696780E+04   2.5369261E-03   7.1948522E-06   2.3678718E-03
   5.0000000E-01   3.5606144E+04   1.6361128E+03   3.7242257E+04   1.4082026E-03   6.9696485E-06   1.3465848E-03
   5.5000000E-01   3.2936392E+04   1.0128042E+03   3.3937621E+04   1.2637046E-03   5.8969953E-06   1.2265436E-03
   6.0000000E-01   2.9883993E+04   7.4272307E+02   3.0621411E+04   1.5805711E-03   6.0620604E-06   1.5426437E-03
   6.5000000E-01   2.7825181E+04   4.3583969E+02   2.8256124E+04   1.1976904E-03   1.9920856E-06   1.1793755E-03
   7.0000000E-01   1.7884468E+04   1.5460766E+02   1.8034529E+04   7.9549070E-04   2.3485210E-05   7.8905115E-04
   7.5000000E-01   8.3906486E+03   4.2441318E+01   8.4288458E+03   3.1581314E-03   3.4635886E-06   3.1438324E-03
   8.0000000E-01   4.6353877E+03   0.0000000E+00   4.6353877E+03   3.4523320E-03   0.0000000E+00   3.4523320E-03
   8.5000000E-01   3.0258163E+03   3.7448222E+00   3.0295612E+03   1.1219763E-03   2.3397445E-05   1.1205605E-03
   9.0000000E-01   1.7507044E+03   0.0000000E+00   1.7507044E+03   1.6488317E-03   0.0000000E+00   1.6488317E-03
   9.5000000E-01   9.4152714E+02   0.0000000E+00   9.4152714E+02   4.9637799E-03   0.0000000E+00   4.9637799E-03
   1.0000000E+00   3.8983137E+02   0.0000000E+00   3.8983137E+02   3.3377903E-05   0.0000000E+00   3.3377903E-05
