   0.0000000E+00   4.6498708E+05   1.0731372E+07   1.1192285E+07   1.7841149E-02   1.5542799E-06   7.3975949E-04
   5.0000000E-02   5.1757187E+04   3.7821581E+05   4.2965468E+05   2.1029732E-02   1.3333551E-05   2.5441369E-03
   1.0000000E-01   3.9470426E+04   1.0453297E+05   1.4397156E+05   7.8689575E-03   1.6966331E-05   2.1683238E-03
   1.5000000E-01   4.0595121E+04   3.8451834E+04   7.9004514E+04   2.8627764E-03   1.3572578E-06   1.4706672E-03
   2.0000000E-01   3.9772820E+04   1.3464508E+04   5.3221413E+04   1.0444288E-03   2.7998946E-05   7.8193581E-04
   2.5000000E-01   4.3251947E+04   3.9215778E+03   4.7148060E+04   1.7248036E-04   1.4514272E-03   2.4701362E-04
   3.0000000E-01   4.7237187E+04   1.3581222E+03   4.8595309E+04   2.7134446E-04   5.2214532E-06   2.6384518E-04
   3.5000000E-01   4.8355819E+04   2.5464791E+02   4.8610467E+04   6.9813491E-06   2.2653269E-04   6.3291977E-06
   4.0000000E-01   5.4311624E+04   8.7535219E+01   5.4399160E+04   1.3334411E-05   1.0368622E-05   1.3325359E-05
   4.5000000E-01   5.7621163E+04   1.4147106E+01   5.7628237E+04   7.4468485E-06   7.9658160E-06   7.4442863E-06
   5.0000000E-01   6.0364287E+04   0.0000000E+00   6.0370653E+04   1.4605764E-05   0.0000000E+00   1.4604224E-05
   5.5000000E-01   5.9402412E+04   0.0000000E+00   5.9390837E+04   1.5878451E-05   0.0000000E+00   1.5881461E-05
   6.0000000E-01   4.0977093E+04   0.0000000E+00   4.0977093E+04   1.4339219E-05   0.0000000E+00   1.4339219E-05
   6.5000000E-01   1.0665830E+04   0.0000000E+00   1.0665830E+04   3.4352326E-06   0.0000000E+00   3.4352326E-06
   7.0000000E-01   3.6514691E+03   0.0000000E+00   3.6514691E+03   5.7250998E-06   0.0000000E+00   5.7250998E-06
   7.5000000E-01   1.3581222E+03   0.0000000E+00   1.3581222E+03   1.8104841E-03   0.0000000E+00   1.8104841E-03
   8.0000000E-01   5.2919019E+02   0.0000000E+00   5.2919019E+02   6.0970678E-03   0.0000000E+00   6.0970678E-03
   8.5000000E-01   1.1234467E+02   0.0000000E+00   1.1234467E+02   5.0490480E-06   0.0000000E+00   5.0490480E-06
   9.0000000E-01   3.1830989E+01   0.0000000E+00   3.1830989E+01   4.1395015E-06   0.0000000E+00   4.1395015E-06
   9.5000000E-01   6.7012608E+00   0.0000000E+00   6.7012608E+00   6.3571291E-06   0.0000000E+00   6.3571291E-06
   1.0000000E+00   0.0000000E+00   0.0000000E+00   0.0000000E+00   0.0000000E+00   0.0000000E+00   0.0000000E+00
