   0.0000000E+00   5.9078315E+04   1.1991879E+07   1.2048920E+07   1.6700427E-05   6.8610530E-05   6.8211484E-05
   5.0000000E-02   6.3343667E+04   3.5669806E+05   4.1985074E+05   3.1387881E-04   3.7398707E-04   3.6020462E-04
   1.0000000E-01   6.7131555E+04   8.4606768E+04   1.5173832E+05   3.0763194E-04   4.7798935E-04   2.7862122E-04
   1.5000000E-01   6.9709865E+04   2.1623852E+04   9.1312496E+04   3.0801721E-04   8.4359401E-04   2.9048941E-04
   2.0000000E-01   7.7269725E+04   5.3157751E+03   8.2585500E+04   1.6983871E-04   4.6524198E-03   2.5488625E-04
   2.5000000E-01   8.2798768E+04   1.0695212E+03   8.3855556E+04   9.4264952E-05   1.1239894E-02   7.5749856E-05
   3.0000000E-01   9.3540665E+04   2.2281692E+02   9.3763482E+04   2.5070008E-05   8.8399593E-02   1.8676475E-04
   3.5000000E-01   1.0280500E+05   2.7283705E+01   1.0283228E+05   7.7597685E-05   1.8597167E-01   1.2678587E-04
   4.0000000E-01   1.0518550E+05   2.3873241E+01   1.0520142E+05   1.6646160E-05   4.2987106E-01   1.0760037E-04
   4.5000000E-01   8.7627175E+04   0.0000000E+00   8.7620101E+04   1.0180800E-04   0.0000000E+00   1.0181623E-04
   5.0000000E-01   1.3967438E+04   0.0000000E+00   1.3967438E+04   9.0659725E-04   0.0000000E+00   9.0659725E-04
   5.5000000E-01   3.6229453E+03   0.0000000E+00   3.6229453E+03   2.4640522E-03   0.0000000E+00   2.4640522E-03
   6.0000000E-01   1.0132865E+03   0.0000000E+00   1.0132865E+03   2.3522088E-03   0.0000000E+00   2.3522088E-03
   6.5000000E-01   2.3995668E+02   0.0000000E+00   2.3995668E+02   1.4459491E-02   0.0000000E+00   1.4459491E-02
   7.0000000E-01   3.6378273E+01   4.5472841E+00   4.0925557E+01   8.7408168E-02   5.7743607E-01   1.4079463E-01
   7.5000000E-01   8.4882636E+00   0.0000000E+00   8.4882636E+00   1.1088607E-05   0.0000000E+00   1.1088607E-05
   8.0000000E-01   3.9788736E+00   0.0000000E+00   3.9788736E+00   7.8946507E-06   0.0000000E+00   7.8946507E-06
   8.5000000E-01   3.7448222E+00   0.0000000E+00   3.7448222E+00   7.9281351E-01   0.0000000E+00   7.9281351E-01
   9.0000000E-01   0.0000000E+00   0.0000000E+00   0.0000000E+00   0.0000000E+00   0.0000000E+00   0.0000000E+00
   9.5000000E-01   0.0000000E+00   0.0000000E+00   0.0000000E+00   0.0000000E+00   0.0000000E+00   0.0000000E+00
   1.0000000E+00   0.0000000E+00   0.0000000E+00   0.0000000E+00   0.0000000E+00   0.0000000E+00   0.0000000E+00
