   0.0000000E+00   3.2816476E+07   1.6743609E+07   4.8779335E+07   6.3977431E-05   2.7218825E-10   4.3040957E-05
   5.0000000E-02   4.5836624E+03   1.2732395E+03   5.8569019E+03   1.8250477E-01   1.2389154E-05   1.4283251E-01
   1.0000000E-01   2.1963382E+03   4.1380285E+02   2.6101411E+03   2.1686949E-01   6.8509855E-06   1.8248665E-01
   1.5000000E-01   1.2732395E+03   1.6976527E+02   1.4430048E+03   1.9706541E-01   1.3055931E-06   1.7388109E-01
   2.0000000E-01   8.2760570E+02   1.4323945E+02   9.7084515E+02   2.1999307E-01   6.3441787E-06   1.8753601E-01
   2.5000000E-01   7.3847894E+02   7.6394373E+01   8.1487331E+02   2.2327550E-01   5.3373839E-06   2.0234392E-01
   3.0000000E-01   5.0929582E+02   1.2732395E+02   6.3661977E+02   2.1321274E-01   9.2239480E-07   1.7057037E-01
   3.5000000E-01   3.1830989E+02   1.0913482E+02   4.2744470E+02   2.1193448E-01   7.5970871E-06   1.5782549E-01
   4.0000000E-01   4.2176060E+02   7.1619724E+01   4.9338032E+02   2.5258799E-01   6.1478748E-06   2.1592289E-01
   4.5000000E-01   3.3953055E+02   5.6588424E+01   3.9611897E+02   2.8187564E-01   4.1175435E-06   2.4160711E-01
   5.0000000E-01   2.6101411E+02   5.0929582E+01   3.1194369E+02   2.4903081E-01   2.5436952E-06   2.0837313E-01
   5.5000000E-01   2.0834829E+02   4.0512167E+01   2.4886046E+02   3.1920587E-01   9.7805502E-07   2.6724196E-01
   6.0000000E-01   1.8568077E+02   3.7136153E+01   2.2281692E+02   3.0457964E-01   1.5453569E-06   2.5381663E-01
   6.5000000E-01   1.6160348E+02   2.9382451E+01   1.9098593E+02   3.0402152E-01   1.6069457E-05   2.5725145E-01
   7.0000000E-01   1.2732395E+02   2.7283705E+01   1.5460766E+02   2.8293629E-01   1.1519649E-05   2.3300839E-01
   7.5000000E-01   1.1459156E+02   3.8197186E+01   1.5278875E+02   2.9538520E-01   1.0441981E-04   2.2151281E-01
   8.0000000E-01   6.3661977E+01   1.5915494E+01   7.9577472E+01   3.7308836E-01   1.3419541E-05   2.9846800E-01
   8.5000000E-01   7.1151622E+01   2.6213755E+01   9.7365377E+01   3.6116664E-01   6.4858626E-05   2.6391200E-01
   9.0000000E-01   3.5367765E+01   1.0610330E+01   4.5978095E+01   3.9856922E-01   4.5520647E-06   3.0659276E-01
   9.5000000E-01   1.6753152E+01   1.3402522E+01   3.0155673E+01   4.1489851E-01   4.9139035E-06   2.3050136E-01
   1.0000000E+00   6.2876027E+00   0.0000000E+00   6.2876027E+00   4.2441734E-01   0.0000000E+00   4.2441734E-01
