   0.0000000E+00   2.4107008E+07   1.4431916E+07   3.8149313E+07   2.4075961E-03   1.2533796E-04   1.5548632E-03
   5.0000000E-02   1.1911156E+05   3.2467608E+04   1.5145184E+05   1.5514943E-01   1.9119212E-02   1.2581682E-01
   1.0000000E-01   5.4399160E+04   1.5501691E+04   6.9869020E+04   1.4253143E-01   1.7935551E-02   1.1491056E-01
   1.5000000E-01   3.3889393E+04   9.1248834E+03   4.2993055E+04   1.5822120E-01   1.2476768E-02   1.2735045E-01
   2.0000000E-01   2.2902396E+04   6.3980287E+03   2.9284510E+04   1.5104855E-01   6.7017875E-03   1.1934329E-01
   2.5000000E-01   1.7150537E+04   4.3162821E+03   2.1466819E+04   1.6214117E-01   5.3891175E-03   1.3051994E-01
   3.0000000E-01   1.3687325E+04   3.2785918E+03   1.6965917E+04   1.5376361E-01   6.9999093E-03   1.2539714E-01
   3.5000000E-01   1.0722496E+04   2.6465193E+03   1.3369015E+04   1.6439596E-01   1.0685131E-02   1.3395116E-01
   4.0000000E-01   8.7535219E+03   1.8621128E+03   1.0615635E+04   1.6646986E-01   1.7364817E-03   1.3753702E-01
   4.5000000E-01   7.3989365E+03   1.7400940E+03   9.1390305E+03   1.6451679E-01   6.2820602E-03   1.3438828E-01
   5.0000000E-01   6.2388738E+03   1.5215213E+03   7.7603950E+03   1.6013381E-01   2.5242107E-04   1.2875516E-01
   5.5000000E-01   5.7353654E+03   1.1690654E+03   6.9044308E+03   1.5748903E-01   5.2129964E-03   1.3166146E-01
   6.0000000E-01   4.2971835E+03   9.2840383E+02   5.2255873E+03   1.6880369E-01   2.2839666E-03   1.3921881E-01
   6.5000000E-01   3.8295128E+03   7.7863495E+02   4.6081477E+03   1.5035322E-01   4.0338584E-03   1.2562974E-01
   7.0000000E-01   3.1239842E+03   5.5022137E+02   3.6742055E+03   1.5354277E-01   2.3313680E-03   1.3086155E-01
   7.5000000E-01   2.6738030E+03   4.2441318E+02   3.0939721E+03   1.5089665E-01   4.9538295E-06   1.3018496E-01
   8.0000000E-01   2.2440847E+03   3.4616200E+02   2.5902467E+03   1.5150416E-01   4.8515461E-03   1.3183539E-01
   8.5000000E-01   1.7488320E+03   2.8086166E+02   2.0296936E+03   1.4797330E-01   4.1661549E-03   1.2807359E-01
   9.0000000E-01   1.3262912E+03   1.8037560E+02   1.5066668E+03   1.4886871E-01   1.5208534E-05   1.3104458E-01
   9.5000000E-01   9.0131957E+02   8.0415129E+01   9.8173470E+02   1.4615181E-01   3.5902027E-06   1.3418040E-01
   1.0000000E+00   3.5839335E+02   5.6588424E+01   4.1498178E+02   1.3673029E-01   1.9940911E-04   1.1805807E-01
