   0.0000000E+00   3.3328828E+07   1.6805234E+07   4.9522907E+07   1.7059729E-04   1.7624323E-07   1.1475180E-04
   5.0000000E-02   2.4191551E+03   1.2095776E+03   3.6287327E+03   3.2241796E-01   5.9674623E-06   2.1494332E-01
   1.0000000E-01   9.5492966E+01   3.1830989E+01   1.2732395E+02   2.7287438E-01   1.0217016E-04   2.0463024E-01
   1.5000000E-01   0.0000000E+00   0.0000000E+00   0.0000000E+00   0.0000000E+00   0.0000000E+00   0.0000000E+00
   2.0000000E-01   6.3661977E+01   0.0000000E+00   6.3661977E+01   1.9041939E-07   0.0000000E+00   1.9041939E-07
   2.5000000E-01   1.2732395E+01   0.0000000E+00   1.2732395E+01   2.2004498E-07   0.0000000E+00   2.2004498E-07
   3.0000000E-01   4.2441318E+01   0.0000000E+00   4.2441318E+01   3.1229652E-07   0.0000000E+00   3.1229652E-07
   3.5000000E-01   4.5472841E+01   0.0000000E+00   4.5472841E+01   9.6867844E-08   0.0000000E+00   9.6867844E-08
   4.0000000E-01   2.3873241E+01   0.0000000E+00   2.3873241E+01   3.4872877E-07   0.0000000E+00   3.4872877E-07
   4.5000000E-01   1.4147106E+01   0.0000000E+00   1.4147106E+01   3.6525801E-06   0.0000000E+00   3.6525801E-06
   5.0000000E-01   3.1830989E+01   0.0000000E+00   3.1830989E+01   1.3777905E-07   0.0000000E+00   1.3777905E-07
   5.5000000E-01   1.7362357E+01   0.0000000E+00   1.7362357E+01   8.6836922E-05   0.0000000E+00   8.6836922E-05
   6.0000000E-01   5.8356812E+01   0.0000000E+00   5.8356812E+01   3.0165533E-06   0.0000000E+00   3.0165533E-06
   6.5000000E-01   3.4279526E+01   0.0000000E+00   3.4279526E+01   9.9144973E-06   0.0000000E+00   9.9144973E-06
   7.0000000E-01   5.0020125E+01   0.0000000E+00   5.0020125E+01   2.4943567E-05   0.0000000E+00   2.4943567E-05
   7.5000000E-01   5.9417845E+01   0.0000000E+00   5.9417845E+01   6.6271321E-06   0.0000000E+00   6.6271321E-06
   8.0000000E-01   1.0345071E+02   0.0000000E+00   1.0345071E+02   1.7736683E-05   0.0000000E+00   1.7736683E-05
   8.5000000E-01   7.4896444E+01   0.0000000E+00   7.4896444E+01   3.2998461E-06   0.0000000E+00   3.2998461E-06
   9.0000000E-01   1.4147106E+01   0.0000000E+00   1.4147106E+01   6.0866623E-06   0.0000000E+00   6.0866623E-06
   9.5000000E-01   0.0000000E+00   0.0000000E+00   0.0000000E+00   0.0000000E+00   0.0000000E+00   0.0000000E+00
   1.0000000E+00   0.0000000E+00   0.0000000E+00   0.0000000E+00   0.0000000E+00   0.0000000E+00   0.0000000E+00
