   0.0000000E+00   3.0828185E+07   1.6225655E+07   4.6670850E+07   3.3298900E-04   1.7336806E-04   2.7937101E-04
   5.0000000E-02   3.0366763E+04   1.0758874E+04   4.1125637E+04   1.2973051E-01   8.2544905E-02   1.1737333E-01
   1.0000000E-01   1.5756339E+04   4.8701413E+03   2.0626481E+04   1.4054490E-01   1.1613531E-01   1.3477753E-01
   1.5000000E-01   1.0376902E+04   3.0557749E+03   1.3432677E+04   1.4018675E-01   9.8218559E-02   1.3060727E-01
   2.0000000E-01   6.8436626E+03   2.0849298E+03   8.9285923E+03   1.5161050E-01   9.7966744E-02   1.3908247E-01
   2.5000000E-01   5.3221413E+03   1.5151551E+03   6.8245640E+03   1.4021468E-01   8.2176373E-02   1.2730572E-01
   3.0000000E-01   4.1486388E+03   1.1671362E+03   5.3157751E+03   1.4145811E-01   1.0223588E-01   1.3279983E-01
   3.5000000E-01   3.6923947E+03   8.0941657E+02   4.5018112E+03   1.3018272E-01   9.4744952E-02   1.2378747E-01
   4.0000000E-01   2.9204932E+03   6.4457752E+02   3.5650707E+03   1.3998030E-01   1.2289609E-01   1.3688129E-01
   4.5000000E-01   2.3059783E+03   3.6782476E+02   2.6738030E+03   1.3155829E-01   6.8179475E-02   1.2281358E-01
   5.0000000E-01   1.9926199E+03   3.4377468E+02   2.3363946E+03   1.3791672E-01   7.6265358E-02   1.2883621E-01
   5.5000000E-01   1.5857620E+03   3.5303460E+02   1.9387966E+03   1.2438052E-01   7.0362442E-02   1.1443753E-01
   6.0000000E-01   1.2573241E+03   2.1751176E+02   1.4748358E+03   1.4066533E-01   9.7383180E-02   1.3427889E-01
   6.5000000E-01   9.8920918E+02   1.8119178E+02   1.1704010E+03   1.4431685E-01   7.4291466E-02   1.3347462E-01
   7.0000000E-01   8.9126768E+02   1.6370223E+02   1.0549699E+03   1.5955547E-01   5.9991127E-02   1.4410502E-01
   7.5000000E-01   6.5784043E+02   8.9126768E+01   7.4696720E+02   1.4038269E-01   7.0147126E-02   1.3200012E-01
   8.0000000E-01   5.6102117E+02   8.7535219E+01   6.4855639E+02   1.3305323E-01   9.2810349E-02   1.2751814E-01
   8.5000000E-01   3.9695115E+02   7.4896444E+01   4.7184760E+02   1.7816918E-01   3.9304543E-02   1.5612717E-01
   9.0000000E-01   3.0416278E+02   3.1830989E+01   3.3599377E+02   1.4150566E-01   1.3860215E-01   1.4122873E-01
   9.5000000E-01   1.6083026E+02   2.6805043E+01   1.8763530E+02   2.0569926E-01   2.5419158E-01   2.1262670E-01
   1.0000000E+00   6.9163630E+01   1.2575205E+01   8.1738835E+01   9.5982169E-02   2.0586518E-01   1.1288725E-01
