   0.0000000E+00   2.6723770E+07   1.4285748E+07   4.0626018E+07   1.0211127E-03   3.1538073E-09   6.6631134E-04
   5.0000000E-02   8.6261979E+04   3.1449017E+04   1.1771100E+05   1.1185315E-01   6.9434149E-04   8.2154602E-02
   1.0000000E-01   4.2908173E+04   1.6010987E+04   5.8855498E+04   9.9794744E-02   5.0904932E-04   7.2859869E-02
   1.5000000E-01   2.5719439E+04   9.6978412E+03   3.5417280E+04   9.5088705E-02   3.7633274E-06   6.9050847E-02
   2.0000000E-01   1.8796199E+04   6.7800006E+03   2.5576199E+04   8.9642612E-02   3.8899507E-06   6.5880122E-02
   2.5000000E-01   1.2439550E+04   4.9656342E+03   1.7405185E+04   9.2054646E-02   3.0042208E-06   6.5790968E-02
   3.0000000E-01   9.4962449E+03   3.8833806E+03   1.3379626E+04   7.4337916E-02   1.3305006E-03   5.2376916E-02
   3.5000000E-01   7.3575057E+03   3.0193966E+03   1.0376902E+04   9.1941632E-02   1.0330854E-05   6.5188320E-02
   4.0000000E-01   5.8091554E+03   2.6658453E+03   8.4750007E+03   7.0526244E-02   8.5912469E-05   4.8368820E-02
   4.5000000E-01   4.9656342E+03   1.8815651E+03   6.8471993E+03   8.3720908E-02   1.2887348E-06   6.0715012E-02
   5.0000000E-01   4.1061975E+03   1.7952678E+03   5.8950991E+03   7.7492255E-02   4.5171550E-04   5.4097955E-02
   5.5000000E-01   3.3451475E+03   1.4179259E+03   4.7630734E+03   1.0984194E-01   1.4093605E-03   7.6947146E-02
   6.0000000E-01   2.7586857E+03   1.1830517E+03   3.9417374E+03   7.3297263E-02   1.6479621E-03   5.1684453E-02
   6.5000000E-01   2.4828171E+03   1.0136946E+03   3.4965117E+03   9.0081214E-02   2.8197782E-06   6.3965599E-02
   7.0000000E-01   2.0326360E+03   9.5947694E+02   2.9921129E+03   1.0715852E-01   1.2285031E-05   7.2792389E-02
   7.5000000E-01   1.6424790E+03   7.2999067E+02   2.3724697E+03   8.1603276E-02   6.6677906E-06   5.6496421E-02
   8.0000000E-01   1.3050705E+03   6.4059865E+02   1.9456692E+03   1.0070981E-01   9.6091492E-06   6.7552768E-02
   8.5000000E-01   1.0448054E+03   5.4674404E+02   1.5915494E+03   1.0241355E-01   2.6899067E-05   6.7222605E-02
   9.0000000E-01   7.6040695E+02   3.6428798E+02   1.1246949E+03   1.6537710E-01   6.3221199E-06   1.1181157E-01
   9.5000000E-01   5.0929582E+02   2.4794665E+02   7.5724247E+02   1.6601950E-01   1.1359501E-05   1.1166231E-01
   1.0000000E+00   2.3264130E+02   9.4314040E+01   3.2695534E+02   1.7474522E-01   6.4796195E-06   1.2433721E-01
