   0.0000000E+00   1.8409516E+07   9.0303241E+06   2.7426089E+07   4.2836295E-05   7.0022573E-05   7.5000968E-06
   5.0000000E-02   6.5762822E+05   3.3454369E+05   9.9185361E+05   5.5456613E-03   9.3833331E-04   3.9368378E-03
   1.0000000E-01   1.2379071E+05   6.2738879E+04   1.8652959E+05   9.9829381E-03   2.1042119E-03   7.3199584E-03
   1.5000000E-01   5.8335592E+04   3.1109486E+04   8.9423857E+04   7.3401215E-03   3.5677072E-03   6.0275471E-03
   2.0000000E-01   3.5857609E+04   1.9591973E+04   5.5433667E+04   5.0108850E-03   2.8205556E-03   4.2151286E-03
   2.5000000E-01   2.5884960E+04   1.2923381E+04   3.8808341E+04   9.0634576E-03   3.4694835E-03   7.1851099E-03
   3.0000000E-01   1.8324039E+04   9.0187801E+03   2.7342819E+04   1.0822835E-02   4.7103199E-03   8.8039042E-03
   3.5000000E-01   1.3068894E+04   6.5844674E+03   1.9653362E+04   5.0241445E-03   3.9938933E-03   3.2557981E-03
   4.0000000E-01   9.6686628E+03   4.7109863E+03   1.4379649E+04   3.5921114E-03   6.1784135E-03   2.8972038E-03
   4.5000000E-01   7.2008770E+03   3.4660410E+03   1.0666918E+04   7.6856891E-03   8.1150689E-03   7.8251609E-03
   5.0000000E-01   5.4303667E+03   2.5528453E+03   7.9832119E+03   9.9148713E-03   6.0919964E-03   6.2030941E-03
   5.5000000E-01   4.0743665E+03   2.1587198E+03   6.2330863E+03   9.5330738E-03   7.3678235E-03   8.7451106E-03
   6.0000000E-01   3.1406575E+03   1.3581222E+03   4.4987797E+03   1.1033469E-02   1.6627806E-03   7.9643594E-03
   6.5000000E-01   2.3114195E+03   1.1801951E+03   3.4867175E+03   6.4488774E-03   8.1932660E-03   6.7486637E-03
   7.0000000E-01   1.7916299E+03   9.0036225E+02   2.6919922E+03   1.8799041E-02   6.3392680E-03   1.0397804E-02
   7.5000000E-01   1.3411457E+03   5.8993432E+02   1.9310800E+03   2.3871328E-02   1.0898999E-02   1.9148274E-02
   8.0000000E-01   9.8278177E+02   4.2176060E+02   1.4045424E+03   2.4260303E-02   1.9048351E-02   1.7471702E-02
   8.5000000E-01   6.7781282E+02   3.5950293E+02   1.0373157E+03   1.7344012E-02   1.6179105E-02   5.8548933E-03
   9.0000000E-01   3.7489831E+02   1.8744916E+02   5.6234747E+02   2.1102797E-02   1.8239102E-02   8.1671386E-03
   9.5000000E-01   2.1444034E+02   8.7116390E+01   3.0155673E+02   4.5683858E-02   3.2312343E-02   2.7477760E-02
   1.0000000E+00   8.1738835E+01   4.4013219E+01   1.2575205E+02   3.7487267E-02   4.2186433E-06   2.4365810E-02
