   0.0000000E+00   2.7737778E+07   1.4484373E+07   4.1998570E+07   7.3691532E-04   2.0776426E-04   5.6132452E-04
   5.0000000E-02   7.9450148E+04   3.1767327E+04   1.1121747E+05   8.8212601E-02   2.5949683E-02   7.0395520E-02
   1.0000000E-01   3.5969017E+04   1.3496339E+04   4.9465356E+04   7.8145726E-02   1.0034484E-02   5.9538341E-02
   1.5000000E-01   2.1220659E+04   8.7429115E+03   2.9963571E+04   6.7470502E-02   2.4627738E-02   5.4954706E-02
   2.0000000E-01   1.4499015E+04   6.1752118E+03   2.0674227E+04   6.5162492E-02   1.1425619E-02   4.9009212E-02
   2.5000000E-01   1.0122254E+04   4.1380285E+03   1.4260283E+04   6.4795432E-02   5.9058065E-03   4.7287223E-02
   3.0000000E-01   8.2760570E+03   3.0663852E+03   1.1342442E+04   7.7084119E-02   1.5010578E-02   6.0281456E-02
   3.5000000E-01   6.8845881E+03   2.5737628E+03   9.4583509E+03   5.8616238E-02   2.9062920E-02   5.0544345E-02
   4.0000000E-01   4.9576765E+03   2.3157044E+03   7.2733809E+03   6.4948798E-02   1.2688903E-02   4.8305426E-02
   4.5000000E-01   4.2794996E+03   1.6056965E+03   5.8851961E+03   6.6691517E-02   7.2236448E-03   5.0461196E-02
   5.0000000E-01   3.6796623E+03   1.4833241E+03   5.1629864E+03   6.8555677E-02   2.0147153E-02   5.4617776E-02
   5.5000000E-01   3.2409734E+03   1.2211525E+03   4.4621259E+03   6.5379680E-02   2.1782549E-02   5.3444839E-02
   6.0000000E-01   2.9231458E+03   1.1459156E+03   4.0690614E+03   8.1803088E-02   1.9044492E-02   6.3302451E-02
   6.5000000E-01   2.2085809E+03   1.0577682E+03   3.2663491E+03   6.5064702E-02   2.5387061E-02   5.0952005E-02
   7.0000000E-01   1.9235012E+03   7.6849101E+02   2.6919922E+03   7.3378418E-02   2.8513215E-02   6.0124777E-02
   7.5000000E-01   1.6212584E+03   7.0452588E+02   2.3257842E+03   6.6051620E-02   1.8760726E-02   5.1607756E-02
   8.0000000E-01   1.5040142E+03   5.0929582E+02   2.0133100E+03   8.4457688E-02   1.3013320E-02   6.6129622E-02
   8.5000000E-01   9.9612270E+02   4.1942009E+02   1.4155428E+03   7.5347449E-02   1.8583222E-02   5.8515765E-02
   9.0000000E-01   8.9834123E+02   3.5014087E+02   1.2484821E+03   1.0536531E-01   2.2940850E-02   8.2224588E-02
   9.5000000E-01   4.8919204E+02   2.1779097E+02   7.0698301E+02   1.6170713E-01   1.2051460E-02   1.1544362E-01
   1.0000000E+00   2.2006609E+02   7.5451232E+01   2.9551733E+02   1.1631452E-01   7.1169299E-02   1.0435717E-01
