   0.0000000E+00   1.2591830E+07   1.0067250E+07   2.2619864E+07   5.0754787E-04   4.5577070E-04   4.7362986E-04
   5.0000000E-02   2.4694481E+05   1.1548283E+05   3.6217299E+05   3.8173575E-03   3.6529823E-03   1.8696120E-03
   1.0000000E-01   9.1705078E+04   3.7942538E+04   1.2961579E+05   7.0704233E-03   2.5773013E-03   5.4310365E-03
   1.5000000E-01   5.7126014E+04   2.3194180E+04   8.0320195E+04   4.3931810E-04   1.8632518E-03   3.4213794E-04
   2.0000000E-01   4.1046060E+04   1.6663523E+04   5.7709582E+04   3.0291481E-03   6.6016265E-03   4.1700951E-04
   2.5000000E-01   3.2021975E+04   1.2172170E+04   4.4181412E+04   3.8198766E-03   4.2449403E-03   1.6121034E-03
   3.0000000E-01   2.6748641E+04   9.4431933E+03   3.6181224E+04   1.2443531E-03   9.6053458E-03   2.0018212E-03
   3.5000000E-01   2.2081612E+04   7.5393970E+03   2.9621009E+04   4.7069502E-03   3.8809963E-03   4.2662304E-03
   4.0000000E-01   1.7475213E+04   6.0319723E+03   2.3499227E+04   5.8242309E-03   5.2861805E-03   5.6515928E-03
   4.5000000E-01   1.5936715E+04   4.9727078E+03   2.0909423E+04   2.0268478E-03   7.7470933E-03   2.5629250E-03
   5.0000000E-01   1.4349410E+04   4.3099159E+03   1.8659326E+04   4.9102462E-03   1.7312381E-03   3.5819581E-03
   5.5000000E-01   1.2703458E+04   3.4956213E+03   1.6193292E+04   5.6148869E-03   3.2485029E-03   4.6279583E-03
   6.0000000E-01   1.1300001E+04   2.9708923E+03   1.4270893E+04   5.9728317E-03   8.2918894E-03   5.1758144E-03
   6.5000000E-01   9.4611492E+03   2.5954498E+03   1.2056599E+04   2.4701726E-03   4.7174370E-03   2.9535934E-03
   7.0000000E-01   8.9399605E+03   2.2645475E+03   1.1204508E+04   2.1613717E-03   4.4392229E-03   1.9645018E-03
   7.5000000E-01   7.5587988E+03   1.7146293E+03   9.2691839E+03   1.5978394E-03   3.6374229E-03   1.7577411E-03
   8.0000000E-01   6.8277471E+03   1.4363734E+03   8.2601415E+03   5.9970312E-03   6.5085708E-03   5.0900064E-03
   8.5000000E-01   5.7071090E+03   1.2170672E+03   6.9241762E+03   5.4930661E-03   5.5209946E-03   3.6290055E-03
   9.0000000E-01   4.5376843E+03   9.1602512E+02   5.4537094E+03   7.2123636E-03   5.0383572E-03   5.2123475E-03
   9.5000000E-01   2.8714902E+03   4.7578951E+02   3.3472798E+03   6.9749296E-03   5.5799236E-03   6.3690389E-03
   1.0000000E+00   9.9972883E+02   2.1377849E+02   1.2135073E+03   9.5631487E-03   7.1311451E-03   6.6226501E-03
