   0.0000000E+00   3.2375426E+07   1.6622397E+07   4.8440144E+07   7.4107559E-04   2.6608915E-09   4.9155748E-04
   5.0000000E-02   4.4754370E+04   1.1395494E+04   5.6149864E+04   2.0445572E-01   7.2995989E-07   1.6296175E-01
   1.0000000E-01   1.5629015E+04   4.4245074E+03   2.0053523E+04   2.4919255E-01   4.5860596E-06   1.9421298E-01
   1.5000000E-01   7.0664795E+03   1.8674180E+03   8.9338975E+03   2.7160051E-01   3.8993136E-06   2.1482825E-01
   2.0000000E-01   3.6128172E+03   1.3050705E+03   4.9178877E+03   2.9008228E-01   6.8637008E-04   2.1328466E-01
   2.5000000E-01   1.8461973E+03   5.0929582E+02   2.3554932E+03   3.1308613E-01   2.7571203E-06   2.4539243E-01
   3.0000000E-01   9.3370900E+02   3.2892022E+02   1.2626292E+03   3.1572735E-01   1.3493378E-06   2.3347940E-01
   3.5000000E-01   4.4563384E+02   1.4551309E+02   5.9114693E+02   3.4948192E-01   1.3352216E-05   2.6345231E-01
   4.0000000E-01   2.6260566E+02   6.3661977E+01   3.2626763E+02   3.4083105E-01   1.2482672E-04   2.7430307E-01
   4.5000000E-01   1.4147106E+02   4.2441318E+01   1.8391238E+02   3.2286826E-01   2.4450137E-05   2.4835456E-01
   5.0000000E-01   1.2732395E+01   1.2732395E+01   2.5464791E+01   3.3248079E-01   2.8774946E-05   1.6622601E-01
   5.5000000E-01   1.7362357E+01   0.0000000E+00   1.7362357E+01   3.8729975E-01   0.0000000E+00   3.8729975E-01
   6.0000000E-01   1.0610330E+01   0.0000000E+00   1.0610330E+01   1.9997614E-01   0.0000000E+00   1.9997614E-01
   6.5000000E-01   0.0000000E+00   0.0000000E+00   0.0000000E+00   0.0000000E+00   0.0000000E+00   0.0000000E+00
   7.0000000E-01   4.5472841E+00   0.0000000E+00   4.5472841E+00   3.2772943E-06   0.0000000E+00   3.2772943E-06
   7.5000000E-01   4.2441318E+00   0.0000000E+00   4.2441318E+00   3.0968634E-06   0.0000000E+00   3.0968634E-06
   8.0000000E-01   0.0000000E+00   0.0000000E+00   0.0000000E+00   0.0000000E+00   0.0000000E+00   0.0000000E+00
   8.5000000E-01   0.0000000E+00   0.0000000E+00   0.0000000E+00   0.0000000E+00   0.0000000E+00   0.0000000E+00
   9.0000000E-01   0.0000000E+00   0.0000000E+00   0.0000000E+00   0.0000000E+00   0.0000000E+00   0.0000000E+00
   9.5000000E-01   3.3506304E+00   0.0000000E+00   3.3506304E+00   3.5216395E-05   0.0000000E+00   3.5216395E-05
   1.0000000E+00   0.0000000E+00   0.0000000E+00   0.0000000E+00   0.0000000E+00   0.0000000E+00   0.0000000E+00
