   0.0000000E+00   2.0271501E+07   1.4483864E+07   3.4535859E+07   6.4955176E-03   7.7469560E-06   3.7778411E-03
   5.0000000E-02   2.5935890E+05   9.2309867E+04   3.5141411E+05   1.6808840E-01   6.6416823E-05   1.2409033E-01
   1.0000000E-01   9.9185361E+04   3.4759440E+04   1.3397663E+05   1.8439354E-01   3.6356953E-06   1.3651085E-01
   1.5000000E-01   4.8637751E+04   1.6170142E+04   6.4765452E+04   1.9988202E-01   3.1898084E-06   1.5008851E-01
   2.0000000E-01   2.6849439E+04   8.2760570E+03   3.5109580E+04   2.0370874E-01   1.2758147E-05   1.5577978E-01
   2.5000000E-01   1.6131945E+04   4.8510427E+03   2.0970255E+04   1.8467181E-01   2.5963758E-06   1.4206394E-01
   3.0000000E-01   1.0037372E+04   2.3873241E+03   1.2424696E+04   1.6718797E-01   3.9153663E-05   1.3507140E-01
   3.5000000E-01   6.8573044E+03   1.2004830E+03   8.0577874E+03   1.2019129E-01   2.2727355E-06   1.0228503E-01
   4.0000000E-01   5.3476061E+03   6.4457752E+02   5.9921836E+03   8.0005314E-02   2.2522092E-06   7.1399407E-02
   4.5000000E-01   5.1849144E+03   2.9001567E+02   5.4749300E+03   4.8574790E-02   3.8773317E-06   4.6001502E-02
   5.0000000E-01   4.8128455E+03   1.7188734E+02   4.9847328E+03   2.6339470E-02   1.7178683E-05   2.5431805E-02
   5.5000000E-01   4.5257878E+03   6.3661977E+01   4.5894498E+03   1.3499839E-02   3.7227063E-06   1.3312529E-02
   6.0000000E-01   4.9444136E+03   3.1830989E+01   4.9762446E+03   4.8051441E-03   8.7301169E-06   4.7743519E-03
   6.5000000E-01   5.2986353E+03   0.0000000E+00   5.2986353E+03   1.1772121E-03   0.0000000E+00   1.1772121E-03
   7.0000000E-01   5.2793968E+03   4.5472841E+00   5.2839441E+03   1.2412300E-04   4.9659937E-07   1.2401606E-04
   7.5000000E-01   5.1481319E+03   0.0000000E+00   5.1481319E+03   2.1448855E-06   0.0000000E+00   2.1448855E-06
   8.0000000E-01   5.3555638E+03   3.9788736E+00   5.3595427E+03   7.9184098E-06   1.2869616E-05   7.9219017E-06
   8.5000000E-01   4.9955928E+03   0.0000000E+00   4.9955928E+03   4.3258510E-05   0.0000000E+00   4.3258510E-05
   9.0000000E-01   4.4386545E+03   0.0000000E+00   4.4386545E+03   4.8283761E-06   0.0000000E+00   4.8283761E-06
   9.5000000E-01   3.3003709E+03   0.0000000E+00   3.3003709E+03   2.7378035E-06   0.0000000E+00   2.7378035E-06
   1.0000000E+00   1.5593255E+03   0.0000000E+00   1.5593255E+03   1.3315830E-06   0.0000000E+00   1.3315830E-06
