   0.0000000E+00   3.2572014E+07   1.6934595E+07   4.8993239E+07   2.0827412E-03   8.7222903E-08   1.3653366E-03
   5.0000000E-02   6.3025357E+03   1.7825354E+03   8.0850711E+03   3.3757818E-01   1.5611957E-06   2.6315115E-01
   1.0000000E-01   3.1830989E+02   0.0000000E+00   3.1830989E+02   2.4724465E-07   0.0000000E+00   2.4724465E-07
   1.5000000E-01   1.4854461E+02   0.0000000E+00   1.4854461E+02   2.4126638E-07   0.0000000E+00   2.4126638E-07
   2.0000000E-01   3.3422538E+02   0.0000000E+00   3.3422538E+02   1.6533144E-06   0.0000000E+00   1.6533144E-06
   2.5000000E-01   2.2918312E+02   0.0000000E+00   2.2918312E+02   2.0240856E-06   0.0000000E+00   2.0240856E-06
   3.0000000E-01   2.0159626E+02   0.0000000E+00   2.0159626E+02   1.7341117E-06   0.0000000E+00   1.7341117E-06
   3.5000000E-01   3.4559359E+02   0.0000000E+00   3.4559359E+02   6.3050735E-06   0.0000000E+00   6.3050735E-06
   4.0000000E-01   2.3873241E+02   0.0000000E+00   2.3873241E+02   8.3373007E-07   0.0000000E+00   8.3373007E-07
   4.5000000E-01   2.2635370E+02   0.0000000E+00   2.2635370E+02   6.4243287E-06   0.0000000E+00   6.4243287E-06
   5.0000000E-01   3.6923947E+02   0.0000000E+00   3.6923947E+02   3.5865683E-06   0.0000000E+00   3.5865683E-06
   5.5000000E-01   3.5882205E+02   0.0000000E+00   3.5882205E+02   3.9927107E-06   0.0000000E+00   3.9927107E-06
   6.0000000E-01   3.3953055E+02   0.0000000E+00   3.3953055E+02   3.6437970E-06   0.0000000E+00   3.6437970E-06
   6.5000000E-01   4.3583969E+02   0.0000000E+00   4.3583969E+02   1.3606192E-06   0.0000000E+00   1.3606192E-06
   7.0000000E-01   3.5468816E+02   0.0000000E+00   3.5468816E+02   5.0331169E-06   0.0000000E+00   5.0331169E-06
   7.5000000E-01   4.4563384E+02   0.0000000E+00   4.4563384E+02   3.6159767E-05   0.0000000E+00   3.6159767E-05
   8.0000000E-01   5.3714793E+02   0.0000000E+00   5.3714793E+02   2.1570365E-05   0.0000000E+00   2.1570365E-05
   8.5000000E-01   6.2913013E+02   0.0000000E+00   6.2913013E+02   1.0728018E-05   0.0000000E+00   1.0728018E-05
   9.0000000E-01   9.1956189E+02   0.0000000E+00   9.1956189E+02   2.9157768E-05   0.0000000E+00   2.9157768E-05
   9.5000000E-01   1.3369015E+03   0.0000000E+00   1.3369015E+03   3.0427229E-06   0.0000000E+00   3.0427229E-06
   1.0000000E+00   1.9491568E+02   0.0000000E+00   1.9491568E+02   5.2884322E-06   0.0000000E+00   5.2884322E-06
