   0.0000000E+00   2.7401134E+07   1.4652950E+07   4.1522379E+07   7.7564777E-04   4.3839082E-04   6.5830579E-04
   5.0000000E-02   6.4744231E+04   2.7183664E+04   9.1927895E+04   1.1058428E-01   7.6952999E-02   1.0062759E-01
   1.0000000E-01   3.0653242E+04   1.2032114E+04   4.2685356E+04   1.1154631E-01   8.4415207E-02   1.0388813E-01
   1.5000000E-01   1.9268358E+04   7.2574654E+03   2.6504603E+04   1.1172533E-01   8.4172104E-02   1.0425888E-01
   2.0000000E-01   1.4339860E+04   5.2361976E+03   1.9576058E+04   1.1551431E-01   9.2070808E-02   1.0923451E-01
   2.5000000E-01   1.0529691E+04   4.6600567E+03   1.5189748E+04   1.1734206E-01   9.3187892E-02   1.0986303E-01
   3.0000000E-01   7.7243199E+03   3.1300472E+03   1.0854367E+04   1.2813982E-01   7.7600810E-02   1.1355919E-01
   3.5000000E-01   6.8209261E+03   2.2099801E+03   9.0309062E+03   1.2209213E-01   8.8800674E-02   1.1393911E-01
   4.0000000E-01   5.8887329E+03   1.9576058E+03   7.8463387E+03   1.4262874E-01   1.0639320E-01   1.3357626E-01
   4.5000000E-01   4.6826921E+03   1.6622850E+03   6.3308300E+03   1.3860633E-01   8.5499288E-02   1.2459799E-01
   5.0000000E-01   3.9979722E+03   1.3496339E+03   5.3476061E+03   1.3837576E-01   7.9785072E-02   1.2346120E-01
   5.5000000E-01   3.7502692E+03   1.0648913E+03   4.8151605E+03   1.3679297E-01   1.0154117E-01   1.2898412E-01
   6.0000000E-01   2.9708923E+03   1.0079813E+03   3.9788736E+03   1.5373861E-01   9.4964636E-02   1.3884746E-01
   6.5000000E-01   2.6738030E+03   8.6678231E+02   3.5405853E+03   1.3647056E-01   6.1976760E-02   1.1816359E-01
   7.0000000E-01   2.3191149E+03   6.6390348E+02   2.9830184E+03   1.5929362E-01   8.7521428E-02   1.4321214E-01
   7.5000000E-01   1.8674180E+03   6.3237564E+02   2.4997936E+03   1.4696222E-01   9.3462122E-02   1.3337213E-01
   8.0000000E-01   1.6910213E+03   4.4961271E+02   2.1406340E+03   1.4490391E-01   8.6399137E-02   1.3247379E-01
   8.5000000E-01   1.2844740E+03   4.1567526E+02   1.7001493E+03   1.7236847E-01   9.8255015E-02   1.5421138E-01
   9.0000000E-01   1.1176214E+03   2.6525824E+02   1.3828796E+03   1.9112795E-01   1.2165919E-01   1.7778540E-01
   9.5000000E-01   6.1651599E+02   1.9433656E+02   8.1085255E+02   1.7391297E-01   1.3582421E-01   1.6477324E-01
   1.0000000E+00   2.8922972E+02   4.4013219E+01   3.3324294E+02   1.6434860E-01   5.9239477E-02   1.5046385E-01
