   0.0000000E+00   1.5080249E+07   1.0599974E+07   2.5591606E+07   2.2504108E-03   6.2876201E-04   1.5594611E-03
   5.0000000E-02   2.5611213E+05   1.1516452E+05   3.7095834E+05   1.0638595E-02   1.9205860E-03   8.0110819E-03
   1.0000000E-01   8.6389303E+04   3.7656060E+04   1.2401353E+05   1.0669639E-02   5.2709244E-03   8.4481049E-03
   1.5000000E-01   5.3815591E+04   2.3045636E+04   7.6797565E+04   5.9945573E-03   9.4089973E-04   3.9196358E-03
   2.0000000E-01   3.9168031E+04   1.5119720E+04   5.4255920E+04   8.6343308E-03   3.0392470E-03   7.0797179E-03
   2.5000000E-01   3.0163045E+04   1.1484621E+04   4.1634933E+04   9.1113733E-03   8.3206703E-03   8.8899546E-03
   3.0000000E-01   2.3947514E+04   9.0612214E+03   3.3008735E+04   1.6833073E-02   3.2149802E-03   1.2801058E-02
   3.5000000E-01   1.9680646E+04   7.1301415E+03   2.6810787E+04   1.2603536E-02   5.9580664E-04   9.3860993E-03
   4.0000000E-01   1.6424790E+04   5.4033103E+03   2.1828100E+04   1.1795223E-02   1.9330500E-03   9.3349072E-03
   4.5000000E-01   1.4599813E+04   4.5907359E+03   1.9190549E+04   6.7863192E-03   1.1053647E-03   5.0842420E-03
   5.0000000E-01   1.1853860E+04   3.5587045E+03   1.5399832E+04   1.0168307E-02   4.8748232E-03   8.6250101E-03
   5.5000000E-01   1.0891986E+04   3.5766456E+03   1.4468631E+04   1.3680658E-02   6.6828295E-03   1.1352507E-02
   6.0000000E-01   9.8198600E+03   2.5199533E+03   1.2345118E+04   1.2418101E-02   1.4087958E-03   9.7740310E-03
   6.5000000E-01   8.0752770E+03   2.3261107E+03   1.0401388E+04   1.1532171E-02   3.9633650E-03   8.3441455E-03
   7.0000000E-01   7.0801213E+03   1.8962175E+03   8.9763388E+03   1.5632671E-02   2.9307183E-03   1.1841774E-02
   7.5000000E-01   6.1115498E+03   1.4642255E+03   7.5757753E+03   1.2114698E-02   2.2884084E-03   9.3717992E-03
   8.0000000E-01   4.8621835E+03   1.1618311E+03   6.0240146E+03   1.1860564E-02   1.9551555E-03   9.6502454E-03
   8.5000000E-01   4.0481528E+03   9.5118484E+02   4.9993376E+03   1.4523001E-02   9.2445994E-03   1.1889759E-02
   9.0000000E-01   3.0769956E+03   6.5430365E+02   3.7312992E+03   1.4614414E-02   7.4941630E-03   1.2104301E-02
   9.5000000E-01   1.9433656E+03   3.9537438E+02   2.3387400E+03   2.0547376E-02   1.4683329E-03   1.7109432E-02
   1.0000000E+00   7.1049910E+02   1.5090246E+02   8.6140157E+02   3.3543666E-02   2.5223486E-06   2.7666966E-02
