   0.0000000E+00   3.7275361E+06   9.3521991E+06   1.3075152E+07   2.6900349E-05   8.9999254E-06   3.6857924E-06
   5.0000000E-02   1.8290086E+05   1.4508565E+05   3.2792284E+05   1.2372241E-03   1.1230330E-03   1.1862540E-03
   1.0000000E-01   1.0752508E+05   5.8027892E+04   1.6555297E+05   5.7970714E-04   1.1446020E-03   6.4252851E-04
   1.5000000E-01   7.9704796E+04   3.5247515E+04   1.1495231E+05   1.2263623E-03   6.2265870E-04   1.0318623E-03
   2.0000000E-01   6.6399442E+04   2.5671692E+04   9.2071135E+04   6.8327953E-04   4.0853631E-05   4.8231494E-04
   2.5000000E-01   5.8212512E+04   1.7328790E+04   7.5515837E+04   7.0299366E-04   8.2994091E-04   5.6406235E-04
   3.0000000E-01   5.1311554E+04   1.2435306E+04   6.3746860E+04   7.4648322E-04   1.5095937E-03   3.0639968E-04
   3.5000000E-01   4.5918475E+04   9.4037835E+03   5.5313164E+04   2.7843733E-04   3.9837799E-04   2.9135414E-04
   4.0000000E-01   4.2000989E+04   7.2972541E+03   4.9298244E+04   7.3083645E-04   7.1170707E-04   7.2329457E-04
   4.5000000E-01   3.7723258E+04   5.8710490E+03   4.3594307E+04   2.7584693E-04   7.5819952E-04   3.4044534E-04
   5.0000000E-01   3.5007721E+04   5.2966765E+03   4.0304398E+04   8.4927587E-04   2.2605144E-03   4.4246644E-04
   5.5000000E-01   3.1379567E+04   3.9470426E+03   3.5326610E+04   7.0942146E-04   1.7439502E-03   5.1074742E-04
   6.0000000E-01   1.4058687E+04   1.1459156E+03   1.5204602E+04   9.9095462E-05   8.8856799E-04   7.9414977E-05
   6.5000000E-01   9.1575306E+03   5.8764902E+02   9.7451796E+03   2.8390541E-03   3.1714978E-03   2.8563914E-03
   7.0000000E-01   6.6708658E+03   3.2285717E+02   6.9937229E+03   1.0305050E-03   5.2986138E-06   9.8294392E-04
   7.5000000E-01   4.6133713E+03   1.8674180E+02   4.8001131E+03   1.4475088E-03   8.2531248E-03   1.6903740E-03
   8.0000000E-01   3.5531341E+03   1.1140846E+02   3.6645426E+03   4.2392701E-03   1.3024371E-02   4.4144681E-03
   8.5000000E-01   2.5127757E+03   5.2427511E+01   2.5652032E+03   8.8685086E-03   5.9566704E-02   9.7139587E-03
   9.0000000E-01   1.6056965E+03   4.2441318E+01   1.6481379E+03   5.6061368E-03   1.8304732E-01   9.3650374E-03
   9.5000000E-01   9.1472209E+02   2.3454413E+01   9.3817651E+02   1.2879112E-02   1.0805529E-01   1.4739766E-02
   1.0000000E+00   2.7665452E+02   1.2575205E+01   2.8922972E+02   2.3452080E-02   4.5441998E-06   2.2432227E-02
