   0.0000000E+00   9.9175175E+06   9.7570893E+06   1.9613491E+07   8.6325488E-04   1.4542383E-04   5.0849515E-04
   5.0000000E-02   1.3846480E+05   8.6834937E+04   2.2523608E+05   1.1786952E-02   5.0005471E-03   9.1184829E-03
   1.0000000E-01   7.2129020E+04   3.7146764E+04   1.0921212E+05   1.0463329E-02   4.5088912E-03   7.4008659E-03
   1.5000000E-01   5.3242634E+04   2.4255213E+04   7.7476626E+04   9.2781677E-03   2.6296416E-03   7.0911189E-03
   2.0000000E-01   4.3306060E+04   1.6583945E+04   5.9890005E+04   1.6413167E-02   5.6740699E-03   1.3438425E-02
   2.5000000E-01   3.5485186E+04   1.3369015E+04   4.8841469E+04   1.3684820E-02   4.2613267E-03   1.0767487E-02
   3.0000000E-01   3.1173148E+04   1.0620940E+04   4.1772867E+04   1.5882187E-02   1.0800071E-02   1.4578153E-02
   3.5000000E-01   2.6119600E+04   8.4761375E+03   3.4595737E+04   1.6300081E-02   1.0151049E-02   1.4370408E-02
   4.0000000E-01   2.3730002E+04   7.1221837E+03   3.0836270E+04   1.6525566E-02   8.9488047E-03   1.4812412E-02
   4.5000000E-01   2.0690143E+04   5.9983730E+03   2.6674368E+04   1.5240548E-02   1.1322760E-02   1.4341741E-02
   5.0000000E-01   1.8563833E+04   4.9147046E+03   2.3478537E+04   1.5486968E-02   6.4855276E-03   1.3617410E-02
   5.5000000E-01   1.7611218E+04   3.9296802E+03   2.1540898E+04   1.9833269E-02   9.3399270E-03   1.7876369E-02
   6.0000000E-01   1.5655541E+04   3.6022069E+03   1.9252443E+04   1.8364759E-02   1.3596524E-02   1.7477370E-02
   6.5000000E-01   1.3799958E+04   2.9284510E+03   1.6718615E+04   2.1185458E-02   8.7906560E-03   1.8924644E-02
   7.0000000E-01   1.2523220E+04   2.8102216E+03   1.5333442E+04   1.9862035E-02   9.2488144E-03   1.7907690E-02
   7.5000000E-01   1.1624677E+04   2.2790988E+03   1.3895288E+04   1.8071033E-02   1.0978793E-02   1.6913346E-02
   8.0000000E-01   9.2548599E+03   1.9456692E+03   1.1200529E+04   1.5553185E-02   1.2467510E-02   1.5017159E-02
   8.5000000E-01   5.3476061E+03   9.6241930E+02   6.3100254E+03   2.8239843E-02   3.2480680E-02   2.8828271E-02
   9.0000000E-01   3.5898282E+03   5.4112681E+02   4.1309550E+03   3.7938375E-02   1.0037787E-02   3.4269121E-02
   9.5000000E-01   2.0338326E+03   2.6805043E+02   2.3018831E+03   4.4894366E-02   1.3327787E-02   4.1167538E-02
   1.0000000E+00   9.8086602E+02   5.6588424E+01   1.0374544E+03   3.9436832E-02   6.8465194E-05   3.7289369E-02
