   0.0000000E+00   4.5021750E+05   9.9694656E+06   1.0417137E+07   1.4420967E-06   1.5821070E-06   1.5757840E-06
   5.0000000E-02   1.2114874E+05   2.5362932E+05   3.7458707E+05   1.5548009E-04   4.9575551E-05   1.8011630E-05
   1.0000000E-01   9.6957191E+04   9.6447896E+04   1.9327776E+05   2.1353220E-04   2.9565210E-04   1.6393533E-04
   1.5000000E-01   8.6283200E+04   4.7364511E+04   1.3358405E+05   2.0602146E-04   8.2631378E-06   1.3543046E-04
   2.0000000E-01   7.9752542E+04   2.5576199E+04   1.0529691E+05   6.6965164E-05   6.0665858E-05   6.5459869E-05
   2.5000000E-01   7.6432570E+04   1.4476734E+04   9.0845642E+04   2.7123127E-05   5.0602392E-06   2.2474569E-05
   3.0000000E-01   6.9741696E+04   7.7137096E+03   7.7434185E+04   2.0674237E-04   7.7572232E-05   1.8473892E-04
   3.5000000E-01   6.6226645E+04   4.5927569E+03   7.0792119E+04   1.6228846E-04   5.4008831E-05   1.4977942E-04
   4.0000000E-01   6.2150005E+04   2.4748594E+03   6.4608949E+04   2.4908705E-04   1.0853616E-03   2.1708926E-04
   4.5000000E-01   5.5371773E+04   1.2378718E+03   5.6616718E+04   1.0129357E-04   6.1820836E-05   9.9563908E-05
   5.0000000E-01   5.1693526E+04   7.7030992E+02   5.2463835E+04   1.0147912E-04   4.6385439E-05   9.9586962E-05
   5.5000000E-01   2.0238721E+04   1.2153650E+02   2.0360258E+04   1.3146327E-04   1.5703019E-04   1.2991118E-04
   6.0000000E-01   9.1567144E+03   2.1220659E+01   9.1779351E+03   4.7962957E-04   1.2465099E-05   4.7852924E-04
   6.5000000E-01   5.5826657E+03   0.0000000E+00   5.5826657E+03   3.3424314E-04   0.0000000E+00   3.3424314E-04
   7.0000000E-01   3.0694168E+03   4.5472841E+00   3.0739640E+03   1.2137717E-03   2.3893272E-06   1.2119792E-03
   7.5000000E-01   1.7103851E+03   8.4882636E+00   1.7188734E+03   4.1736278E-03   1.9957928E-06   4.1530221E-03
   8.0000000E-01   1.0066550E+03   0.0000000E+00   1.0066550E+03   2.1519570E-05   0.0000000E+00   2.1519570E-05
   8.5000000E-01   5.6546815E+02   0.0000000E+00   5.6546815E+02   2.6995762E-03   0.0000000E+00   2.6995762E-03
   9.0000000E-01   1.9805948E+02   0.0000000E+00   1.9805948E+02   7.0303066E-06   0.0000000E+00   7.0303066E-06
   9.5000000E-01   1.0722017E+02   3.3506304E+00   1.1057080E+02   1.0096945E-05   8.6127310E-01   2.6091138E-02
   1.0000000E+00   1.8862808E+01   0.0000000E+00   1.8862808E+01   2.6480742E-06   0.0000000E+00   2.6480742E-06
