   0.0000000E+00   2.6267441E+07   1.4750225E+07   4.0504806E+07   4.4395644E-03   4.1012251E-08   2.8376422E-03
   5.0000000E-02   2.3363946E+05   6.7099724E+04   3.0054819E+05   1.7978429E-01   1.7023459E-05   1.3967338E-01
   1.0000000E-01   9.3996909E+04   2.5910425E+04   1.1981184E+05   1.9552760E-01   4.1450637E-06   1.5326185E-01
   1.5000000E-01   4.4860473E+04   1.3814649E+04   5.8675122E+04   2.1018119E-01   3.9526508E-06   1.6069457E-01
   2.0000000E-01   2.5910425E+04   8.1487331E+03   3.4059158E+04   2.2471589E-01   1.2697445E-05   1.7094907E-01
   2.5000000E-01   1.4960565E+04   4.6727891E+03   1.9620621E+04   2.2771497E-01   1.0577548E-05   1.7362834E-01
   3.0000000E-01   9.2734280E+03   2.7268547E+03   1.1989672E+04   2.4854382E-01   5.0614085E-06   1.9236043E-01
   3.5000000E-01   5.4567409E+03   1.7097788E+03   7.1665197E+03   2.6954401E-01   1.1510054E-05   2.0523924E-01
   4.0000000E-01   3.2865496E+03   1.0981691E+03   4.3847187E+03   2.7657127E-01   4.5917443E-06   2.0730181E-01
   4.5000000E-01   2.1291395E+03   6.0832556E+02   2.7374650E+03   2.7418122E-01   1.2713952E-05   2.1324925E-01
   5.0000000E-01   1.1268170E+03   2.8647890E+02   1.4132959E+03   2.8856291E-01   4.2552012E-06   2.3006957E-01
   5.5000000E-01   6.3661977E+02   2.1413574E+02   8.5075551E+02   2.8446175E-01   5.1003103E-06   2.1286381E-01
   6.0000000E-01   3.2892022E+02   1.2201879E+02   4.5093901E+02   2.7820459E-01   1.0314538E-05   2.0292849E-01
   6.5000000E-01   1.4691226E+02   6.3661977E+01   2.1057423E+02   3.5735569E-01   1.6584072E-06   2.4931742E-01
   7.0000000E-01   1.3187124E+02   3.6378273E+01   1.6824951E+02   3.5074315E-01   1.4080771E-05   2.7490375E-01
   7.5000000E-01   2.9708923E+01   4.2441318E+00   3.3953055E+01   1.8784119E-01   7.0164721E-07   1.6436112E-01
   8.0000000E-01   7.9577472E+00   7.9577472E+00   1.5915494E+01   4.2137052E-01   4.2980845E-06   2.1068728E-01
   8.5000000E-01   1.4979289E+01   7.4896444E+00   2.2468933E+01   4.1992896E-01   4.4879657E-06   2.7995414E-01
   9.0000000E-01   3.5367765E+00   7.0735530E+00   1.0610330E+01   3.4854821E-01   3.8263373E-06   1.1618051E-01
   9.5000000E-01   0.0000000E+00   0.0000000E+00   0.0000000E+00   0.0000000E+00   0.0000000E+00   0.0000000E+00
   1.0000000E+00   0.0000000E+00   0.0000000E+00   0.0000000E+00   0.0000000E+00   0.0000000E+00   0.0000000E+00
