   0.0000000E+00   3.2661650E+07   1.6861766E+07   4.8914808E+07   1.9058004E-03   5.1415826E-08   1.2587176E-03
   5.0000000E-02   4.4563384E+03   8.2760570E+02   5.2839441E+03   3.0205492E-01   6.0657717E-07   2.5474502E-01
   1.0000000E-01   2.8647890E+02   0.0000000E+00   2.8647890E+02   1.3691628E-06   0.0000000E+00   1.3691628E-06
   1.5000000E-01   2.5464791E+02   0.0000000E+00   2.5464791E+02   1.9998790E-07   0.0000000E+00   1.9998790E-07
   2.0000000E-01   4.4563384E+02   0.0000000E+00   4.4563384E+02   5.7788046E-07   0.0000000E+00   5.7788046E-07
   2.5000000E-01   3.9470426E+02   0.0000000E+00   3.9470426E+02   3.5516626E-06   0.0000000E+00   3.5516626E-06
   3.0000000E-01   3.1830989E+02   0.0000000E+00   3.1830989E+02   1.3623269E-06   0.0000000E+00   1.3623269E-06
   3.5000000E-01   3.8197186E+02   0.0000000E+00   3.8197186E+02   6.0379354E-05   0.0000000E+00   6.0379354E-05
   4.0000000E-01   2.4669016E+02   0.0000000E+00   2.4669016E+02   2.6337436E-06   0.0000000E+00   2.6337436E-06
   4.5000000E-01   3.1123633E+02   0.0000000E+00   3.1123633E+02   3.0109537E-06   0.0000000E+00   3.0109537E-06
   5.0000000E-01   4.7109863E+02   0.0000000E+00   4.7109863E+02   3.8305342E-07   0.0000000E+00   3.8305342E-07
   5.5000000E-01   3.8197186E+02   0.0000000E+00   3.8197186E+02   1.8511875E-06   0.0000000E+00   1.8511875E-06
   6.0000000E-01   3.7136153E+02   0.0000000E+00   3.7136153E+02   5.6857611E-06   0.0000000E+00   5.6857611E-06
   6.5000000E-01   5.6806072E+02   0.0000000E+00   5.6806072E+02   2.1380989E-05   0.0000000E+00   2.1380989E-05
   7.0000000E-01   5.0020125E+02   0.0000000E+00   5.0020125E+02   1.7442781E-06   0.0000000E+00   1.7442781E-06
   7.5000000E-01   6.0691085E+02   0.0000000E+00   6.0691085E+02   7.9766951E-07   0.0000000E+00   7.9766951E-07
   8.0000000E-01   8.5147895E+02   0.0000000E+00   8.5147895E+02   8.1009993E-06   0.0000000E+00   8.1009993E-06
   8.5000000E-01   1.3855842E+03   0.0000000E+00   1.3855842E+03   2.2171602E-06   0.0000000E+00   2.2171602E-06
   9.0000000E-01   1.4854461E+02   0.0000000E+00   1.4854461E+02   2.1945717E-05   0.0000000E+00   2.1945717E-05
   9.5000000E-01   0.0000000E+00   0.0000000E+00   0.0000000E+00   0.0000000E+00   0.0000000E+00   0.0000000E+00
   1.0000000E+00   0.0000000E+00   0.0000000E+00   0.0000000E+00   0.0000000E+00   0.0000000E+00   0.0000000E+00
