   0.0000000E+00   3.3134277E+07   1.6805743E+07   4.9265712E+07   3.6157678E-05   3.9042473E-10   2.4318169E-05
   5.0000000E-02   1.9735213E+03   7.0028175E+02   2.6738030E+03   1.3220150E-01   2.7819668E-05   9.7570021E-02
   1.0000000E-01   7.9577472E+02   1.2732395E+02   9.2309867E+02   1.4745462E-01   2.5390371E-06   1.2711570E-01
   1.5000000E-01   5.0929582E+02   1.4854461E+02   6.5784043E+02   1.8611460E-01   2.5399543E-05   1.4408300E-01
   2.0000000E-01   7.4802823E+02   7.9577472E+01   8.2760570E+02   2.1327959E-01   1.5872051E-05   1.9277346E-01
   2.5000000E-01   3.4377468E+02   3.8197186E+01   3.8197186E+02   2.3540949E-01   1.2599855E-05   2.1186728E-01
   3.0000000E-01   3.1830989E+02   8.4882636E+01   4.0319252E+02   2.6407549E-01   4.0984085E-06   2.0848151E-01
   3.5000000E-01   2.4555334E+02   4.5472841E+01   2.9102618E+02   2.5316970E-01   1.7728757E-05   2.1361470E-01
   4.0000000E-01   2.2281692E+02   8.7535219E+01   3.1035214E+02   2.3628819E-01   6.7031340E-07   1.6964261E-01
   4.5000000E-01   1.8391238E+02   7.0735530E+01   2.5464791E+02   2.1549438E-01   5.9478571E-07   1.5563500E-01
   5.0000000E-01   1.3369015E+02   2.5464791E+01   1.5915494E+02   2.8696081E-01   4.8275553E-06   2.4104631E-01
   5.5000000E-01   1.0417414E+02   1.7362357E+01   1.2153650E+02   3.0129435E-01   5.0783685E-07   2.5825237E-01
   6.0000000E-01   1.0079813E+02   3.7136153E+01   1.3793428E+02   3.3327283E-01   1.9432283E-05   2.4354030E-01
   6.5000000E-01   1.1263273E+02   1.4691226E+01   1.2732395E+02   2.9642546E-01   3.0840408E-06   2.6222288E-01
   7.0000000E-01   8.1851114E+01   1.8189136E+01   1.0004025E+02   3.0792379E-01   7.5624379E-06   2.5193902E-01
   7.5000000E-01   5.9417845E+01   2.5464791E+01   8.4882636E+01   3.0177802E-01   1.6013243E-05   2.1124941E-01
   8.0000000E-01   8.3556345E+01   1.5915494E+01   9.9471839E+01   3.5215235E-01   7.8524749E-06   2.9580823E-01
   8.5000000E-01   3.7448222E+01   3.7448222E+00   4.1193044E+01   3.0524176E-01   9.5469292E-06   2.7749164E-01
   9.0000000E-01   2.4757436E+01   0.0000000E+00   2.4757436E+01   3.8441784E-01   0.0000000E+00   3.8441784E-01
   9.5000000E-01   2.6805043E+01   3.3506304E+00   3.0155673E+01   3.8668238E-01   1.3491878E-06   3.4371752E-01
   1.0000000E+00   3.1438013E+01   0.0000000E+00   3.1438013E+01   4.2419674E-01   0.0000000E+00   4.2419674E-01
