   0.0000000E+00   9.3883591E+06   9.2824256E+06   1.8656524E+07   9.0140184E-05   9.1887997E-05   3.7236981E-05
   5.0000000E-02   1.2878818E+05   8.4288458E+04   2.1301298E+05   1.1609261E-03   1.4392538E-03   1.1305450E-03
   1.0000000E-01   6.8022823E+04   3.5650707E+04   1.0367353E+05   1.7952661E-03   1.1854433E-03   9.3116579E-04
   1.5000000E-01   4.8170896E+04   2.2409016E+04   7.0558691E+04   2.9916071E-03   4.9056731E-04   2.1811737E-03
   2.0000000E-01   3.9931975E+04   1.6122396E+04   5.6038455E+04   3.0445669E-03   2.5662799E-03   2.2297434E-03
   2.5000000E-01   3.3842707E+04   1.3878311E+04   4.7721018E+04   1.8752347E-03   1.5021686E-03   1.7406488E-03
   3.0000000E-01   2.8796434E+04   1.0154085E+04   3.8939909E+04   1.2822234E-03   3.7440782E-03   1.8707370E-03
   3.5000000E-01   2.5637588E+04   8.2851516E+03   3.3922739E+04   1.6726959E-03   2.9607361E-03   5.4546839E-04
   4.0000000E-01   2.2472678E+04   6.9709865E+03   2.9435707E+04   1.8739256E-03   3.4558397E-03   1.4609714E-03
   4.5000000E-01   1.9883758E+04   5.8781226E+03   2.5761880E+04   2.5646145E-03   1.5817438E-03   1.8501214E-03
   5.0000000E-01   1.8512903E+04   5.3539723E+03   2.3854143E+04   1.5005552E-03   1.0545642E-03   1.0588629E-03
   5.5000000E-01   1.7032473E+04   4.4737008E+03   2.1506173E+04   2.2601134E-03   5.8258641E-03   2.6840072E-03
   6.0000000E-01   1.5512302E+04   3.8886858E+03   1.9400988E+04   3.9381828E-03   2.8567364E-03   3.2619554E-03
   6.5000000E-01   1.4328842E+04   3.4916146E+03   1.7820457E+04   1.7077406E-03   1.7427519E-03   1.1176077E-03
   7.0000000E-01   1.3146198E+04   2.9375455E+03   1.6083744E+04   1.9015304E-03   3.6762306E-03   1.0076130E-03
   7.5000000E-01   1.2129729E+04   2.6271176E+03   1.4756846E+04   2.6958043E-03   1.5446941E-03   2.4282670E-03
   8.0000000E-01   1.1677994E+04   2.5822890E+03   1.4256304E+04   2.2135717E-03   2.4646608E-03   2.0670342E-03
   8.5000000E-01   1.0197151E+04   2.2094451E+03   1.2402851E+04   1.6863103E-03   2.1208156E-03   1.0127561E-03
   9.0000000E-01   5.0010020E+03   8.7004702E+02   5.8710490E+03   9.4604935E-04   7.7988464E-03   9.8537093E-04
   9.5000000E-01   2.4794665E+03   4.2217943E+02   2.9016459E+03   1.6949736E-02   4.3116109E-03   1.4296223E-02
   1.0000000E+00   8.0481314E+02   1.6976527E+02   9.7457842E+02   1.3445675E-02   1.2693791E-02   8.9118467E-03
