   0.0000000E+00   7.1179184E+06   1.2530205E+07   1.9576313E+07   1.4643074E-02   4.4137179E-07   5.2982722E-03
   5.0000000E-02   2.2440847E+05   2.4019664E+05   4.6409581E+05   1.1057695E-01   4.5568097E-06   5.3483100E-02
   1.0000000E-01   8.1901134E+04   7.5312119E+04   1.5711776E+05   1.0762407E-01   7.0191638E-07   5.6069552E-02
   1.5000000E-01   4.3566013E+04   2.9284510E+04   7.2850523E+04   8.8009025E-02   2.5649528E-06   5.2631508E-02
   2.0000000E-01   3.0159862E+04   1.2366339E+04   4.2510285E+04   5.4894485E-02   9.8109187E-06   3.9060378E-02
   2.5000000E-01   2.3694988E+04   4.8255779E+03   2.8507833E+04   2.5922293E-02   4.1477507E-06   2.1545257E-02
   3.0000000E-01   2.4000565E+04   1.9098593E+03   2.5910425E+04   1.2223250E-02   7.0367801E-06   1.1321757E-02
   3.5000000E-01   2.3545837E+04   8.2760570E+02   2.4373443E+04   4.4541360E-03   2.8991382E-06   4.3029863E-03
   4.0000000E-01   2.5074861E+04   1.3528170E+02   2.5226058E+04   8.2777680E-04   1.7260339E-05   8.2272696E-04
   4.5000000E-01   2.6405573E+04   4.9514871E+01   2.6448015E+04   4.3464861E-04   2.1160558E-05   4.3391165E-04
   5.0000000E-01   2.9004397E+04   3.1830989E+01   2.9036228E+04   7.5601682E-05   1.8192833E-06   7.5518126E-05
   5.5000000E-01   2.8914113E+04   5.7874525E+00   2.8919900E+04   2.5283753E-06   2.8944351E-05   2.5336587E-06
   6.0000000E-01   2.9979486E+04   0.0000000E+00   2.9979486E+04   7.6352234E-06   0.0000000E+00   7.6351179E-06
   6.5000000E-01   2.8378551E+04   0.0000000E+00   2.8368756E+04   5.1232097E-06   0.0000000E+00   5.1223850E-06
   7.0000000E-01   1.8871229E+04   0.0000000E+00   1.8875776E+04   1.1462661E-05   0.0000000E+00   1.1461036E-05
   7.5000000E-01   7.7030992E+03   0.0000000E+00   7.7030992E+03   8.7168833E-06   0.0000000E+00   8.7168833E-06
   8.0000000E-01   3.5292609E+03   0.0000000E+00   3.5292609E+03   1.5997670E-05   0.0000000E+00   1.5997670E-05
   8.5000000E-01   1.7450871E+03   0.0000000E+00   1.7450871E+03   1.4110915E-05   0.0000000E+00   1.4110915E-05
   9.0000000E-01   7.2857596E+02   0.0000000E+00   7.2857596E+02   1.1379616E-05   0.0000000E+00   1.1379616E-05
   9.5000000E-01   3.3506304E+02   0.0000000E+00   3.3506304E+02   6.5142465E-06   0.0000000E+00   6.5142465E-06
   1.0000000E+00   9.4314040E+01   0.0000000E+00   9.4314040E+01   9.8884329E-06   0.0000000E+00   9.8884329E-06
