   0.0000000E+00   3.0730400E+07   1.5347629E+07   4.6041870E+07   5.3673793E-05   1.8932256E-05   3.9191007E-05
   5.0000000E-02   2.1008452E+04   1.1777466E+04   3.2785918E+04   8.4917791E-03   1.1834053E-02   4.1299731E-03
   1.0000000E-01   1.2159438E+04   5.6977470E+03   1.7857185E+04   1.3188297E-02   7.8329250E-03   6.5397640E-03
   1.5000000E-01   7.9577472E+03   3.8621600E+03   1.1819907E+04   2.4777940E-03   1.6370923E-02   5.1478589E-03
   2.0000000E-01   6.1274653E+03   3.1671834E+03   9.2946487E+03   1.0728644E-02   4.2384300E-03   5.7717248E-03
   2.5000000E-01   5.5385920E+03   2.8520566E+03   8.3906486E+03   8.0202440E-03   1.6911622E-02   1.1007794E-02
   3.0000000E-01   4.2971835E+03   1.7188734E+03   6.0160568E+03   1.6829200E-02   1.8961867E-02   9.4871814E-03
   3.5000000E-01   3.4377468E+03   1.4460363E+03   4.8837831E+03   1.2893810E-02   1.6914661E-02   5.4475748E-03
   4.0000000E-01   3.0716904E+03   1.3528170E+03   4.4245074E+03   5.1296942E-03   1.7933408E-02   7.6156488E-03
   4.5000000E-01   2.6525824E+03   1.4571519E+03   4.1097343E+03   1.6138404E-02   1.4508557E-02   1.2170200E-02
   5.0000000E-01   2.3554932E+03   1.1395494E+03   3.4950426E+03   2.2058850E-02   1.2612880E-02   1.8906111E-02
   5.5000000E-01   2.0256084E+03   1.0591038E+03   3.0847122E+03   2.2549131E-02   1.7607411E-02   1.8706688E-02
   6.0000000E-01   1.9098593E+03   9.0718318E+02   2.8170425E+03   1.2442523E-02   1.4486588E-02   4.4119580E-03
   6.5000000E-01   1.7237705E+03   8.1291448E+02   2.5366849E+03   1.4248684E-02   1.5878756E-02   1.4299701E-02
   7.0000000E-01   1.3869216E+03   7.5484916E+02   2.1417708E+03   9.8303852E-03   1.5394615E-02   7.3361657E-03
   7.5000000E-01   1.3581222E+03   6.1539911E+02   1.9735213E+03   4.0369393E-03   1.7521563E-02   5.5447124E-03
   8.0000000E-01   9.9073952E+02   5.0531694E+02   1.4960565E+03   2.8136322E-03   5.6743960E-03   3.7176096E-04
   8.5000000E-01   8.2760570E+02   4.0818562E+02   1.2357913E+03   1.0118396E-02   2.0601953E-02   7.8990413E-03
   9.0000000E-01   7.4272307E+02   3.0416278E+02   1.0468858E+03   1.2357097E-02   2.4862212E-02   1.5019087E-02
   9.5000000E-01   5.2604897E+02   2.4124539E+02   7.6729436E+02   2.1392731E-02   1.2659052E-02   1.7672365E-02
   1.0000000E+00   1.9491568E+02   6.9163630E+01   2.6407931E+02   2.2649645E-02   2.8196169E-02   2.2738053E-02
