   0.0000000E+00   2.3062952E+07   1.6398307E+07   3.9205083E+07   3.8128967E-02   1.3916920E-07   2.2313040E-02
   5.0000000E-02   1.9455100E+05   6.1433808E+04   2.5592115E+05   2.0985340E-01   1.2900964E-05   1.5953319E-01
   1.0000000E-01   4.3290145E+03   1.9098593E+02   4.5200004E+03   7.5326470E-02   8.3719197E-04   7.2176571E-02
   1.5000000E-01   2.9496716E+03   0.0000000E+00   2.9496716E+03   2.5511414E-06   0.0000000E+00   2.5511414E-06
   2.0000000E-01   2.8329580E+03   0.0000000E+00   2.8329580E+03   1.0599074E-04   0.0000000E+00   1.0599074E-04
   2.5000000E-01   3.0303101E+03   0.0000000E+00   3.0303101E+03   7.5546543E-06   0.0000000E+00   7.5546543E-06
   3.0000000E-01   2.9178406E+03   0.0000000E+00   2.9178406E+03   8.1454232E-07   0.0000000E+00   8.1454232E-07
   3.5000000E-01   3.1921934E+03   0.0000000E+00   3.1921934E+03   5.5916769E-07   0.0000000E+00   5.5916769E-07
   4.0000000E-01   3.2069721E+03   0.0000000E+00   3.2069721E+03   1.7659625E-05   0.0000000E+00   1.7659625E-05
   4.5000000E-01   3.4660410E+03   0.0000000E+00   3.4660410E+03   7.4793496E-06   0.0000000E+00   7.4793496E-06
   5.0000000E-01   3.3804510E+03   0.0000000E+00   3.3740848E+03   3.8129661E-05   0.0000000E+00   3.8202767E-05
   5.5000000E-01   3.7155445E+03   0.0000000E+00   3.7155445E+03   3.9062224E-06   0.0000000E+00   3.9062224E-06
   6.0000000E-01   3.6764792E+03   0.0000000E+00   3.6764792E+03   1.1844662E-06   0.0000000E+00   1.1844662E-06
   6.5000000E-01   4.0645724E+03   0.0000000E+00   4.0645724E+03   9.7215191E-07   0.0000000E+00   9.7215191E-07
   7.0000000E-01   4.3926764E+03   0.0000000E+00   4.3926764E+03   1.5945144E-05   0.0000000E+00   1.5945144E-05
   7.5000000E-01   4.5454652E+03   0.0000000E+00   4.5454652E+03   8.4813907E-06   0.0000000E+00   8.4813907E-06
   8.0000000E-01   5.2799652E+03   0.0000000E+00   5.2799652E+03   4.2540329E-05   0.0000000E+00   4.2540329E-05
   8.5000000E-01   6.0853361E+03   0.0000000E+00   6.0853361E+03   1.8197820E-06   0.0000000E+00   1.8197820E-06
   9.0000000E-01   7.9612839E+03   0.0000000E+00   7.9612839E+03   1.5640537E-05   0.0000000E+00   1.5640537E-05
   9.5000000E-01   1.2782655E+04   0.0000000E+00   1.2782655E+04   4.8462345E-06   0.0000000E+00   4.8462345E-06
   1.0000000E+00   1.2682095E+04   0.0000000E+00   1.2682095E+04   1.4469106E-06   0.0000000E+00   1.4469106E-06
