   0.0000000E+00   2.3427608E+04   1.5784605E+07   1.5807524E+07   3.4564258E-03   4.8842710E-05   5.3823462E-05
   5.0000000E-02   1.7889016E+04   1.5062424E+05   1.6851325E+05   6.4145242E-04   3.3537721E-03   2.9900313E-03
   1.0000000E-01   1.9989861E+04   6.6845076E+02   2.0658312E+04   2.5076236E-04   1.6166300E-01   5.3146817E-03
   1.5000000E-01   1.8801504E+04   2.5464791E+02   1.9056152E+04   1.9752189E-04   2.3866781E-01   3.3740605E-03
   2.0000000E-01   1.9639720E+04   2.2281692E+02   1.9862537E+04   1.6141251E-04   2.5591554E-01   2.8521711E-03
   2.5000000E-01   1.9977128E+04   1.0185916E+02   2.0078988E+04   4.2571932E-04   3.1877866E-01   1.2902791E-03
   3.0000000E-01   2.0180847E+04   5.3051648E+01   2.0233898E+04   5.9445733E-04   2.8940457E-01   1.3505926E-03
   3.5000000E-01   2.0953885E+04   1.8189136E+01   2.0972074E+04   2.9562879E-04   3.4176745E-01   3.7752069E-04
   4.0000000E-01   2.2305565E+04   1.5915494E+01   2.2321481E+04   5.3026600E-04   1.8987813E-01   4.5620929E-04
   4.5000000E-01   2.3795432E+04   1.4147106E+01   2.3809579E+04   3.5912967E-04   4.3759665E-01   1.0159651E-04
   5.0000000E-01   2.5604847E+04   1.9098593E+01   2.5623946E+04   3.9998664E-04   4.2290725E-01   5.7504749E-04
   5.5000000E-01   2.7397800E+04   1.1574905E+01   2.7409375E+04   3.0061606E-05   2.1742995E-01   1.1967747E-04
   6.0000000E-01   3.0807092E+04   5.3051648E+00   3.0812397E+04   1.7050854E-04   5.3444228E-01   8.8055164E-05
   6.5000000E-01   3.8118833E+04   0.0000000E+00   3.8113936E+04   2.6621302E-05   0.0000000E+00   2.6623875E-05
   7.0000000E-01   5.4330950E+04   0.0000000E+00   5.4335498E+04   5.8894800E-05   0.0000000E+00   5.8889715E-05
   7.5000000E-01   7.0486541E+04   4.2441318E+00   7.0482297E+04   9.8025894E-05   5.4982196E-01   6.7578026E-05
   8.0000000E-01   2.2679579E+03   0.0000000E+00   2.2679579E+03   1.9907252E-03   0.0000000E+00   1.9907252E-03
   8.5000000E-01   4.4937866E+01   3.7448222E+00   4.8682688E+01   6.2191603E-02   6.0610281E-01   8.4378203E-02
   9.0000000E-01   3.1830989E+01   0.0000000E+00   3.1830989E+01   1.2689063E-01   0.0000000E+00   1.2689063E-01
   9.5000000E-01   0.0000000E+00   0.0000000E+00   0.0000000E+00   0.0000000E+00   0.0000000E+00   0.0000000E+00
   1.0000000E+00   0.0000000E+00   0.0000000E+00   0.0000000E+00   0.0000000E+00   0.0000000E+00   0.0000000E+00
