   0.0000000E+00   1.6680966E+07   1.0760402E+07   2.7402152E+07   5.4208146E-04   2.2009046E-04   4.0642576E-04
   5.0000000E-02   2.0562819E+05   9.8166769E+04   3.0379496E+05   3.1605712E-03   2.0807196E-03   1.9007346E-03
   1.0000000E-01   7.4325358E+04   3.2435777E+04   1.0676114E+05   1.0333694E-02   4.9399212E-03   7.9704000E-03
   1.5000000E-01   4.8446765E+04   2.1772396E+04   7.0197940E+04   8.4422740E-03   1.2033425E-03   5.5499131E-03
   2.0000000E-01   3.4266059E+04   1.4467184E+04   4.8733244E+04   1.1465308E-03   4.3055955E-03   1.6429599E-03
   2.5000000E-01   2.6878087E+04   1.0325973E+04   3.7191327E+04   3.7538319E-03   7.2272704E-03   2.2453878E-03
   3.0000000E-01   2.1751176E+04   8.0850711E+03   2.9836247E+04   5.0024646E-03   2.0799020E-03   3.4459575E-03
   3.5000000E-01   1.8753000E+04   7.0573849E+03   2.5810384E+04   5.5448926E-03   3.8411439E-04   4.0160545E-03
   4.0000000E-01   1.5135635E+04   5.4192258E+03   2.0554861E+04   8.4037844E-03   4.3311886E-03   5.0663537E-03
   4.5000000E-01   1.3213397E+04   4.6190301E+03   1.7832427E+04   1.6405740E-03   1.1899567E-02   3.8206633E-03
   5.0000000E-01   1.1618311E+04   3.9534088E+03   1.5571720E+04   3.4072266E-03   4.0457096E-03   1.5194766E-03
   5.5000000E-01   9.9775681E+03   3.2062487E+03   1.3183817E+04   7.6287787E-04   7.0237711E-03   1.7243134E-03
   6.0000000E-01   8.5466204E+03   2.9178406E+03   1.1464461E+04   7.5823084E-03   9.6004739E-03   5.8077342E-03
   6.5000000E-01   7.8695998E+03   2.4730230E+03   1.0342623E+04   3.6000377E-03   2.5467467E-03   3.3474036E-03
   7.0000000E-01   6.6526766E+03   2.1190344E+03   8.7671637E+03   8.3805235E-03   1.0801835E-02   3.7612085E-03
   7.5000000E-01   6.0351554E+03   1.6255025E+03   7.6606579E+03   3.7341513E-03   4.9972205E-03   2.0394936E-03
   8.0000000E-01   5.1446835E+03   1.4562677E+03   6.6009513E+03   6.0027483E-03   3.5785063E-03   4.7891969E-03
   8.5000000E-01   4.1230492E+03   1.0859984E+03   5.2090477E+03   2.2699040E-03   3.7491580E-03   2.4058346E-03
   9.0000000E-01   3.2113931E+03   8.5589992E+02   4.0672930E+03   3.1724119E-03   2.7268414E-03   2.1570153E-03
   9.5000000E-01   2.1008452E+03   5.5955527E+02   2.6604005E+03   3.1471785E-03   6.3961597E-03   2.4233616E-03
   1.0000000E+00   7.6708753E+02   1.3203966E+02   8.9912718E+02   2.7230058E-02   1.5430131E-02   2.5374847E-02
