   0.0000000E+00   1.7861004E+07   8.8286430E+06   2.6536349E+07   5.2250683E-03   4.1451203E-07   3.4867132E-03
   5.0000000E-02   4.4098652E+05   1.9257748E+05   6.3299104E+05   3.5458861E-02   8.0016445E-06   2.4597400E-02
   1.0000000E-01   1.3639579E+05   6.8404795E+04   2.0457776E+05   2.9490192E-02   7.9643930E-06   1.9698572E-02
   1.5000000E-01   6.4468362E+04   3.4844322E+04   9.9291464E+04   1.9777416E-02   5.6327621E-05   1.2788257E-02
   2.0000000E-01   4.0266201E+04   2.0133100E+04   6.0367470E+04   2.5820076E-02   2.3047235E-05   1.7452342E-02
   2.5000000E-01   2.9348172E+04   1.4693184E+04   4.4028623E+04   2.0815066E-02   1.5867829E-05   1.3871703E-02
   3.0000000E-01   2.1496528E+04   1.0822536E+04   3.2319064E+04   3.2641630E-02   1.6436961E-04   2.1747008E-02
   3.5000000E-01   1.6042818E+04   8.2578679E+03   2.4300686E+04   2.8754889E-02   1.9262536E-04   1.9048354E-02
   4.0000000E-01   1.1928663E+04   5.9842259E+03   1.7912889E+04   2.2710694E-02   1.1995765E-05   1.5120307E-02
   4.5000000E-01   9.5846644E+03   5.1212524E+03   1.4705917E+04   2.5554496E-02   2.6060134E-04   1.6734071E-02
   5.0000000E-01   7.4675499E+03   4.0107046E+03   1.1478254E+04   3.6741071E-02   4.5511205E-05   2.3915495E-02
   5.5000000E-01   5.3881183E+03   2.8184894E+03   8.2008202E+03   3.0630757E-02   1.7369293E-06   2.0250131E-02
   6.0000000E-01   4.3184041E+03   2.3130518E+03   6.6314560E+03   2.9523792E-02   4.4713069E-05   1.9218626E-02
   6.5000000E-01   3.6189386E+03   1.9686242E+03   5.5875628E+03   4.7238639E-02   3.1334293E-05   3.0605511E-02
   7.0000000E-01   2.6692558E+03   1.4142054E+03   4.0834611E+03   3.5866668E-02   3.3184307E-05   2.3436127E-02
   7.5000000E-01   2.2069485E+03   1.1841128E+03   3.3910613E+03   3.9827639E-02   2.8548389E-05   2.5930316E-02
   8.0000000E-01   1.5119720E+03   7.9577472E+02   2.3077467E+03   4.6011214E-02   1.2096287E-05   3.0149138E-02
   8.5000000E-01   1.0410606E+03   5.6921297E+02   1.6102735E+03   3.5275207E-02   3.0713942E-03   2.2193184E-02
   9.0000000E-01   7.2150241E+02   3.8197186E+02   1.1034743E+03   6.6565284E-02   5.8601076E-04   4.3377510E-02
   9.5000000E-01   4.6573762E+02   1.6418089E+02   6.2991851E+02   5.6637202E-02   9.7348568E-07   4.1875320E-02
   1.0000000E+00   1.4461486E+02   6.2876027E+01   2.0749089E+02   7.1726892E-02   1.6482673E-05   4.9995858E-02
