   0.0000000E+00   2.6029600E+07   1.3610931E+07   3.9313563E+07   5.8498591E-04   3.5301564E-09   3.8699494E-04
   5.0000000E-02   6.1688456E+04   2.3045636E+04   8.4734092E+04   8.1651952E-02   6.3067757E-05   5.9461694E-02
   1.0000000E-01   3.6000848E+04   1.4769579E+04   5.0770427E+04   7.5250184E-02   2.3191689E-06   5.3358555E-02
   1.5000000E-01   2.5316246E+04   1.0207137E+04   3.5523383E+04   7.3783688E-02   5.1186134E-05   5.2587778E-02
   2.0000000E-01   1.9480565E+04   7.0823950E+03   2.6562960E+04   6.0399745E-02   8.4549599E-06   4.4293913E-02
   2.5000000E-01   1.3903776E+04   5.6277188E+03   1.9531495E+04   5.0789134E-02   8.8429836E-06   3.6155523E-02
   3.0000000E-01   1.1034743E+04   4.8595309E+03   1.5894274E+04   4.4288315E-02   7.7803558E-06   3.0748701E-02
   3.5000000E-01   9.4765400E+03   4.1107448E+03   1.3578190E+04   5.2962457E-02   4.5107982E-06   3.6964482E-02
   4.0000000E-01   7.7190147E+03   3.5491552E+03   1.1260212E+04   4.5955490E-02   4.9608495E-05   3.1489256E-02
   4.5000000E-01   6.2530209E+03   2.9001567E+03   9.1461041E+03   4.6804117E-02   8.5434511E-06   3.1895161E-02
   5.0000000E-01   5.4494653E+03   2.2090706E+03   7.6585359E+03   3.9315050E-02   1.0125874E-04   2.7970048E-02
   5.5000000E-01   4.2942897E+03   2.0024586E+03   6.2967483E+03   3.3620769E-02   8.4608103E-06   2.2931529E-02
   6.0000000E-01   3.6552585E+03   1.6658217E+03   5.3210803E+03   3.2822628E-02   6.1006650E-06   2.2549056E-02
   6.5000000E-01   3.2173784E+03   1.4201518E+03   4.6326331E+03   4.4490601E-02   6.1956049E-05   3.0589963E-02
   7.0000000E-01   2.6601612E+03   1.2459558E+03   3.9061170E+03   6.2555196E-02   8.8781962E-05   4.2576092E-02
   7.5000000E-01   2.2239251E+03   1.0567888E+03   3.2807139E+03   5.5387318E-02   2.0953233E-04   3.7612941E-02
   8.0000000E-01   1.7666199E+03   8.7535219E+02   2.6419721E+03   6.5922237E-02   1.2248259E-05   4.4084590E-02
   8.5000000E-01   1.3706049E+03   7.0777139E+02   2.0783763E+03   7.7867577E-02   4.6597104E-06   5.1349124E-02
   9.0000000E-01   1.0433491E+03   5.1636937E+02   1.5597184E+03   7.6429445E-02   4.1766937E-07   5.1126394E-02
   9.5000000E-01   8.0750192E+02   4.0542628E+02   1.2129282E+03   1.1291610E-01   1.3702206E-05   7.5176669E-02
   1.0000000E+00   4.0869417E+02   1.8862808E+02   5.9732226E+02   1.0137802E-01   1.6749863E-05   6.9366964E-02
