   0.0000000E+00   1.4314778E+07   1.0725261E+07   2.4928502E+07   3.3190432E-03   1.2240695E-03   2.3944483E-03
   5.0000000E-02   2.1912453E+05   9.2819163E+04   3.1188003E+05   5.2620772E-02   2.9947919E-02   4.5856151E-02
   1.0000000E-01   8.7885360E+04   3.7242257E+04   1.2509579E+05   4.9946577E-02   1.5824867E-02   3.9779516E-02
   1.5000000E-01   5.5661789E+04   2.2366575E+04   7.8007143E+04   4.7083018E-02   2.1855629E-02   3.9799066E-02
   2.0000000E-01   3.9916060E+04   1.5071973E+04   5.4972117E+04   4.5483749E-02   2.2078015E-02   3.9099128E-02
   2.5000000E-01   3.1958313E+04   1.1637409E+04   4.3582990E+04   4.7668607E-02   2.2509775E-02   4.0949023E-02
   3.0000000E-01   2.4891833E+04   8.4352120E+03   3.3316435E+04   4.6540833E-02   1.8300740E-02   3.9388498E-02
   3.5000000E-01   2.0662859E+04   7.1210469E+03   2.7774811E+04   5.0422900E-02   2.1038571E-02   4.2730980E-02
   4.0000000E-01   1.7801480E+04   5.6181695E+03   2.3419650E+04   4.3637925E-02   2.0391781E-02   3.8038157E-02
   4.5000000E-01   1.4804946E+04   4.5765888E+03   1.9381535E+04   4.4536887E-02   2.1117686E-02   3.8635479E-02
   5.0000000E-01   1.3286255E+04   3.7178595E+03   1.7004114E+04   3.9630037E-02   1.9636306E-02   3.5243566E-02
   5.5000000E-01   1.1187146E+04   3.1078620E+03   1.4295008E+04   4.7503417E-02   2.0061099E-02   4.1490848E-02
   6.0000000E-01   9.7137567E+03   2.5464791E+03   1.2260236E+04   4.2850286E-02   1.6159043E-02   3.6875130E-02
   6.5000000E-01   8.7706616E+03   2.2918312E+03   1.1062493E+04   4.3707855E-02   2.2621380E-02   3.9329713E-02
   7.0000000E-01   7.8486123E+03   1.8461973E+03   9.6948097E+03   4.2294329E-02   1.5843374E-02   3.7209592E-02
   7.5000000E-01   6.8670053E+03   1.4557372E+03   8.3227425E+03   4.3217707E-02   1.1237103E-02   3.7587152E-02
   8.0000000E-01   5.7494723E+03   1.2573241E+03   7.0028175E+03   5.0766571E-02   2.1045799E-02   4.5408163E-02
   8.5000000E-01   4.6360899E+03   8.8377804E+02   5.5198679E+03   4.2662419E-02   1.4542193E-02   3.8124023E-02
   9.0000000E-01   3.6994682E+03   7.2150241E+02   4.4209706E+03   4.8990211E-02   2.7633059E-02   4.5499495E-02
   9.5000000E-01   2.4660640E+03   4.8249077E+02   2.9485547E+03   3.6721895E-02   2.6259180E-02   3.4892659E-02
   1.0000000E+00   9.9972883E+02   2.8294212E+02   1.2826709E+03   3.7798474E-02   3.8971561E-02   3.8014297E-02
