   0.0000000E+00   7.5564221E+06   9.5992076E+06   1.7100626E+07   8.6005474E-04   1.2481531E-04   3.9668042E-04
   5.0000000E-02   1.4075663E+05   9.5238318E+04   2.3593129E+05   6.9919417E-03   2.0306057E-03   4.9169350E-03
   1.0000000E-01   7.8113246E+04   3.8388172E+04   1.1646959E+05   7.2509744E-03   5.7667053E-03   6.6761410E-03
   1.5000000E-01   5.7550427E+04   2.6759251E+04   8.4309679E+04   1.7278113E-02   4.2370525E-03   1.2998316E-02
   2.0000000E-01   4.5279581E+04   1.9385072E+04   6.4632822E+04   1.6962906E-02   3.6263298E-03   1.2913117E-02
   2.5000000E-01   3.7509637E+04   1.3509072E+04   5.0993244E+04   1.8069614E-02   6.3291316E-03   1.4943788E-02
   3.0000000E-01   3.2223571E+04   1.0461785E+04   4.2674745E+04   1.9271375E-02   6.5792548E-03   1.6162366E-02
   3.5000000E-01   2.7110908E+04   7.8849906E+03   3.4986804E+04   1.7840206E-02   7.4547143E-03   1.5467126E-02
   4.0000000E-01   2.4700847E+04   6.3741555E+03   3.1067045E+04   1.9611994E-02   5.3126486E-03   1.6605282E-02
   4.5000000E-01   2.1963382E+04   5.8851961E+03   2.7834431E+04   2.0976662E-02   6.3680840E-03   1.7866017E-02
   5.0000000E-01   1.9499664E+04   4.6600567E+03   2.4159720E+04   2.0305079E-02   7.7115647E-03   1.7836926E-02
   5.5000000E-01   1.7420232E+04   3.8139312E+03   2.1228376E+04   1.9412344E-02   4.9404837E-03   1.6816762E-02
   6.0000000E-01   1.5830612E+04   3.4695778E+03   1.9294884E+04   1.8584681E-02   8.3412818E-03   1.6766711E-02
   6.5000000E-01   1.4622666E+04   2.6835972E+03   1.7301367E+04   2.0077888E-02   3.1373646E-03   1.7442436E-02
   7.0000000E-01   1.3469055E+04   2.3691350E+03   1.5833643E+04   1.5460659E-02   6.1442210E-03   1.4055228E-02
   7.5000000E-01   1.2706931E+04   1.7782912E+03   1.4476734E+04   2.1656296E-02   5.7210976E-03   1.9710848E-02
   8.0000000E-01   1.0504226E+04   1.8541551E+03   1.2354402E+04   1.8513130E-02   2.5723839E-03   1.6102233E-02
   8.5000000E-01   1.0137234E+04   1.3668601E+03   1.1504094E+04   1.8083525E-02   9.3993467E-03   1.7003560E-02
   9.0000000E-01   6.7517064E+03   9.7615032E+02   7.7278567E+03   2.1241108E-02   1.1448799E-02   1.9996481E-02
   9.5000000E-01   2.9753598E+03   3.4176430E+02   3.3171241E+03   2.7799147E-02   6.9296095E-03   2.5615930E-02
   1.0000000E+00   1.0185916E+03   1.3203966E+02   1.1506313E+03   3.8155098E-02   2.0332599E-02   3.6047854E-02
