   0.0000000E+00   7.0063826E+06   9.5808729E+06   1.6549058E+07   1.1393818E-02   5.8217590E-04   5.1588312E-03
   5.0000000E-02   2.9583721E+05   1.2458649E+05   4.2029637E+05   5.1936105E-02   7.6205056E-03   3.8762480E-02
   1.0000000E-01   1.1220423E+05   4.9529018E+04   1.6170142E+05   4.4067011E-02   4.5657653E-03   3.1950422E-02
   1.5000000E-01   6.9412776E+04   2.9560378E+04   9.8951933E+04   4.2511788E-02   3.5389589E-03   3.0837953E-02
   2.0000000E-01   4.9735920E+04   2.0355917E+04   7.0044090E+04   3.4091005E-02   3.5930507E-03   2.5246062E-02
   2.5000000E-01   3.9419496E+04   1.4680452E+04   5.4061751E+04   3.5385930E-02   3.3421049E-03   2.6508253E-02
   3.0000000E-01   3.2775308E+04   1.0705823E+04   4.3449299E+04   3.3908058E-02   2.9850246E-03   2.6011405E-02
   3.5000000E-01   2.7574731E+04   8.1942059E+03   3.5750748E+04   3.0313561E-02   4.7919936E-03   2.4195854E-02
   4.0000000E-01   2.3881199E+04   6.8754935E+03   3.0740777E+04   3.4217900E-02   2.0184286E-03   2.6994482E-02
   4.5000000E-01   2.0343539E+04   4.9514871E+03   2.5280879E+04   2.0807124E-02   2.2183412E-03   1.7159106E-02
   5.0000000E-01   1.7984509E+04   4.0489018E+03   2.2027044E+04   3.0270906E-02   1.7187959E-03   2.4820608E-02
   5.5000000E-01   1.6320616E+04   3.3625099E+03   1.9683126E+04   2.1512421E-02   2.1813289E-03   1.7888641E-02
   6.0000000E-01   1.4127654E+04   2.8011270E+03   1.6918170E+04   2.2140570E-02   2.3972097E-03   1.8727322E-02
   6.5000000E-01   1.2923381E+04   2.0861540E+03   1.4999741E+04   2.0737279E-02   3.7510169E-03   1.8383650E-02
   7.0000000E-01   1.1681973E+04   1.6734005E+03   1.3355373E+04   1.7748085E-02   1.7594537E-04   1.5615674E-02
   7.5000000E-01   1.0190160E+04   1.2223100E+03   1.1408226E+04   1.6318173E-02   2.5436164E-03   1.4663617E-02
   8.0000000E-01   8.8490148E+03   9.6288741E+02   9.8119022E+03   1.4166961E-02   2.0213993E-03   1.2709245E-02
   8.5000000E-01   7.6431821E+03   7.1900586E+02   8.3621880E+03   1.7686977E-02   2.2194454E-03   1.6240692E-02
   9.0000000E-01   5.8250709E+03   5.2344292E+02   6.3485138E+03   1.5947998E-02   3.0005829E-03   1.4424949E-02
   9.5000000E-01   4.0810678E+03   2.7140106E+02   4.3524689E+03   1.2454386E-02   3.6647435E-06   1.1677808E-02
   1.0000000E+00   1.8485552E+03   9.4314040E+01   1.9428692E+03   1.0845388E-02   3.8792649E-05   1.0320381E-02
