   0.0000000E+00   6.9590181E+06   9.1861687E+06   1.6119722E+07   6.1594721E-06   4.2042861E-06   3.6227805E-06
   5.0000000E-02   2.0874762E+05   1.2617804E+05   3.3492566E+05   2.8899798E-04   2.1463572E-04   2.5953181E-04
   1.0000000E-01   1.1949353E+05   5.9046484E+04   1.7850818E+05   5.2226723E-04   5.5499781E-04   3.5985938E-04
   1.5000000E-01   8.8277942E+04   3.7221036E+04   1.2545654E+05   2.5603987E-04   1.2824265E-04   1.6793333E-04
   2.0000000E-01   6.9120992E+04   2.4605354E+04   9.3710430E+04   5.2485551E-04   9.2679424E-05   4.0685308E-04
   2.5000000E-01   6.1013639E+04   1.9009466E+04   7.9946711E+04   4.4705446E-04   1.2202306E-03   3.0269538E-04
   3.0000000E-01   5.1449488E+04   1.4896903E+04   6.6314560E+04   7.3234658E-04   6.0401510E-04   5.7809834E-04
   3.5000000E-01   4.6391392E+04   1.1913884E+04   5.8296182E+04   2.3096246E-04   2.7965877E-04   2.1440968E-04
   4.0000000E-01   4.1865708E+04   9.9233107E+03   5.1789018E+04   1.9067811E-04   6.4356474E-04   2.2429887E-04
   4.5000000E-01   3.4893837E+04   7.9718943E+03   4.2851584E+04   5.8114217E-04   5.3695047E-04   4.0322866E-04
   5.0000000E-01   1.8882142E+04   3.4695778E+03   2.2345354E+04   1.1152449E-03   1.7105280E-03   1.1953784E-03
   5.5000000E-01   1.1736954E+04   1.7883228E+03   1.3525276E+04   1.1002327E-03   1.5782404E-03   9.0919317E-04
   6.0000000E-01   9.0612214E+03   1.1300001E+03   1.0191222E+04   5.2844702E-04   3.3265331E-03   6.8131211E-04
   6.5000000E-01   6.7334784E+03   8.1781155E+02   7.5512899E+03   4.3337912E-03   5.6025080E-03   4.2072974E-03
   7.0000000E-01   5.2111876E+03   6.0024150E+02   5.8114291E+03   3.1411163E-03   7.3754935E-03   2.6791083E-03
   7.5000000E-01   4.0319252E+03   4.2441318E+02   4.4563384E+03   4.8852298E-03   7.6825138E-03   4.9727056E-03
   8.0000000E-01   3.1393313E+03   2.3077467E+02   3.3701059E+03   1.0239505E-02   1.7850152E-02   8.5326684E-03
   8.5000000E-01   2.1607624E+03   2.1719969E+02   2.3779621E+03   4.6252703E-03   1.2406907E-02   4.3007280E-03
   9.0000000E-01   1.5632552E+03   1.1317685E+02   1.6764321E+03   5.6772022E-03   1.2228378E-02   6.1166692E-03
   9.5000000E-01   1.1392143E+03   7.0363238E+01   1.2095776E+03   9.2415443E-03   2.5563848E-02   9.7895853E-03
   1.0000000E+00   3.7096856E+02   3.1438013E+01   4.0240657E+02   9.8540709E-03   6.8364714E-07   9.0841828E-03
