   0.0000000E+00   2.8252676E+07   1.5527411E+07   4.3186248E+07   1.3772294E-03   1.1698366E-08   8.8889564E-04
   5.0000000E-02   9.5429304E+04   2.6165073E+04   1.2159438E+05   1.7329458E-01   4.6016499E-07   1.3600459E-01
   1.0000000E-01   4.0425356E+04   1.0790705E+04   5.1184230E+04   1.8929939E-01   6.4448159E-06   1.4946585E-01
   1.5000000E-01   2.3724697E+04   6.1539911E+03   2.9857467E+04   1.9285423E-01   8.0202824E-06   1.5324002E-01
   2.0000000E-01   1.5788170E+04   4.2176060E+03   1.9989861E+04   2.0663542E-01   1.7153432E-06   1.6320286E-01
   2.5000000E-01   1.1115381E+04   2.9793805E+03   1.4094762E+04   2.2160190E-01   6.8845309E-05   1.7474468E-01
   3.0000000E-01   8.0426298E+03   2.2812209E+03   1.0323851E+04   2.2337931E-01   1.6989251E-05   1.7402380E-01
   3.5000000E-01   5.8478073E+03   1.7552517E+03   7.6030590E+03   2.3291282E-01   1.9323933E-06   1.7914268E-01
   4.0000000E-01   4.0425356E+03   1.2095776E+03   5.2521131E+03   2.3948249E-01   1.5818914E-06   1.8432931E-01
   4.5000000E-01   3.4448203E+03   9.5492966E+02   4.3997500E+03   2.6001627E-01   3.0770538E-06   2.0358164E-01
   5.0000000E-01   2.6101411E+03   7.7030992E+02   3.3804510E+03   2.6597807E-01   7.9109923E-05   2.0535110E-01
   5.5000000E-01   1.8693471E+03   4.9772091E+02   2.3670681E+03   2.7023422E-01   1.6255347E-03   2.1307055E-01
   6.0000000E-01   1.3581222E+03   4.0849769E+02   1.7666199E+03   2.7291752E-01   3.0602059E-06   2.0981115E-01
   6.5000000E-01   1.2340629E+03   3.3300111E+02   1.5670641E+03   2.5454626E-01   7.7766840E-05   2.0047171E-01
   7.0000000E-01   8.3215299E+02   2.0462778E+02   1.0367808E+03   2.4194679E-01   6.7407709E-08   1.9419414E-01
   7.5000000E-01   6.5359630E+02   1.5278875E+02   8.0638504E+02   2.5251936E-01   2.5516246E-06   2.0467310E-01
   8.0000000E-01   5.6897892E+02   1.0742959E+02   6.7640851E+02   2.5858054E-01   3.4944273E-05   2.1750632E-01
   8.5000000E-01   3.8571669E+02   1.0485502E+02   4.9057171E+02   2.3051318E-01   1.3714626E-05   1.8124610E-01
   9.0000000E-01   2.8294212E+02   8.1345860E+01   3.6428798E+02   2.8513703E-01   2.4222404E-05   2.2146920E-01
   9.5000000E-01   1.7088215E+02   3.0155673E+01   2.0103782E+02   2.3555997E-01   3.1913948E-04   2.0027374E-01
   1.0000000E+00   6.2876027E+01   6.2876027E+00   6.9163630E+01   2.1832691E-01   1.4960727E-06   1.9847887E-01
