   0.0000000E+00   1.1909373E+07   9.3053439E+06   2.1157167E+07   1.1113860E-04   2.6039264E-05   5.4652700E-05
   5.0000000E-02   1.2401353E+05   7.5821415E+04   1.9977128E+05   2.2674767E-03   1.7791384E-03   2.0214146E-03
   1.0000000E-01   6.3375498E+04   3.1353524E+04   9.4697191E+04   9.4713755E-04   3.9233316E-03   8.4510083E-04
   1.5000000E-01   4.6409581E+04   2.2578781E+04   6.8967142E+04   1.0119181E-03   2.2038121E-03   1.1707143E-03
   2.0000000E-01   3.6239581E+04   1.5788170E+04   5.2027751E+04   2.4122658E-04   4.1794286E-03   1.2432239E-03
   2.5000000E-01   3.0799665E+04   1.1662874E+04   4.2424342E+04   1.8897557E-03   5.6751128E-03   1.7263743E-03
   3.0000000E-01   2.7173054E+04   1.0323851E+04   3.7475684E+04   1.8845773E-03   8.6566564E-04   1.5314007E-03
   3.5000000E-01   2.3827769E+04   8.5216104E+03   3.2340284E+04   3.6442560E-03   2.0195782E-03   2.8692573E-03
   4.0000000E-01   2.0499157E+04   7.5121133E+03   2.8003312E+04   1.6906089E-03   2.4949675E-03   1.9060934E-03
   4.5000000E-01   1.8652959E+04   6.2035060E+03   2.4849392E+04   4.2193827E-03   1.6538204E-03   2.7563198E-03
   5.0000000E-01   1.7010480E+04   5.2584793E+03   2.2256227E+04   1.8586126E-03   3.6617189E-03   8.7194136E-04
   5.5000000E-01   1.5464073E+04   4.6704741E+03   2.0134547E+04   1.1939622E-03   9.4650475E-03   2.0212047E-03
   6.0000000E-01   1.3639579E+04   4.2123008E+03   1.7841269E+04   5.4401626E-03   2.8696341E-03   4.1005197E-03
   6.5000000E-01   1.3393501E+04   3.8539982E+03   1.7247499E+04   5.3729096E-03   2.0180793E-03   4.5681882E-03
   7.0000000E-01   1.1972999E+04   3.3513484E+03   1.5324347E+04   2.0705968E-03   2.7481658E-03   2.1704573E-03
   7.5000000E-01   1.0852245E+04   3.0006012E+03   1.3848602E+04   3.4527093E-03   5.2156065E-03   3.5970552E-03
   8.0000000E-01   1.0313240E+04   2.7812326E+03   1.3086515E+04   2.8813550E-03   1.9012057E-03   1.8898669E-03
   8.5000000E-01   6.4373493E+03   1.7301079E+03   8.1674572E+03   4.0131764E-03   2.7228803E-03   3.3894068E-03
   9.0000000E-01   3.6994682E+03   7.0381853E+02   4.4032868E+03   7.2657737E-03   1.6181099E-02   8.0489535E-03
   9.5000000E-01   2.1477541E+03   4.9254267E+02   2.6402967E+03   1.0454519E-02   1.8067523E-02   1.1618258E-02
   1.0000000E+00   7.2307431E+02   1.1946445E+02   8.4253876E+02   1.3777461E-03   5.4666587E-02   6.8020061E-03
