   0.0000000E+00   2.5105228E+07   1.4760411E+07   3.9536634E+07   1.3321821E-03   2.8545648E-04   9.4949314E-04
   5.0000000E-02   9.3646769E+04   3.0812397E+04   1.2439550E+05   1.3922581E-01   6.2128630E-02   1.2018776E-01
   1.0000000E-01   4.3226483E+04   1.3337184E+04   5.6595498E+04   1.2343629E-01   5.3446365E-02   1.0687210E-01
   1.5000000E-01   2.6971458E+04   8.7216909E+03   3.5650707E+04   1.3514593E-01   4.2077308E-02   1.1247260E-01
   2.0000000E-01   1.9687466E+04   5.7136625E+03   2.5401129E+04   1.3234238E-01   4.7102874E-02   1.1316091E-01
   2.5000000E-01   1.4527663E+04   4.0743665E+03   1.8602030E+04   1.3669826E-01   3.4266653E-02   1.1426159E-01
   3.0000000E-01   1.1565259E+04   3.3528641E+03   1.4918123E+04   1.4223238E-01   3.8525750E-02   1.1888884E-01
   3.5000000E-01   9.6766205E+03   2.5737628E+03   1.2250383E+04   1.4460861E-01   4.3795061E-02   1.2340647E-01
   4.0000000E-01   7.7588035E+03   2.0610565E+03   9.8198600E+03   1.4710653E-01   3.7141743E-02   1.2400766E-01
   4.5000000E-01   6.5147423E+03   1.7188734E+03   8.2336157E+03   1.4623887E-01   4.9121678E-02   1.2593470E-01
   5.0000000E-01   5.8441695E+03   1.4260283E+03   7.2701978E+03   1.4932784E-01   3.2475978E-02   1.2640306E-01
   5.5000000E-01   4.7746483E+03   9.6071711E+02   5.7353654E+03   1.4887134E-01   4.0595861E-02   1.3071922E-01
   6.0000000E-01   4.2547421E+03   9.9206581E+02   5.2468080E+03   1.4764120E-01   2.5122203E-02   1.2440052E-01
   6.5000000E-01   3.7217771E+03   6.9538467E+02   4.4171618E+03   1.4859588E-01   1.6457472E-02   1.2768061E-01
   7.0000000E-01   2.8420526E+03   6.5026162E+02   3.4923142E+03   1.3534197E-01   2.4415386E-02   1.1463877E-01
   7.5000000E-01   2.4743288E+03   5.4324887E+02   3.0175777E+03   1.4696226E-01   3.1656183E-02   1.2618933E-01
   8.0000000E-01   2.1207396E+03   4.2573947E+02   2.5464791E+03   1.5610616E-01   2.1955548E-02   1.3338807E-01
   8.5000000E-01   1.7900250E+03   3.4077882E+02   2.1308038E+03   1.4100998E-01   2.6183797E-02   1.2252578E-01
   9.0000000E-01   1.3793428E+03   2.0513304E+02   1.5844759E+03   1.6237460E-01   2.0888294E-02   1.4405703E-01
   9.5000000E-01   7.7734625E+02   1.5412900E+02   9.3147525E+02   1.5041223E-01   2.7224744E-02   1.3002839E-01
   1.0000000E+00   3.3324294E+02   6.2876027E+01   3.9611897E+02   1.6207362E-01   4.2776387E-02   1.4313715E-01
