   0.0000000E+00   3.0779802E+07   1.6860747E+07   4.7268763E+07   4.7680453E-03   1.7944473E-06   3.0911729E-03
   5.0000000E-02   4.2653525E+03   7.0028175E+02   4.9656342E+03   1.5715254E-01   5.7405742E-03   1.3579879E-01
   1.0000000E-01   3.8197186E+03   0.0000000E+00   3.8197186E+03   3.2338819E-07   0.0000000E+00   3.2338819E-07
   1.5000000E-01   2.6525824E+03   0.0000000E+00   2.6525824E+03   3.7558362E-07   0.0000000E+00   3.7558362E-07
   2.0000000E-01   3.3900003E+03   0.0000000E+00   3.3900003E+03   1.1536691E-06   0.0000000E+00   1.1536691E-06
   2.5000000E-01   3.0939721E+03   0.0000000E+00   3.0939721E+03   2.0673493E-06   0.0000000E+00   2.0673493E-06
   3.0000000E-01   3.3846951E+03   0.0000000E+00   3.3846951E+03   1.7188142E-06   0.0000000E+00   1.7188142E-06
   3.5000000E-01   4.0925557E+03   0.0000000E+00   4.0925557E+03   4.5872510E-06   0.0000000E+00   4.5872510E-06
   4.0000000E-01   4.1698595E+03   0.0000000E+00   4.1698595E+03   1.1117283E-06   0.0000000E+00   1.1117283E-06
   4.5000000E-01   4.7039128E+03   0.0000000E+00   4.7039128E+03   1.7802483E-06   0.0000000E+00   1.7802483E-06
   5.0000000E-01   7.1747048E+03   0.0000000E+00   7.1747048E+03   5.3271794E-06   0.0000000E+00   5.3271794E-06
   5.5000000E-01   1.0475289E+04   0.0000000E+00   1.0475289E+04   8.6792293E-06   0.0000000E+00   8.6792293E-06
   6.0000000E-01   1.0079813E+02   0.0000000E+00   1.0079813E+02   4.8710982E-06   0.0000000E+00   4.8710982E-06
   6.5000000E-01   0.0000000E+00   0.0000000E+00   0.0000000E+00   0.0000000E+00   0.0000000E+00   0.0000000E+00
   7.0000000E-01   0.0000000E+00   0.0000000E+00   0.0000000E+00   0.0000000E+00   0.0000000E+00   0.0000000E+00
   7.5000000E-01   0.0000000E+00   0.0000000E+00   0.0000000E+00   0.0000000E+00   0.0000000E+00   0.0000000E+00
   8.0000000E-01   0.0000000E+00   0.0000000E+00   0.0000000E+00   0.0000000E+00   0.0000000E+00   0.0000000E+00
   8.5000000E-01   0.0000000E+00   0.0000000E+00   0.0000000E+00   0.0000000E+00   0.0000000E+00   0.0000000E+00
   9.0000000E-01   0.0000000E+00   0.0000000E+00   0.0000000E+00   0.0000000E+00   0.0000000E+00   0.0000000E+00
   9.5000000E-01   0.0000000E+00   0.0000000E+00   0.0000000E+00   0.0000000E+00   0.0000000E+00   0.0000000E+00
   1.0000000E+00   0.0000000E+00   0.0000000E+00   0.0000000E+00   0.0000000E+00   0.0000000E+00   0.0000000E+00
