   0.0000000E+00   6.9508693E+06   9.0649563E+06   1.5988833E+07   3.6647396E-05   2.2431083E-05   1.0550053E-05
   5.0000000E-02   1.4756846E+05   1.0720677E+05   2.5471157E+05   2.4175531E-03   3.7133036E-04   1.2446033E-03
   1.0000000E-01   8.4224796E+04   4.7078032E+04   1.3123917E+05   1.1459081E-03   1.0588421E-03   1.0010897E-03
   1.5000000E-01   6.1455029E+04   2.8563007E+04   9.0018036E+04   3.0054694E-04   1.0985866E-03   1.6315373E-04
   2.0000000E-01   4.9178877E+04   1.9973945E+04   6.9136907E+04   8.1129679E-04   1.4326973E-03   9.1871039E-04
   2.5000000E-01   4.2462539E+04   1.5431663E+04   5.7894202E+04   1.9761163E-03   2.0736288E-03   1.9820649E-03
   3.0000000E-01   3.6573806E+04   1.3156809E+04   4.9688173E+04   2.0577836E-03   1.1799406E-03   1.2264120E-03
   3.5000000E-01   3.3095134E+04   9.5856749E+03   4.2662619E+04   3.7791370E-03   4.4956751E-03   3.9244963E-03
   4.0000000E-01   3.0740777E+04   7.7747190E+03   3.8507538E+04   1.1128079E-03   2.5434733E-03   1.4017440E-03
   4.5000000E-01   2.7678813E+04   6.9745233E+03   3.4625042E+04   1.7841789E-03   2.4026174E-03   1.1680364E-03
   5.0000000E-01   2.4573523E+04   6.2197752E+03   3.0780566E+04   2.2539728E-03   2.4854999E-03   1.7020667E-03
   5.5000000E-01   2.2142793E+04   5.0987456E+03   2.7235751E+04   1.0596301E-03   2.9881219E-03   1.4115043E-03
   6.0000000E-01   2.0743194E+04   4.0690614E+03   2.4812256E+04   2.4918587E-03   6.3688662E-04   2.1632761E-03
   6.5000000E-01   1.8550121E+04   3.8637923E+03   2.2399222E+04   1.6991539E-03   2.4327276E-03   1.1514932E-03
   7.0000000E-01   1.1895695E+04   1.7961772E+03   1.3687325E+04   1.6351096E-03   2.2906702E-03   1.6370610E-03
   7.5000000E-01   7.3381039E+03   9.9737098E+02   8.3354749E+03   6.3365220E-03   1.0046996E-03   5.6787037E-03
   8.0000000E-01   5.4112681E+03   6.9232400E+02   6.1035921E+03   1.3833515E-02   7.2486735E-03   1.1566191E-02
   8.5000000E-01   4.1305389E+03   4.9806135E+02   4.6286002E+03   8.8204958E-03   1.1671518E-02   6.7684078E-03
   9.0000000E-01   2.6525824E+03   3.4306732E+02   2.9956497E+03   1.2129394E-02   3.7885382E-02   1.5055483E-02
   9.5000000E-01   1.8327948E+03   1.9433656E+02   2.0271314E+03   2.0153041E-02   2.0369512E-02   1.9971119E-02
   1.0000000E+00   6.0360986E+02   5.0300822E+01   6.5391068E+02   1.5860140E-02   4.8471367E-02   1.4023105E-02
