   0.0000000E+00   2.0468599E+07   9.9200639E+06   3.0257265E+07   5.2500220E-03   1.1347560E-05   3.5884992E-03
   5.0000000E-02   9.1654149E+05   4.8268511E+05   1.3975077E+06   7.4499168E-03   3.2960185E-05   4.8199147E-03
   1.0000000E-01   1.7195100E+05   8.9190430E+04   2.6088678E+05   1.0439314E-02   3.3278164E-05   6.9196882E-03
   1.5000000E-01   6.3768081E+04   3.4250144E+04   9.7997004E+04   6.0474232E-03   4.9252447E-05   3.9062699E-03
   2.0000000E-01   2.7613383E+04   1.5310706E+04   4.2924088E+04   1.6035391E-02   4.3122718E-06   1.0267475E-02
   2.5000000E-01   1.1115381E+04   5.9078315E+03   1.7023213E+04   3.1623075E-03   5.7718590E-04   1.8723675E-03
   3.0000000E-01   4.4351177E+03   2.5464791E+03   6.9815968E+03   1.6319122E-02   2.3836580E-03   1.1219112E-02
   3.5000000E-01   1.9462376E+03   1.0367808E+03   2.9830184E+03   3.4200332E-02   2.6196441E-03   2.3100763E-02
   4.0000000E-01   6.6049301E+02   3.8197186E+02   1.0424649E+03   3.0281314E-02   2.0129873E-03   1.9797264E-02
   4.5000000E-01   1.9805948E+02   1.7683883E+02   3.7489831E+02   1.0164769E-01   1.3043347E-05   5.3706781E-02
   5.0000000E-01   6.3661977E+01   3.1830989E+01   9.5492966E+01   1.9419649E-02   6.5669722E-02   2.9889559E-02
   5.5000000E-01   2.3149810E+01   1.7362357E+01   4.0512167E+01   6.6446388E-02   5.8122073E-06   3.7967106E-02
   6.0000000E-01   2.1220659E+01   5.3051648E+00   2.6525824E+01   1.6154621E-01   1.7599715E-06   1.2923703E-01
   6.5000000E-01   1.4691226E+01   0.0000000E+00   1.4691226E+01   1.0902920E-02   0.0000000E+00   1.0902920E-02
   7.0000000E-01   4.5472841E+00   0.0000000E+00   4.5472841E+00   8.3294652E-07   0.0000000E+00   8.3294652E-07
   7.5000000E-01   8.4882636E+00   4.2441318E+00   1.2732395E+01   1.4649571E-01   5.1341132E-01   8.2890543E-02
   8.0000000E-01   3.9788736E+00   3.9788736E+00   7.9577472E+00   2.4663454E-05   6.3860595E-01   3.1929978E-01
   8.5000000E-01   3.7448222E+00   3.7448222E+00   7.4896444E+00   2.9854089E-01   5.9737178E-01   1.4941545E-01
   9.0000000E-01   0.0000000E+00   0.0000000E+00   0.0000000E+00   0.0000000E+00   0.0000000E+00   0.0000000E+00
   9.5000000E-01   3.3506304E+00   0.0000000E+00   3.3506304E+00   2.8298910E-01   0.0000000E+00   2.8298910E-01
   1.0000000E+00   1.2575205E+01   0.0000000E+00   1.2575205E+01   6.2016882E-06   0.0000000E+00   6.2016882E-06
