   0.0000000E+00   9.8115839E+06   9.1270904E+06   1.8901496E+07   8.9913271E-06   6.6945146E-06   6.4326230E-06
   5.0000000E-02   1.8302818E+05   9.9376346E+04   2.8240453E+05   3.6306049E-04   6.7033750E-04   4.6026179E-04
   1.0000000E-01   9.5970431E+04   4.7555497E+04   1.4355776E+05   7.1500692E-04   5.6578570E-04   6.0037720E-04
   1.5000000E-01   6.8861039E+04   2.9772585E+04   9.8612403E+04   1.9094139E-04   6.1271808E-04   3.1639573E-04
   2.0000000E-01   5.3810286E+04   2.1581410E+04   7.5391697E+04   3.1422145E-04   3.8011580E-04   2.4155766E-04
   2.5000000E-01   4.6931610E+04   1.6704903E+04   6.3611048E+04   6.1359811E-04   4.8728784E-04   4.0961512E-04
   3.0000000E-01   3.9916060E+04   1.3899532E+04   5.3794371E+04   1.0442255E-03   1.7016881E-03   3.5916094E-04
   3.5000000E-01   3.5823504E+04   1.1322737E+04   4.7137147E+04   1.3053231E-03   1.0773199E-03   1.1259657E-03
   4.0000000E-01   3.2061763E+04   9.2071135E+03   4.1260919E+04   8.4876649E-04   2.5996198E-03   1.1550288E-03
   4.5000000E-01   2.8619596E+04   7.9436000E+03   3.6556122E+04   6.7088568E-04   2.3631892E-03   2.8261846E-05
   5.0000000E-01   2.5432960E+04   7.4357189E+03   3.2855946E+04   1.9116115E-03   1.9475890E-03   1.8309914E-03
   5.5000000E-01   1.4925840E+04   3.5882205E+03   1.8514060E+04   2.0842128E-03   2.4351678E-03   1.8925801E-03
   6.0000000E-01   1.0196527E+04   2.2175589E+03   1.2414086E+04   2.5743340E-03   3.2804582E-03   2.4779537E-03
   6.5000000E-01   7.5561870E+03   1.3613869E+03   8.9175739E+03   3.5043272E-03   5.8089184E-03   2.1008963E-03
   7.0000000E-01   6.0387933E+03   1.0868009E+03   7.1255942E+03   5.5065192E-03   6.5735708E-04   4.7417252E-03
   7.5000000E-01   4.6600567E+03   9.2097660E+02   5.5767892E+03   5.8881074E-03   1.1926828E-03   4.8427510E-03
   8.0000000E-01   3.6605637E+03   7.2813386E+02   4.3886976E+03   7.4324992E-03   9.5317320E-03   7.4249693E-03
   8.5000000E-01   2.9733888E+03   4.4188902E+02   3.4152778E+03   1.4228842E-02   1.6896038E-02   1.4366347E-02
   9.0000000E-01   2.2776841E+03   3.4306732E+02   2.6207514E+03   6.1985543E-03   2.5029881E-02   8.6559249E-03
   9.5000000E-01   1.5144849E+03   1.6753152E+02   1.6820165E+03   9.2992739E-03   2.8781379E-02   1.0307621E-02
   1.0000000E+00   5.7217184E+02   1.0688925E+02   6.7906109E+02   4.5612844E-02   3.9548408E-02   4.2821585E-02
