   0.0000000E+00   3.3253961E+07   1.6918807E+07   4.9633424E+07   9.0816371E-06   7.8198742E-10   6.0848842E-06
   5.0000000E-02   1.8461973E+03   3.1830989E+02   2.1645072E+03   1.7994848E-01   5.8433089E-06   1.5348633E-01
   1.0000000E-01   4.7746483E+02   3.5014087E+02   8.2760570E+02   1.9549860E-01   8.9876388E-06   1.1278385E-01
   1.5000000E-01   3.6075120E+02   1.2732395E+02   4.8807516E+02   1.7160202E-01   4.4201740E-02   1.3836716E-01
   2.0000000E-01   3.8197186E+02   3.1830989E+01   4.1380285E+02   1.8525159E-01   3.3926973E-05   1.7100407E-01
   2.5000000E-01   1.6552114E+02   5.0929582E+01   2.1645072E+02   2.5954196E-01   5.9523626E-06   1.9847467E-01
   3.0000000E-01   1.3793428E+02   2.1220659E+01   1.5915494E+02   2.4242460E-01   5.2929410E-06   2.1010062E-01
   3.5000000E-01   1.4551309E+02   3.6378273E+01   1.8189136E+02   1.8046491E-01   1.0041797E-05   1.4437394E-01
   4.0000000E-01   8.7535219E+01   3.9788736E+01   1.2732395E+02   1.8023330E-01   4.8973131E-06   1.2391193E-01
   4.5000000E-01   1.0610330E+02   0.0000000E+00   1.0610330E+02   1.4042065E-01   0.0000000E+00   1.4042065E-01
   5.0000000E-01   7.6394373E+01   0.0000000E+00   7.6394373E+01   1.2144025E-01   0.0000000E+00   1.2144025E-01
   5.5000000E-01   5.2087072E+01   1.1574905E+01   6.3661977E+01   1.8434837E-01   4.4392615E-07   1.5083041E-01
   6.0000000E-01   5.3051648E+01   5.3051648E+00   5.8356812E+01   1.7639550E-01   4.9632469E-06   1.6035999E-01
   6.5000000E-01   3.9176601E+01   4.8970752E+00   4.4073677E+01   9.3523456E-02   2.2308043E-06   8.3131713E-02
   7.0000000E-01   4.5472841E+01   4.5472841E+00   5.0020125E+01   1.7985009E-01   1.4630476E-05   1.6350141E-01
   7.5000000E-01   3.3953055E+01   0.0000000E+00   3.3953055E+01   1.3790141E-01   0.0000000E+00   1.3790141E-01
   8.0000000E-01   2.7852115E+01   0.0000000E+00   2.7852115E+01   2.2272171E-01   0.0000000E+00   2.2272171E-01
   8.5000000E-01   1.8724111E+01   3.7448222E+00   2.2468933E+01   2.4712436E-01   7.0849974E-05   2.0594877E-01
   9.0000000E-01   2.1220659E+01   0.0000000E+00   2.1220659E+01   7.1427055E-02   0.0000000E+00   7.1427055E-02
   9.5000000E-01   2.0103782E+01   0.0000000E+00   2.0103782E+01   6.0106315E-06   0.0000000E+00   6.0106315E-06
   1.0000000E+00   6.2876027E+00   0.0000000E+00   6.2876027E+00   9.0479577E-06   0.0000000E+00   9.0479577E-06
