   0.0000000E+00   1.7255452E+07   1.0926942E+07   2.8018909E+07   1.8082473E-03   9.4305830E-04   1.4793134E-03
   5.0000000E-02   2.0066255E+05   9.4219726E+04   2.9488228E+05   3.4026188E-02   1.6706505E-02   2.8457658E-02
   1.0000000E-01   7.7699443E+04   3.6160003E+04   1.1379578E+05   2.1153982E-02   1.2496273E-02   1.8366449E-02
   1.5000000E-01   4.7215966E+04   2.0223288E+04   6.7418034E+04   2.6446163E-02   5.5247517E-03   2.0013615E-02
   2.0000000E-01   3.5109580E+04   1.3735072E+04   4.8812821E+04   2.1197133E-02   4.7819502E-03   1.6494860E-02
   2.5000000E-01   2.6776228E+04   1.0160452E+04   3.6936679E+04   2.7862138E-02   1.4204853E-02   2.4051207E-02
   3.0000000E-01   2.1326762E+04   7.7455406E+03   2.9061693E+04   2.4254289E-02   1.6562534E-02   2.2254045E-02
   3.5000000E-01   1.7497949E+04   7.3847894E+03   2.4864549E+04   2.1756195E-02   1.0751360E-02   1.8522764E-02
   4.0000000E-01   1.5501691E+04   5.4033103E+03   2.0897044E+04   2.3383622E-02   1.1164985E-02   2.0168640E-02
   4.5000000E-01   1.2491895E+04   4.3714558E+03   1.6863350E+04   3.1227374E-02   1.1868313E-02   2.6091576E-02
   5.0000000E-01   1.1121747E+04   3.5459721E+03   1.4667720E+04   2.1949465E-02   6.1797940E-03   1.7955604E-02
   5.5000000E-01   9.7229202E+03   3.2988479E+03   1.3015981E+04   2.1159988E-02   1.4970057E-02   1.9563952E-02
   6.0000000E-01   8.2283106E+03   2.6419721E+03   1.0864977E+04   3.0089618E-02   2.0761937E-02   2.7827697E-02
   6.5000000E-01   7.0175087E+03   2.1694043E+03   9.1869130E+03   2.4274080E-02   1.1556063E-02   2.1255198E-02
   7.0000000E-01   6.3707450E+03   1.9280485E+03   8.2987935E+03   2.6426411E-02   8.7541216E-03   2.2143840E-02
   7.5000000E-01   5.1396436E+03   1.5448640E+03   6.6845076E+03   3.2761078E-02   7.9344132E-03   2.6817927E-02
   8.0000000E-01   4.5080638E+03   1.3448593E+03   5.8529230E+03   3.7627803E-02   1.5204358E-02   3.2393806E-02
   8.5000000E-01   3.6736706E+03   1.1309363E+03   4.8046069E+03   2.1621084E-02   1.8128541E-02   2.0792924E-02
   9.0000000E-01   2.8683258E+03   7.5687017E+02   3.6216591E+03   3.6848096E-02   9.6279343E-03   2.7582166E-02
   9.5000000E-01   1.9065087E+03   4.7578951E+02   2.3822982E+03   2.6528374E-02   9.1060855E-03   2.2957812E-02
   1.0000000E+00   6.6648589E+02   1.4461486E+02   8.1110075E+02   4.4078714E-02   1.0894286E-02   3.8119194E-02
