   0.0000000E+00   2.4149280E+07   1.5213685E+07   3.9011550E+07   3.8305744E-03   1.1089980E-07   2.3493827E-03
   5.0000000E-02   1.8207325E+05   5.5067610E+04   2.3714087E+05   1.8396511E-01   2.6013312E-04   1.4130610E-01
   1.0000000E-01   7.0537471E+04   2.0658312E+04   9.1163951E+04   1.9209296E-01   2.6956998E-06   1.4863008E-01
   1.5000000E-01   3.6690520E+04   1.1671362E+04   4.8361882E+04   2.0941042E-01   7.7369812E-07   1.5887240E-01
   2.0000000E-01   2.2870565E+04   6.6685921E+03   2.9539157E+04   2.1395878E-01   5.5430555E-06   1.6565788E-01
   2.5000000E-01   1.4158424E+04   3.8451834E+03   1.8003607E+04   2.1577922E-01   6.2762858E-06   1.6969447E-01
   3.0000000E-01   9.8569961E+03   2.1963382E+03   1.2053334E+04   2.0369149E-01   2.8765070E-06   1.6657464E-01
   3.5000000E-01   7.2483708E+03   1.6097386E+03   8.8581094E+03   1.7467355E-01   6.6288046E-07   1.4293112E-01
   4.0000000E-01   5.1168314E+03   7.1619724E+02   5.8330287E+03   1.3742368E-01   1.6005087E-06   1.2055020E-01
   4.5000000E-01   4.2016905E+03   4.8100161E+02   4.6826921E+03   1.0148957E-01   9.0316177E-06   9.1063784E-02
   5.0000000E-01   4.0043384E+03   2.8647890E+02   4.2908173E+03   6.6913262E-02   2.2111926E-06   6.2445612E-02
   5.5000000E-01   3.3682973E+03   7.5236882E+01   3.4435342E+03   4.7167342E-02   1.6433832E-05   4.6137154E-02
   6.0000000E-01   2.8329580E+03   7.4272307E+01   2.9072303E+03   2.4719072E-02   1.1078820E-05   2.4087846E-02
   6.5000000E-01   3.1194369E+03   3.9176601E+01   3.1586135E+03   1.8601588E-02   2.2786342E-06   1.8370899E-02
   7.0000000E-01   3.0193966E+03   1.8189136E+01   3.0375858E+03   6.8160603E-03   6.2825906E-06   6.7752831E-03
   7.5000000E-01   2.7968829E+03   1.2732395E+01   2.8096153E+03   3.6573743E-03   5.4975460E-05   3.6405509E-03
   8.0000000E-01   2.6817608E+03   1.1936621E+01   2.6936974E+03   2.9644066E-03   1.1875580E-06   2.9512748E-03
   8.5000000E-01   2.6513341E+03   7.4896444E+00   2.6588238E+03   1.0371160E-03   1.0004756E-04   1.0344764E-03
   9.0000000E-01   2.0159626E+03   0.0000000E+00   2.0159626E+03   4.7462140E-06   0.0000000E+00   4.7462140E-06
   9.5000000E-01   1.5781469E+03   0.0000000E+00   1.5781469E+03   4.1844748E-06   0.0000000E+00   4.1844748E-06
   1.0000000E+00   7.2307431E+02   0.0000000E+00   7.2307431E+02   2.9266977E-06   0.0000000E+00   2.9266977E-06
