   0.0000000E+00   2.7219315E+07   1.4669247E+07   4.1480616E+07   7.3726893E-04   4.9084082E-04   6.5579479E-04
   5.0000000E-02   6.5380851E+04   2.7565636E+04   9.2946487E+04   1.1236406E-01   9.1691024E-02   1.0623270E-01
   1.0000000E-01   3.1258031E+04   1.2318593E+04   4.3576623E+04   1.3103059E-01   8.1473826E-02   1.1699291E-01
   1.5000000E-01   2.1390424E+04   7.2999067E+03   2.8690331E+04   1.2224307E-01   8.6463161E-02   1.1309054E-01
   2.0000000E-01   1.4530846E+04   5.3476061E+03   1.9878452E+04   1.3306185E-01   8.0920225E-02   1.1903489E-01
   2.5000000E-01   1.1026254E+04   3.9343102E+03   1.4947832E+04   1.1969821E-01   8.5614307E-02   1.1112878E-01
   3.0000000E-01   8.9232871E+03   3.0345542E+03   1.1957841E+04   1.1840325E-01   9.1691653E-02   1.1156373E-01
   3.5000000E-01   7.5121133E+03   2.6465193E+03   1.0158633E+04   1.3043116E-01   8.8818814E-02   1.1959012E-01
   4.0000000E-01   5.8171132E+03   1.9257748E+03   7.7428880E+03   1.2996990E-01   9.9127198E-02   1.2229884E-01
   4.5000000E-01   5.3759003E+03   1.7400940E+03   7.1018472E+03   1.2536657E-01   8.6283076E-02   1.1603676E-01
   5.0000000E-01   4.2462539E+03   1.4132959E+03   5.6595498E+03   1.4031644E-01   8.6477466E-02   1.2685150E-01
   5.5000000E-01   3.5477084E+03   1.1690654E+03   4.7109863E+03   1.3037725E-01   9.4225230E-02   1.2187995E-01
   6.0000000E-01   3.2573712E+03   9.1248834E+02   4.1698595E+03   1.4335532E-01   7.8068373E-02   1.2906285E-01
   6.5000000E-01   2.9039656E+03   8.1781155E+02   3.7217771E+03   1.3545458E-01   7.9272435E-02   1.2299109E-01
   7.0000000E-01   2.3964187E+03   6.6845076E+02   3.0648695E+03   1.3857342E-01   8.8427432E-02   1.2761288E-01
   7.5000000E-01   1.9692772E+03   5.9417845E+02   2.5634556E+03   1.3918435E-01   8.5121813E-02   1.2657324E-01
   8.0000000E-01   1.6353170E+03   4.4563384E+02   2.0809509E+03   1.6051131E-01   1.0883685E-01   1.4935163E-01
   8.5000000E-01   1.2582603E+03   3.7073740E+02   1.6289977E+03   1.5592575E-01   1.1604697E-01   1.4682390E-01
   9.0000000E-01   1.0610330E+03   2.9355245E+02   1.3545854E+03   1.7541275E-01   9.3427581E-02   1.5764060E-01
   9.5000000E-01   6.4667166E+02   1.8763530E+02   8.3430696E+02   1.9409251E-01   6.7809799E-02   1.6569132E-01
   1.0000000E+00   3.2066774E+02   7.5451232E+01   3.9611897E+02   1.9336901E-01   1.6123275E-01   1.8688777E-01
