   0.0000000E+00   4.5327328E+05   9.8161676E+06   1.0263839E+07   5.5676912E-04   5.3674111E-06   2.3980205E-05
   5.0000000E-02   9.6702543E+04   2.3395777E+05   3.3066031E+05   3.7843253E-04   9.9648762E-05   7.0266265E-05
   1.0000000E-01   7.8240570E+04   8.7185078E+04   1.6533015E+05   6.9115805E-04   5.1301256E-05   3.4506076E-04
   1.5000000E-01   7.0006954E+04   4.5772962E+04   1.1577992E+05   8.5387019E-04   6.5586351E-05   5.2786207E-04
   2.0000000E-01   6.6797330E+04   2.5480706E+04   9.2214374E+04   3.2000775E-04   1.7623134E-04   1.9662418E-04
   2.5000000E-01   6.2426935E+04   1.4413072E+04   7.6789077E+04   9.2340593E-05   3.6678886E-04   8.0576393E-05
   3.0000000E-01   5.8505357E+04   9.0930524E+03   6.7598409E+04   3.5867853E-04   8.4626531E-05   3.2129599E-04
   3.5000000E-01   5.6613687E+04   5.7568617E+03   6.2361454E+04   4.7038607E-04   6.3136039E-05   4.2177345E-04
   4.0000000E-01   5.2823526E+04   3.0398594E+03   5.5863385E+04   1.5993107E-04   1.4290346E-04   1.5710447E-04
   4.5000000E-01   4.9316812E+04   1.8320502E+03   5.1141788E+04   2.3455122E-04   4.3091276E-06   2.2628093E-04
   5.0000000E-01   4.6212229E+04   1.2477748E+03   4.7453638E+04   1.5666110E-04   2.4120661E-04   1.5284253E-04
   5.5000000E-01   4.2306278E+04   7.4079392E+02   4.3029709E+04   1.3412709E-04   9.5610879E-04   1.1905271E-04
   6.0000000E-01   2.3363946E+04   2.5995307E+02   2.3618594E+04   4.1800845E-04   6.8911284E-06   4.1344632E-04
   6.5000000E-01   9.7109001E+03   2.4485376E+01   9.7353854E+03   7.9352602E-04   1.1080779E-06   7.9152745E-04
   7.0000000E-01   5.9523949E+03   4.5472841E+00   5.9569422E+03   8.1882373E-04   5.6940098E-06   8.1819546E-04
   7.5000000E-01   3.2892022E+03   4.2441318E+00   3.2934463E+03   1.7811545E-03   2.2436735E-05   1.7788305E-03
   8.0000000E-01   2.2202115E+03   0.0000000E+00   2.2202115E+03   3.5605347E-04   0.0000000E+00   3.5605347E-04
   8.5000000E-01   1.1459156E+03   0.0000000E+00   1.1459156E+03   6.0773632E-04   0.0000000E+00   6.0773632E-04
   9.0000000E-01   7.5687017E+02   0.0000000E+00   7.5687017E+02   2.4324008E-03   0.0000000E+00   2.4324008E-03
   9.5000000E-01   2.6134917E+02   0.0000000E+00   2.6134917E+02   7.0850575E-03   0.0000000E+00   7.0850575E-03
   1.0000000E+00   1.2575205E+02   0.0000000E+00   1.2575205E+02   1.2585167E-05   0.0000000E+00   1.2585167E-05
