   0.0000000E+00   8.0387252E+06   9.3134926E+06   1.7322679E+07   6.4319985E-03   2.4278132E-04   3.0629027E-03
   5.0000000E-02   3.4638482E+05   1.6552114E+05   5.1165131E+05   1.1981749E-02   6.3032155E-04   8.2765190E-03
   1.0000000E-01   1.1713804E+05   5.7104794E+04   1.7417917E+05   1.1221649E-02   1.7756799E-03   8.1280467E-03
   1.5000000E-01   7.2447330E+04   3.3189111E+04   1.0561522E+05   5.6391307E-03   1.3703611E-03   4.2915934E-03
   2.0000000E-01   5.1104652E+04   2.2329439E+04   7.3434091E+04   1.2160366E-02   1.0764608E-03   8.7790898E-03
   2.5000000E-01   3.9457693E+04   1.5851832E+04   5.5309526E+04   8.1314878E-03   3.8417944E-04   5.7139800E-03
   3.0000000E-01   2.9570988E+04   1.1151456E+04   4.0722445E+04   1.4704679E-02   6.3181493E-04   1.0703878E-02
   3.5000000E-01   2.5446602E+04   8.6489343E+03   3.4077347E+04   7.1666031E-03   3.0762332E-04   5.4440206E-03
   4.0000000E-01   2.1629157E+04   6.9709865E+03   2.8600143E+04   1.0981309E-02   4.5331532E-04   8.3426648E-03
   4.5000000E-01   1.9169329E+04   4.6897657E+03   2.3852021E+04   8.4869450E-03   6.3627787E-04   6.8925909E-03
   5.0000000E-01   1.6437523E+04   3.9279440E+03   2.0359100E+04   9.4730145E-03   3.2534268E-04   7.6147026E-03
   5.5000000E-01   1.3941973E+04   2.6969529E+03   1.6638926E+04   4.4224345E-03   1.1348330E-03   3.8862808E-03
   6.0000000E-01   1.3931363E+04   2.2918312E+03   1.6223194E+04   7.4316060E-03   4.7178708E-06   6.3824169E-03
   6.5000000E-01   1.1454259E+04   1.5817553E+03   1.3036014E+04   6.5023021E-03   4.0521239E-04   5.7506229E-03
   7.0000000E-01   1.0599719E+04   1.3005232E+03   1.1904790E+04   3.0940680E-03   9.5155511E-06   2.7545061E-03
   7.5000000E-01   9.0060477E+03   9.2097660E+02   9.9270243E+03   3.4336764E-03   1.1747590E-05   3.1158235E-03
   8.0000000E-01   8.0214091E+03   7.0028175E+02   8.7216909E+03   3.2035058E-03   1.1000140E-05   2.9456011E-03
   8.5000000E-01   6.8942177E+03   5.6921297E+02   7.4596858E+03   4.4810751E-03   6.2102926E-06   4.0137961E-03
   9.0000000E-01   5.4041945E+03   3.1123633E+02   5.7154308E+03   3.6801454E-03   7.2975149E-06   3.4799905E-03
   9.5000000E-01   3.4008898E+03   1.8763530E+02   3.5885251E+03   4.0353395E-03   3.6585943E-06   3.8244839E-03
   1.0000000E+00   1.3581222E+03   6.2876027E+01   1.4209982E+03   8.1578273E-03   2.7058365E-06   7.7968468E-03
