   0.0000000E+00   7.6139725E+05   9.7438476E+06   1.0505245E+07   1.1795548E-03   6.8396538E-05   7.6547391E-05
   5.0000000E-02   8.9254092E+04   1.7067776E+05   2.5993185E+05   1.8953738E-03   4.3402279E-04   6.7076456E-04
   1.0000000E-01   6.3948456E+04   6.7354372E+04   1.3130283E+05   6.4290775E-04   8.7107500E-04   4.1104289E-04
   1.5000000E-01   5.4346108E+04   3.9831177E+04   9.4156064E+04   1.5519940E-03   8.5764817E-04   1.1824215E-03
   2.0000000E-01   4.8526342E+04   2.4939580E+04   7.3465922E+04   1.7959373E-03   8.8643035E-04   1.0194160E-03
   2.5000000E-01   4.4461525E+04   1.6844959E+04   6.1306484E+04   1.0180887E-03   4.5057962E-04   6.9055915E-04
   3.0000000E-01   4.0032773E+04   1.0949860E+04   5.0993244E+04   4.1580485E-04   3.2013805E-04   3.7626501E-04
   3.5000000E-01   3.8160808E+04   7.7940449E+03   4.5954853E+04   1.6688207E-03   5.1599973E-05   1.3883743E-03
   4.0000000E-01   3.5722327E+04   5.1486624E+03   4.0863032E+04   2.0115214E-03   7.2214112E-04   1.6796986E-03
   4.5000000E-01   3.3882319E+04   3.8055715E+03   3.7687891E+04   1.0283800E-03   2.3411153E-03   7.2213207E-04
   5.0000000E-01   3.1270763E+04   2.7692960E+03   3.4033693E+04   1.7656826E-03   2.0853963E-04   1.6188888E-03
   5.5000000E-01   2.9012499E+04   2.1182076E+03   3.1130707E+04   9.1655946E-04   1.4577416E-03   8.1652745E-04
   6.0000000E-01   2.7597467E+04   1.4164790E+03   2.9008641E+04   8.9714016E-04   1.5782764E-03   8.4249274E-04
   6.5000000E-01   2.5680262E+04   1.1361214E+03   2.6816384E+04   4.7460525E-04   5.7996823E-04   4.7147882E-04
   7.0000000E-01   2.5846763E+04   8.1396385E+02   2.6660727E+04   1.0157871E-03   2.9822063E-03   1.0604452E-03
   7.5000000E-01   2.0702875E+04   5.2202821E+02   2.1216415E+04   7.3899742E-04   8.7614474E-03   5.0843810E-04
   8.0000000E-01   7.6115852E+03   7.9577472E+01   7.6911626E+03   1.0742872E-03   3.7102644E-02   1.3706905E-03
   8.5000000E-01   4.3177800E+03   2.9958578E+01   4.3477386E+03   2.1719520E-03   1.9256131E-05   2.1570919E-03
   9.0000000E-01   2.7516121E+03   7.0735530E+00   2.7586857E+03   7.5227999E-04   3.9083216E-01   1.2497435E-03
   9.5000000E-01   1.4608748E+03   6.7012608E+00   1.4675761E+03   8.2560704E-04   2.9462446E-06   8.2184734E-04
   1.0000000E+00   5.0929582E+02   0.0000000E+00   5.0929582E+02   3.6429464E-03   0.0000000E+00   3.6429464E-03
