   0.0000000E+00   1.3166315E+07   9.4851253E+06   2.2570463E+07   1.7865482E-03   8.4805543E-05   1.0369206E-03
   5.0000000E-02   3.4905862E+05   1.7271494E+05   5.2151892E+05   8.9991228E-03   8.6819926E-04   6.2956670E-03
   1.0000000E-01   1.0644283E+05   5.1056906E+04   1.5740424E+05   4.8068959E-03   3.1565437E-04   3.2268152E-03
   1.5000000E-01   6.5635499E+04   3.1533899E+04   9.7148177E+04   2.0532925E-03   3.1605344E-04   1.5426632E-03
   2.0000000E-01   4.5470567E+04   2.0228593E+04   6.5683245E+04   6.6258003E-03   1.4825772E-03   4.6151292E-03
   2.5000000E-01   3.3588059E+04   1.4756846E+04   4.8344906E+04   4.9070535E-03   4.1958769E-04   3.5115589E-03
   3.0000000E-01   2.5613336E+04   1.1045353E+04   3.6648078E+04   1.0186998E-02   3.4976852E-04   7.1828121E-03
   3.5000000E-01   2.2145274E+04   8.2305842E+03   3.0375858E+04   5.6084012E-03   1.7129004E-04   4.1297127E-03
   4.0000000E-01   1.7538875E+04   6.2627470E+03   2.3777748E+04   8.3288329E-03   5.5337364E-04   6.1211617E-03
   4.5000000E-01   1.4514931E+04   4.8736780E+03   1.9374462E+04   8.0993304E-03   6.7133812E-04   5.9259834E-03
   5.0000000E-01   1.2592339E+04   3.5014087E+03   1.6100114E+04   3.6067042E-03   1.1519160E-04   2.8246536E-03
   5.5000000E-01   1.0382690E+04   2.9863255E+03   1.3363228E+04   5.3647520E-03   3.4941175E-05   4.2904690E-03
   6.0000000E-01   8.9392026E+03   2.4032396E+03   1.1342442E+04   4.6602902E-04   1.1277294E-04   3.6794710E-04
   6.5000000E-01   7.8647027E+03   1.9343447E+03   9.7990474E+03   6.3096643E-03   1.0242083E-04   5.0693349E-03
   7.0000000E-01   7.0892159E+03   1.3187124E+03   8.4079283E+03   4.5195212E-03   7.3534077E-06   3.8103933E-03
   7.5000000E-01   5.8569019E+03   1.1586480E+03   7.0155499E+03   3.1883836E-03   1.7737171E-03   2.9523079E-03
   8.0000000E-01   5.1407047E+03   8.1169021E+02   5.9523949E+03   4.8334465E-03   5.9611582E-06   4.1749777E-03
   8.5000000E-01   4.3402489E+03   6.2913013E+02   4.9693790E+03   2.7973741E-03   1.1445830E-04   2.4577100E-03
   9.0000000E-01   3.3068860E+03   3.7136153E+02   3.6782476E+03   6.0894086E-03   7.2786728E-03   5.3240116E-03
   9.5000000E-01   2.1444034E+03   2.2784287E+02   2.3722463E+03   6.5386839E-03   2.8234280E-05   5.9092021E-03
   1.0000000E+00   7.6079993E+02   1.0688925E+02   8.6768917E+02   1.2040686E-02   2.0797919E-04   1.0575307E-02
