   0.0000000E+00   1.3345078E+07   1.1996463E+07   2.5245794E+07   3.2916744E-03   7.2013160E-04   2.0807232E-03
   5.0000000E-02   2.1282199E+05   9.4347050E+04   3.0697805E+05   5.7627785E-02   2.8550343E-02   4.8696671E-02
   1.0000000E-01   1.0968959E+05   4.1825919E+04   1.5145184E+05   5.3820511E-02   2.6049850E-02   4.6157289E-02
   1.5000000E-01   7.3041509E+04   2.5401129E+04   9.8400196E+04   5.6861897E-02   2.4215144E-02   4.8456759E-02
   2.0000000E-01   5.6690991E+04   1.6297466E+04   7.2972541E+04   4.2867402E-02   2.0858823E-02   3.7961396E-02
   2.5000000E-01   4.3901300E+04   1.1408226E+04   5.5284061E+04   4.3957629E-02   2.4504367E-02   3.9963190E-02
   3.0000000E-01   3.6541975E+04   9.1885454E+03   4.5709300E+04   3.6025438E-02   1.9285515E-02   3.2674429E-02
   3.5000000E-01   3.0184872E+04   6.9482501E+03   3.7124027E+04   3.8664103E-02   1.9241113E-02   3.5000226E-02
   4.0000000E-01   2.5830847E+04   5.1804934E+03   3.1003383E+04   3.5654860E-02   2.0644386E-02   3.3148420E-02
   4.5000000E-01   2.1758249E+04   3.8621600E+03   2.5620409E+04   2.9833133E-02   1.6696280E-02   2.7851859E-02
   5.0000000E-01   1.5062424E+04   2.1008452E+03   1.7163269E+04   3.1803772E-02   1.7908840E-02   3.0047839E-02
   5.5000000E-01   9.8097319E+03   1.2327274E+03   1.1042459E+04   3.9917200E-02   1.3507074E-02   3.6934604E-02
   6.0000000E-01   7.2999067E+03   7.5333340E+02   8.0532401E+03   4.7287916E-02   2.2916848E-02   4.5006396E-02
   6.5000000E-01   5.5973569E+03   6.4151685E+02   6.2388738E+03   4.7635281E-02   1.8893784E-02   4.4670191E-02
   7.0000000E-01   4.2608052E+03   3.9561372E+02   4.6564189E+03   5.2885522E-02   9.4094138E-03   4.8722658E-02
   7.5000000E-01   3.2679815E+03   2.6313617E+02   3.5311177E+03   4.8089208E-02   2.9555362E-02   4.6683885E-02
   8.0000000E-01   2.3077467E+03   2.3475354E+02   2.5425002E+03   6.3182698E-02   2.2333755E-02   5.9334222E-02
   8.5000000E-01   1.6776803E+03   1.0111020E+02   1.7787905E+03   5.7795701E-02   1.8643397E-02   5.5367013E-02
   9.0000000E-01   1.2449453E+03   7.4272307E+01   1.3192176E+03   7.6923992E-02   5.0777344E-02   7.5447348E-02
   9.5000000E-01   6.9022986E+02   4.3558195E+01   7.3378805E+02   7.6781067E-02   4.8832198E-02   7.4967004E-02
   1.0000000E+00   3.1438013E+02   2.5150411E+01   3.3953055E+02   6.4076358E-02   9.3026531E-05   5.9336328E-02
