   0.0000000E+00   2.9884969E+07   1.5401615E+07   4.4946375E+07   4.5351393E-04   3.4146665E-04   4.1303664E-04
   5.0000000E-02   4.0552679E+04   1.7761692E+04   5.8314371E+04   1.2386926E-01   8.6811351E-02   1.1257046E-01
   1.0000000E-01   1.7507044E+04   8.2442261E+03   2.5751270E+04   1.1909525E-01   9.6141878E-02   1.1173404E-01
   1.5000000E-01   1.2286762E+04   5.0080755E+03   1.7294837E+04   1.1926047E-01   9.4949748E-02   1.1222063E-01
   2.0000000E-01   9.1991557E+03   3.3900003E+03   1.2589156E+04   1.3004159E-01   7.9445779E-02   1.1639289E-01
   2.5000000E-01   6.6463104E+03   2.2281692E+03   8.8744796E+03   1.2987339E-01   1.0411247E-01   1.2340291E-01
   3.0000000E-01   5.1141788E+03   1.8992490E+03   7.0134278E+03   1.3747099E-01   1.0983267E-01   1.2998648E-01
   3.5000000E-01   4.3562982E+03   1.6097386E+03   5.9660367E+03   1.4076629E-01   1.0503147E-01   1.3109304E-01
   4.0000000E-01   3.7401412E+03   1.3209860E+03   5.0611272E+03   1.3156925E-01   1.2272378E-01   1.2924015E-01
   4.5000000E-01   3.0204071E+03   1.1954305E+03   4.2158376E+03   1.4809932E-01   1.1229335E-01   1.3794597E-01
   5.0000000E-01   2.8584228E+03   9.3583107E+02   3.7942538E+03   1.3470287E-01   1.0266715E-01   1.2680053E-01
   5.5000000E-01   2.1876570E+03   7.1764411E+02   2.9053011E+03   1.6368428E-01   1.0901014E-01   1.5017546E-01
   6.0000000E-01   1.9576058E+03   5.9417845E+02   2.5517843E+03   1.5388399E-01   1.1560415E-01   1.4490694E-01
   6.5000000E-01   1.4250489E+03   5.9254610E+02   2.0175950E+03   1.5682439E-01   1.0052685E-01   1.4023821E-01
   7.0000000E-01   1.3869216E+03   4.8655940E+02   1.8734810E+03   1.6326552E-01   1.6028025E-01   1.6242522E-01
   7.5000000E-01   1.2520189E+03   3.5650707E+02   1.6085260E+03   1.8944482E-01   1.3017843E-01   1.7630884E-01
   8.0000000E-01   9.1911980E+02   3.4616200E+02   1.2652818E+03   1.9069814E-01   1.4752001E-01   1.7886353E-01
   8.5000000E-01   7.9015748E+02   2.8460649E+02   1.0747640E+03   1.8997263E-01   1.1941644E-01   1.7105767E-01
   9.0000000E-01   6.4369333E+02   2.5464791E+02   8.9834123E+02   2.0167443E-01   1.4577868E-01   1.8578732E-01
   9.5000000E-01   3.7527060E+02   1.0386954E+02   4.7914014E+02   1.6689120E-01   1.4758080E-01   1.6261006E-01
   1.0000000E+00   1.2575205E+02   4.4013219E+01   1.6976527E+02   2.4273054E-01   2.4218645E-01   2.4248841E-01
