   0.0000000E+00   7.2508446E+06   1.1823812E+07   1.9042061E+07   7.0456383E-03   1.1486101E-04   2.7285616E-03
   5.0000000E-02   1.7023213E+05   1.4101128E+05   3.1117974E+05   8.1893737E-02   1.5216814E-03   4.5479410E-02
   1.0000000E-01   8.9476909E+04   5.5035779E+04   1.4444903E+05   6.5430916E-02   1.1285703E-03   4.0958385E-02
   1.5000000E-01   6.5593057E+04   3.3061787E+04   9.8633623E+04   5.3474925E-02   2.7390811E-04   3.5608254E-02
   2.0000000E-01   4.8669582E+04   1.9846621E+04   6.8516203E+04   4.3526550E-02   4.8605966E-04   3.1047853E-02
   2.5000000E-01   4.2360680E+04   1.1611945E+04   5.3934427E+04   3.2282441E-02   3.4074434E-04   2.5428336E-02
   3.0000000E-01   3.6796623E+04   7.9577472E+03   4.4743760E+04   2.9233021E-02   2.9507405E-06   2.4041223E-02
   3.5000000E-01   3.2631311E+04   4.9565397E+03   3.7578756E+04   2.1178410E-02   4.1360067E-07   1.8390153E-02
   4.0000000E-01   2.9284510E+04   3.2706341E+03   3.2555144E+04   1.7883930E-02   1.3473986E-05   1.6085880E-02
   4.5000000E-01   2.6893649E+04   1.9027858E+03   2.8789361E+04   1.2521718E-02   6.4141049E-04   1.1725946E-02
   5.0000000E-01   2.5375664E+04   1.3496339E+03   2.6718932E+04   8.0862926E-03   7.6069103E-06   7.6799227E-03
   5.5000000E-01   2.3039848E+04   7.5236882E+02   2.3792217E+04   4.9622635E-03   6.9297625E-06   4.8055628E-03
   6.0000000E-01   2.0568124E+04   5.1460098E+02   2.1082725E+04   5.3173177E-03   9.9084948E-06   5.1872874E-03
   6.5000000E-01   1.8770489E+04   2.6444206E+02   1.9034931E+04   3.9376091E-03   3.3990883E-05   3.8827795E-03
   7.0000000E-01   1.2900645E+04   1.7279680E+02   1.3073442E+04   3.3449934E-03   1.4424513E-05   3.3009701E-03
   7.5000000E-01   6.9136907E+03   6.3661977E+01   6.9773527E+03   4.0358076E-03   3.1858981E-06   3.9989559E-03
   8.0000000E-01   4.3369722E+03   3.1830989E+01   4.3688032E+03   3.1670334E-03   4.6960123E-06   3.1439669E-03
   8.5000000E-01   2.7374650E+03   3.7448222E+00   2.7412098E+03   1.9421989E-03   2.0467779E-05   1.9395394E-03
   9.0000000E-01   1.6622850E+03   7.0735530E+00   1.6693585E+03   5.3758737E-03   4.5830176E-06   5.3530781E-03
   9.5000000E-01   8.5441075E+02   0.0000000E+00   8.5441075E+02   3.8067144E-03   0.0000000E+00   3.8067144E-03
   1.0000000E+00   3.8983137E+02   0.0000000E+00   3.8983137E+02   4.6667649E-04   0.0000000E+00   4.6667649E-04
