   0.0000000E+00   2.3083833E+07   1.1792235E+07   3.4758930E+07   7.7914469E-04   6.5787316E-05   5.2383906E-04
   5.0000000E-02   2.9679214E+05   1.3763719E+05   4.3417468E+05   5.0784357E-03   3.5785506E-04   3.5193397E-03
   1.0000000E-01   8.3174373E+04   4.1348454E+04   1.2452283E+05   5.2692252E-03   5.5663359E-04   3.3987431E-03
   1.5000000E-01   3.6881505E+04   1.8843945E+04   5.5704230E+04   6.5004057E-03   4.7802829E-05   4.4316843E-03
   2.0000000E-01   2.1708734E+04   1.0997607E+04   3.2706341E+04   4.6967986E-03   6.7840127E-04   3.2665916E-03
   2.5000000E-01   1.5278875E+04   7.3975218E+03   2.2676396E+04   1.5475841E-02   5.8273162E-04   1.0353128E-02
   3.0000000E-01   1.1278780E+04   5.6128643E+03   1.6891645E+04   6.9345705E-03   1.3927763E-03   4.2651765E-03
   3.5000000E-01   8.8126366E+03   4.7655537E+03   1.3578190E+04   3.6417958E-03   7.7159681E-04   2.1103158E-03
   4.0000000E-01   7.5121133E+03   3.5809862E+03   1.1093100E+04   9.6584300E-03   1.3431946E-04   6.5028362E-03
   4.5000000E-01   6.4298597E+03   3.1406575E+03   9.5705172E+03   6.5020593E-03   4.1131120E-04   4.3971109E-03
   5.0000000E-01   5.3157751E+03   2.8011270E+03   8.1169021E+03   1.8220844E-02   4.7054721E-04   1.2072770E-02
   5.5000000E-01   4.6068122E+03   2.2108068E+03   6.8176190E+03   1.8055941E-02   4.2060177E-04   1.2316845E-02
   6.0000000E-01   4.0478407E+03   1.8355870E+03   5.8834277E+03   2.6312368E-02   6.0187145E-04   1.8279829E-02
   6.5000000E-01   3.1830989E+03   1.4838138E+03   4.6669126E+03   4.8311349E-03   4.1238481E-04   3.1864924E-03
   7.0000000E-01   2.7238232E+03   1.4460363E+03   4.1698595E+03   8.3361367E-03   4.0893530E-04   5.3880621E-03
   7.5000000E-01   2.1432866E+03   1.2435306E+03   3.3868172E+03   1.7543109E-02   1.9164888E-06   1.1101189E-02
   8.0000000E-01   1.9416903E+03   8.7137331E+02   2.8130636E+03   1.2386381E-02   1.6431218E-03   8.6937315E-03
   8.5000000E-01   1.4155428E+03   7.6394373E+02   2.1794865E+03   7.2593170E-03   6.7907335E-05   4.6911043E-03
   9.0000000E-01   9.8322387E+02   5.0929582E+02   1.4925197E+03   3.0740847E-02   1.3992597E-03   2.0060468E-02
   9.5000000E-01   5.6290590E+02   2.7475169E+02   8.3765760E+02   3.7412304E-02   6.9925203E-04   2.5366753E-02
   1.0000000E+00   1.8862808E+02   1.0060164E+02   2.8922972E+02   6.8059798E-02   2.7821777E-06   4.4387213E-02
