   0.0000000E+00   3.2008733E+07   1.6889268E+07   4.8522650E+07   4.7907372E-04   3.9186865E-05   3.2966821E-04
   5.0000000E-02   2.4064227E+04   5.2839441E+03   2.9348172E+04   1.9740771E-01   4.2204247E-03   1.6262558E-01
   1.0000000E-01   9.7402825E+03   2.4828171E+03   1.2223100E+04   1.8862648E-01   1.5187352E-02   1.5339649E-01
   1.5000000E-01   6.0691085E+03   1.1671362E+03   7.2362447E+03   1.9859559E-01   1.3211508E-04   1.6658535E-01
   2.0000000E-01   3.9788736E+03   5.2521131E+02   4.5040849E+03   1.7802340E-01   1.1181641E-02   1.5856835E-01
   2.5000000E-01   2.8775214E+03   4.5836624E+02   3.3358876E+03   1.4396841E-01   1.9216243E-05   1.2418385E-01
   3.0000000E-01   2.1645072E+03   2.8647890E+02   2.4509861E+03   1.2549118E-01   1.4839824E-08   1.1082338E-01
   3.5000000E-01   1.5460766E+03   1.8189136E+02   1.7279680E+03   1.1136333E-01   1.0656094E-04   9.9652089E-02
   4.0000000E-01   1.2334508E+03   1.1140846E+02   1.3448593E+03   7.9947147E-02   1.4819679E-06   7.3324429E-02
   4.5000000E-01   1.0468858E+03   5.6588424E+01   1.1034743E+03   5.0988817E-02   4.3309461E-06   4.8373784E-02
   5.0000000E-01   8.6580289E+02   1.9098593E+01   8.8490148E+02   3.3417116E-02   1.0750538E-06   3.2695907E-02
   5.5000000E-01   7.2343156E+02   2.8937262E+01   7.5236882E+02   3.2272348E-02   4.5574877E-06   3.1030929E-02
   6.0000000E-01   6.1009395E+02   5.3051648E+00   6.1539911E+02   6.7887491E-03   3.5979013E-07   6.7302223E-03
   6.5000000E-01   4.3583969E+02   0.0000000E+00   4.3583969E+02   7.3201090E-03   0.0000000E+00   7.3201090E-03
   7.0000000E-01   2.9557347E+02   0.0000000E+00   2.9557347E+02   2.2092202E-06   0.0000000E+00   2.2092202E-06
   7.5000000E-01   2.3767138E+02   0.0000000E+00   2.3767138E+02   5.2407124E-06   0.0000000E+00   5.2407124E-06
   8.0000000E-01   2.1088030E+02   0.0000000E+00   2.1088030E+02   3.1142666E-06   0.0000000E+00   3.1142666E-06
   8.5000000E-01   1.4979289E+02   0.0000000E+00   1.4979289E+02   4.8358667E-06   0.0000000E+00   4.8358667E-06
   9.0000000E-01   6.0125201E+01   0.0000000E+00   6.0125201E+01   7.1026465E-05   0.0000000E+00   7.1026465E-05
   9.5000000E-01   4.6908825E+01   0.0000000E+00   4.6908825E+01   9.0588542E-06   0.0000000E+00   9.0588542E-06
   1.0000000E+00   1.2575205E+01   0.0000000E+00   1.2575205E+01   3.3499380E-06   0.0000000E+00   3.3499380E-06
