   0.0000000E+00   3.3400638E+07   1.6925937E+07   4.9834086E+07   3.8791719E-05   1.0460881E-10   2.5999602E-05
   5.0000000E-02   2.2281692E+03   9.5492966E+02   3.1830989E+03   2.0081347E-01   1.5401454E-06   1.4056989E-01
   1.0000000E-01   1.3687325E+03   1.2732395E+02   1.4960565E+03   2.3507142E-01   4.7077685E-06   2.1506574E-01
   1.5000000E-01   5.5173714E+02   1.2732395E+02   6.7906109E+02   2.4082800E-01   3.8557887E-06   1.9567347E-01
   2.0000000E-01   4.1380285E+02   4.7746483E+01   4.6154933E+02   2.7999533E-01   6.1754753E-06   2.5103094E-01
   2.5000000E-01   2.9284510E+02   2.5464791E+01   3.1830989E+02   2.8414066E-01   4.0374205E-06   2.6140909E-01
   3.0000000E-01   1.6976527E+02   5.3051648E+01   2.2281692E+02   3.0168763E-01   6.9783420E-06   2.2985890E-01
   3.5000000E-01   9.0945682E+01   1.8189136E+01   1.0913482E+02   2.4262273E-01   2.9658560E-06   2.0218512E-01
   4.0000000E-01   7.1619724E+01   7.9577472E+00   7.9577472E+01   2.7383559E-01   1.0766698E-06   2.4645214E-01
   4.5000000E-01   2.1220659E+01   0.0000000E+00   2.1220659E+01   2.1899894E-01   0.0000000E+00   2.1899894E-01
   5.0000000E-01   6.3661977E+00   6.3661977E+00   1.2732395E+01   4.1494900E-01   1.4974837E-05   2.0746701E-01
   5.5000000E-01   2.3149810E+01   0.0000000E+00   2.3149810E+01   3.3394547E-01   0.0000000E+00   3.3394547E-01
   6.0000000E-01   3.7136153E+01   0.0000000E+00   3.7136153E+01   1.0430624E-01   0.0000000E+00   1.0430624E-01
   6.5000000E-01   1.4691226E+01   0.0000000E+00   1.4691226E+01   1.2360774E-05   0.0000000E+00   1.2360774E-05
   7.0000000E-01   4.5472841E+00   0.0000000E+00   4.5472841E+00   9.9460044E-06   0.0000000E+00   9.9460044E-06
   7.5000000E-01   2.1220659E+01   4.2441318E+00   2.5464791E+01   3.6616619E-05   7.7818400E-05   4.3483583E-05
   8.0000000E-01   1.1936621E+01   0.0000000E+00   1.1936621E+01   5.9027259E-06   0.0000000E+00   5.9027259E-06
   8.5000000E-01   2.2468933E+01   0.0000000E+00   2.2468933E+01   7.0846237E-07   0.0000000E+00   7.0846237E-07
   9.0000000E-01   0.0000000E+00   0.0000000E+00   0.0000000E+00   0.0000000E+00   0.0000000E+00   0.0000000E+00
   9.5000000E-01   3.3506304E+00   0.0000000E+00   3.3506304E+00   1.3146308E-05   0.0000000E+00   1.3146308E-05
   1.0000000E+00   0.0000000E+00   0.0000000E+00   0.0000000E+00   0.0000000E+00   0.0000000E+00   0.0000000E+00
