   0.0000000E+00   2.9540176E+07   1.5947580E+07   4.5035501E+07   5.6338750E-04   1.3177113E-04   4.1080374E-04
   5.0000000E-02   4.2271553E+04   1.3178029E+04   5.5449582E+04   1.5238929E-01   6.6034995E-02   1.3184999E-01
   1.0000000E-01   2.1072114E+04   5.4112681E+03   2.6483383E+04   1.5560641E-01   7.8204308E-02   1.3978860E-01
   1.5000000E-01   1.3560001E+04   4.3077938E+03   1.7846574E+04   1.5831571E-01   5.8135464E-02   1.3432233E-01
   2.0000000E-01   9.5174656E+03   2.3395777E+03   1.1857043E+04   1.5861118E-01   6.1293132E-02   1.3940674E-01
   2.5000000E-01   7.6139725E+03   1.8716621E+03   9.4856346E+03   1.5494555E-01   5.2248880E-02   1.3467825E-01
   3.0000000E-01   5.7614089E+03   1.4854461E+03   7.2468551E+03   1.5580102E-01   4.5869301E-02   1.3322803E-01
   3.5000000E-01   4.6473243E+03   1.1459156E+03   5.7932399E+03   1.5747984E-01   5.6641816E-02   1.3751329E-01
   4.0000000E-01   3.8038031E+03   7.6394373E+02   4.5677469E+03   1.4137401E-01   3.4619880E-02   1.2351880E-01
   4.5000000E-01   3.2396873E+03   7.8516439E+02   4.0248517E+03   1.6313513E-01   7.8084136E-02   1.4653637E-01
   5.0000000E-01   2.6356059E+03   6.4935217E+02   3.2849580E+03   1.4678607E-01   4.5332230E-02   1.2673027E-01
   5.5000000E-01   2.3670681E+03   4.2827148E+02   2.7953395E+03   1.4326722E-01   4.7409926E-02   1.2855322E-01
   6.0000000E-01   2.0265729E+03   2.9178406E+02   2.3183570E+03   1.4244223E-01   3.6596442E-02   1.2911886E-01
   6.5000000E-01   1.5817553E+03   3.0851574E+02   1.8902710E+03   1.5680916E-01   2.5337177E-02   1.3534951E-01
   7.0000000E-01   1.2823341E+03   2.4100606E+02   1.5233402E+03   1.4214534E-01   3.6116789E-02   1.2536996E-01
   7.5000000E-01   1.0652771E+03   1.6127701E+02   1.2265541E+03   1.5111823E-01   2.9217167E-02   1.3504023E-01
   8.0000000E-01   1.0822536E+03   1.4721832E+02   1.2294719E+03   1.4379844E-01   3.4887585E-02   1.3070158E-01
   8.5000000E-01   7.4896444E+02   1.0485502E+02   8.5381946E+02   1.4212507E-01   1.1465803E-06   1.2467097E-01
   9.0000000E-01   5.1636937E+02   8.4882636E+01   6.0125201E+02   1.4410720E-01   5.1785680E-02   1.3107350E-01
   9.5000000E-01   2.8815421E+02   5.0259456E+01   3.3841367E+02   1.6268457E-01   2.9352556E-06   1.3852393E-01
   1.0000000E+00   1.3203966E+02   2.5150411E+01   1.5719007E+02   1.1019871E-01   7.9453506E-02   1.0429772E-01
