   0.0000000E+00   2.3998019E+07   1.5232019E+07   3.8778293E+07   1.9171870E-03   6.7773510E-05   1.1994414E-03
   5.0000000E-02   1.0841635E+05   3.3804510E+04   1.4215720E+05   1.5113846E-01   1.5821027E-02   1.1902432E-01
   1.0000000E-01   4.8064793E+04   1.3464508E+04   6.1465639E+04   1.5026142E-01   1.8272926E-02   1.2150276E-01
   1.5000000E-01   3.1003383E+04   9.0824421E+03   4.0085825E+04   1.5203028E-01   7.0642695E-03   1.1918280E-01
   2.0000000E-01   2.2122537E+04   5.9842259E+03   2.8106763E+04   1.5671898E-01   8.4675331E-03   1.2515351E-01
   2.5000000E-01   1.6106480E+04   3.5268735E+03   1.9607889E+04   1.6006076E-01   4.2900377E-03   1.3223097E-01
   3.0000000E-01   1.3029485E+04   2.4191551E+03   1.5448640E+04   1.4547436E-01   3.9871069E-03   1.2331838E-01
   3.5000000E-01   9.9676467E+03   2.0553724E+03   1.2023019E+04   1.4761181E-01   7.0224594E-03   1.2357479E-01
   4.0000000E-01   8.1407753E+03   1.1857043E+03   9.3264797E+03   1.2568994E-01   7.1763047E-03   1.1062285E-01
   4.5000000E-01   6.9886704E+03   1.1246949E+03   8.1133653E+03   1.2147295E-01   4.9159905E-03   1.0531552E-01
   5.0000000E-01   6.3725639E+03   8.2123951E+02   7.2001696E+03   1.0686619E-01   2.4888242E-03   9.4866485E-02
   5.5000000E-01   5.4807175E+03   5.4402053E+02   6.0247380E+03   9.6726372E-02   3.9360741E-03   8.8347541E-02
   6.0000000E-01   4.5040849E+03   4.8807516E+02   4.9921600E+03   8.0727763E-02   3.9963234E-05   7.2831237E-02
   6.5000000E-01   4.1086461E+03   2.9382451E+02   4.4024706E+03   6.6277193E-02   1.6443161E-05   6.1854891E-02
   7.0000000E-01   3.4104631E+03   2.3645877E+02   3.6469218E+03   5.9535160E-02   3.8524430E-06   5.5674776E-02
   7.5000000E-01   2.9666481E+03   1.7825354E+02   3.1449017E+03   5.7644351E-02   9.1541739E-05   5.4382248E-02
   8.0000000E-01   2.4390495E+03   1.4323945E+02   2.5822890E+03   3.8105236E-02   4.9984357E-05   3.5994310E-02
   8.5000000E-01   2.0109695E+03   5.9917155E+01   2.0708867E+03   3.8836772E-02   1.1116702E-05   3.7713426E-02
   9.0000000E-01   1.6446011E+03   6.3661977E+01   1.7082631E+03   2.4437218E-02   3.2079791E-06   2.3526629E-02
   9.5000000E-01   1.0722017E+03   2.6805043E+01   1.0990068E+03   2.6696402E-02   1.9086447E-05   2.6045736E-02
   1.0000000E+00   3.0809253E+02   1.2575205E+01   3.2066774E+02   2.8340054E-02   4.8873127E-06   2.7228865E-02
