   0.0000000E+00   2.9115933E+07   1.6286262E+07   4.4998832E+07   1.0716454E-03   4.0890038E-06   6.9037905E-04
   5.0000000E-02   6.1815780E+04   1.7379720E+04   7.9195500E+04   1.8487319E-01   5.7666953E-03   1.4556761E-01
   1.0000000E-01   2.7438312E+04   6.9391555E+03   3.4377468E+04   1.9001752E-01   3.0957418E-03   1.5228694E-01
   1.5000000E-01   1.6085260E+04   4.1592492E+03   2.0244509E+04   2.0800328E-01   3.4614711E-03   1.6598001E-01
   2.0000000E-01   1.0758874E+04   2.5464791E+03   1.3305353E+04   1.9655829E-01   9.7311847E-05   1.5895810E-01
   2.5000000E-01   7.7794936E+03   1.4387607E+03   9.2182543E+03   1.9877513E-01   8.4326952E-06   1.6775215E-01
   3.0000000E-01   5.9417845E+03   1.0716433E+03   7.0134278E+03   1.8938237E-01   9.7998526E-07   1.6044497E-01
   3.5000000E-01   4.4563384E+03   7.1847089E+02   5.1748093E+03   1.7910369E-01   2.5647354E-06   1.5423727E-01
   4.0000000E-01   3.5571130E+03   6.5253527E+02   4.2096482E+03   1.6040763E-01   1.3703249E-06   1.3554272E-01
   4.5000000E-01   2.9284510E+03   4.3148673E+02   3.3599377E+03   1.2208957E-01   1.2394754E-05   1.0641229E-01
   5.0000000E-01   2.4891833E+03   2.4828171E+02   2.7374650E+03   1.1394173E-01   4.4388648E-06   1.0360788E-01
   5.5000000E-01   2.1413574E+03   1.0417414E+02   2.2455316E+03   9.5805277E-02   2.4073977E-05   9.1361818E-02
   6.0000000E-01   1.8992490E+03   1.1671362E+02   2.0159626E+03   7.3811547E-02   2.1905469E-06   6.9538345E-02
   6.5000000E-01   1.7286675E+03   1.0283858E+02   1.8315061E+03   6.2981430E-02   3.1842664E-06   5.9444861E-02
   7.0000000E-01   1.5051510E+03   6.8209261E+01   1.5733603E+03   3.7840101E-02   3.3682760E-06   3.6199489E-02
   7.5000000E-01   1.1756245E+03   1.6976527E+01   1.1926010E+03   3.0811357E-02   1.1574462E-06   3.0372745E-02
   8.0000000E-01   1.0782747E+03   7.9577472E+00   1.0862325E+03   3.1072335E-02   4.6693449E-05   3.0845041E-02
   8.5000000E-01   7.4521962E+02   2.6213755E+01   7.7143337E+02   1.5551331E-02   1.1759962E-05   1.5022488E-02
   9.0000000E-01   6.0478878E+02   7.0735530E+00   6.1186234E+02   1.3637997E-02   9.8550672E-06   1.3480445E-02
   9.5000000E-01   4.5233510E+02   1.3402522E+01   4.6573762E+02   3.1501422E-03   1.9792765E-05   3.0600602E-03
   1.0000000E+00   1.9491568E+02   0.0000000E+00   1.9491568E+02   9.8628791E-06   0.0000000E+00   9.8628791E-06
