   0.0000000E+00   1.5432682E+07   1.0185916E+07   2.5494330E+07   7.5888157E-04   2.0134785E-04   5.2626285E-04
   5.0000000E-02   2.2759157E+05   1.0205015E+05   3.2964172E+05   4.6913287E-03   1.3024116E-03   3.3042942E-03
   1.0000000E-01   8.0691556E+04   3.6255496E+04   1.1694705E+05   4.5569144E-03   5.0748456E-03   1.9973831E-03
   1.5000000E-01   5.1141788E+04   2.2684885E+04   7.3805452E+04   4.5681087E-03   5.5156844E-03   4.8594564E-03
   2.0000000E-01   3.7226341E+04   1.4260283E+04   5.1438878E+04   5.5542589E-03   4.2852643E-03   4.7047902E-03
   2.5000000E-01   2.7934876E+04   1.0695212E+04   3.8591891E+04   4.5665395E-03   9.7909873E-03   4.0068125E-03
   3.0000000E-01   2.3045636E+04   8.9126768E+03   3.1968923E+04   4.0799680E-03   2.0843514E-03   2.4999821E-03
   3.5000000E-01   1.8498352E+04   6.7299805E+03   2.5182859E+04   4.9870426E-03   1.0244666E-02   1.2591149E-03
   4.0000000E-01   1.6138311E+04   5.9046484E+03   2.2035002E+04   7.4216619E-03   9.6909727E-03   8.0155087E-03
   4.5000000E-01   1.3963194E+04   4.8666045E+03   1.8822725E+04   5.1912998E-03   9.6014201E-03   6.2729365E-03
   5.0000000E-01   1.2299494E+04   4.0807327E+03   1.6380227E+04   4.0652022E-03   3.1099563E-03   3.5394127E-03
   5.5000000E-01   1.0695212E+04   3.3972346E+03   1.4086659E+04   3.5275950E-03   2.7353567E-03   2.4971480E-03
   6.0000000E-01   9.3848365E+03   3.0929111E+03   1.2477748E+04   3.5592176E-03   5.2663368E-03   2.4700539E-03
   6.5000000E-01   8.4131751E+03   2.5954498E+03   1.0998831E+04   2.9747924E-03   4.8144888E-03   2.8036233E-03
   7.0000000E-01   7.6076063E+03   2.2236219E+03   9.8312282E+03   4.8485432E-03   5.7911070E-03   3.9531393E-03
   7.5000000E-01   6.7948550E+03   1.8546856E+03   8.6452965E+03   4.7920125E-03   1.0607693E-02   2.2629055E-03
   8.0000000E-01   5.4232047E+03   1.5517607E+03   6.9749654E+03   6.4820839E-03   6.5186704E-03   6.2552431E-03
   8.5000000E-01   4.9094619E+03   1.2957085E+03   6.2051704E+03   2.7733792E-03   4.1136475E-03   1.3611309E-03
   9.0000000E-01   3.6888579E+03   9.1602512E+02   4.6048830E+03   6.0449812E-03   1.4331298E-02   2.4218763E-03
   9.5000000E-01   2.5967385E+03   6.4667166E+02   3.2434102E+03   4.2807501E-03   4.9891534E-03   2.4965432E-03
   1.0000000E+00   8.7397677E+02   1.8862808E+02   1.0626049E+03   3.0390715E-03   2.0624083E-02   3.1790157E-03
