   0.0000000E+00   2.1725541E+07   1.3717374E+07   3.5241233E+07   1.3583917E-03   8.3535328E-04   1.1474841E-03
   5.0000000E-02   1.1847494E+05   4.7746483E+04   1.6622142E+05   8.6770034E-02   6.2525492E-02   7.9792135E-02
   1.0000000E-01   5.8600850E+04   2.2313523E+04   8.0914373E+04   8.9887009E-02   6.7943567E-02   8.3834174E-02
   1.5000000E-01   3.9194557E+04   1.3560001E+04   5.2754558E+04   8.7842088E-02   6.6675676E-02   8.2400672E-02
   2.0000000E-01   2.8011270E+04   9.4378881E+03   3.7449158E+04   8.1698724E-02   6.1632359E-02   7.6636359E-02
   2.5000000E-01   2.1810593E+04   6.7227048E+03   2.8507833E+04   8.3885424E-02   5.7464206E-02   7.7729281E-02
   3.0000000E-01   1.8589297E+04   5.2521131E+03   2.3830800E+04   8.5766575E-02   6.6779558E-02   8.1551728E-02
   3.5000000E-01   1.5069699E+04   3.9561372E+03   1.9025837E+04   8.3314258E-02   5.2828097E-02   7.6970553E-02
   4.0000000E-01   1.2095776E+04   3.5411975E+03   1.5636973E+04   8.2901937E-02   4.3320831E-02   7.3918682E-02
   4.5000000E-01   1.0405197E+04   2.5676997E+03   1.2972896E+04   8.2093799E-02   5.7036756E-02   7.7077866E-02
   5.0000000E-01   8.9445078E+03   2.1072114E+03   1.1051719E+04   7.6770041E-02   5.7411010E-02   7.3068589E-02
   5.5000000E-01   7.6105000E+03   1.7883228E+03   9.3988228E+03   8.0881759E-02   4.7925681E-02   7.4600022E-02
   6.0000000E-01   6.4086390E+03   1.4907513E+03   7.8993903E+03   8.8331550E-02   5.0904544E-02   8.1209457E-02
   6.5000000E-01   4.3730881E+03   8.9616476E+02   5.2692529E+03   9.7069687E-02   4.2537764E-02   8.7766054E-02
   7.0000000E-01   3.7878876E+03   6.6845076E+02   4.4563384E+03   1.1331650E-01   8.5056394E-02   1.0905641E-01
   7.5000000E-01   2.9029862E+03   5.1778408E+02   3.4207702E+03   1.1021513E-01   6.0346851E-02   1.0250113E-01
   8.0000000E-01   2.2003171E+03   4.5757046E+02   2.6578875E+03   1.1330235E-01   7.1642445E-02   1.0612596E-01
   8.5000000E-01   1.7038941E+03   3.1830989E+02   2.0222040E+03   1.2709427E-01   5.7339147E-02   1.1611274E-01
   9.0000000E-01   1.1353053E+03   1.9098593E+02   1.3262912E+03   1.3642314E-01   8.0570145E-02   1.2829691E-01
   9.5000000E-01   8.4100823E+02   1.6083026E+02   1.0018385E+03   1.5187599E-01   1.0005512E-01   1.4354042E-01
   1.0000000E+00   3.0809253E+02   8.1738835E+01   3.8983137E+02   1.2017623E-01   9.7125531E-02   1.1533826E-01
