   0.0000000E+00   1.5251373E+07   1.0199667E+07   2.5414880E+07   7.1194308E-04   7.6475463E-04   3.4772940E-04
   5.0000000E-02   1.9544227E+05   9.6829867E+04   2.9220848E+05   2.0577633E-04   6.1150950E-03   2.0603357E-03
   1.0000000E-01   7.6171556E+04   3.4441130E+04   1.1061269E+05   6.4965145E-03   6.4291344E-03   5.0778195E-03
   1.5000000E-01   4.7555497E+04   2.1263100E+04   6.8797377E+04   1.1734206E-02   4.0690306E-03   7.4261019E-03
   2.0000000E-01   3.4854933E+04   1.5024227E+04   4.9879159E+04   6.3150784E-04   6.8881171E-03   2.2977811E-03
   2.5000000E-01   2.8011270E+04   1.1242705E+04   3.9253975E+04   3.1784819E-03   3.2183599E-03   1.8724552E-03
   3.0000000E-01   2.3194180E+04   8.9232871E+03   3.2106857E+04   4.3674756E-03   4.7597401E-03   1.8358555E-03
   3.5000000E-01   1.9435092E+04   7.0391958E+03   2.6465193E+04   6.0942646E-03   3.3200851E-03   4.6933392E-03
   4.0000000E-01   1.6926128E+04   5.7216202E+03   2.2647748E+04   6.1253292E-03   6.1635138E-03   4.2086838E-03
   4.5000000E-01   1.4210768E+04   4.7605012E+03   1.8957122E+04   4.7325100E-03   6.4436598E-03   1.9983324E-03
   5.0000000E-01   1.2490480E+04   3.9916060E+03   1.6475720E+04   1.6765795E-03   9.7510937E-03   2.5798547E-03
   5.5000000E-01   1.1077184E+04   3.4319593E+03   1.4509143E+04   5.3822412E-03   6.9316830E-04   3.9871674E-03
   6.0000000E-01   1.0005541E+04   3.0451646E+03   1.3050705E+04   4.2815451E-03   5.0846310E-03   2.3086849E-03
   6.5000000E-01   8.8832944E+03   2.8207153E+03   1.1699113E+04   6.3276822E-03   4.3528405E-03   3.9041089E-03
   7.0000000E-01   8.2033005E+03   2.2827366E+03   1.0486037E+04   2.3801388E-03   7.5336970E-03   1.5697593E-03
   7.5000000E-01   7.2404889E+03   2.1475307E+03   9.3880196E+03   3.1530571E-03   8.0752356E-03   1.4268575E-03
   8.0000000E-01   6.0279935E+03   1.6950001E+03   7.7229936E+03   3.0142169E-03   5.3623489E-03   1.5337838E-03
   8.5000000E-01   5.5123783E+03   1.4342669E+03   6.9429003E+03   3.4445774E-03   5.5258625E-03   3.6964003E-03
   9.0000000E-01   4.1663227E+03   1.0681065E+03   5.2344292E+03   1.6799419E-03   3.1519556E-03   1.7912558E-03
   9.5000000E-01   2.9217497E+03   5.6960716E+02   3.4913569E+03   2.8281676E-03   1.3389074E-02   4.2349001E-03
   1.0000000E+00   9.5571561E+02   2.0749089E+02   1.1632065E+03   5.8950977E-03   2.1510084E-02   8.6784116E-03
