   0.0000000E+00   3.1067045E+04   1.0265876E+07   1.0294396E+07   2.3259886E-03   1.3936891E-06   6.2720833E-06
   5.0000000E-02   2.7756622E+04   3.4428397E+05   3.7197693E+05   6.6931842E-03   4.1250650E-05   5.3652854E-04
   1.0000000E-01   2.5305636E+04   1.0176367E+05   1.2706931E+05   4.4882260E-03   6.3816665E-05   8.4283701E-04
   1.5000000E-01   2.6122631E+04   4.2971835E+04   6.9073245E+04   3.7221861E-03   1.4266599E-04   1.3775186E-03
   2.0000000E-01   2.4175636E+04   1.9782959E+04   4.3958595E+04   1.1376840E-03   2.9390827E-05   6.2571750E-04
   2.5000000E-01   2.3682256E+04   8.9254092E+03   3.2607665E+04   2.2277620E-03   1.9491174E-05   1.6231432E-03
   3.0000000E-01   2.5411739E+04   3.7348360E+03   2.9135965E+04   3.9420373E-04   3.0896229E-05   3.4652282E-04
   3.5000000E-01   2.5501169E+04   1.5460766E+03   2.7038151E+04   7.3875593E-04   4.7572245E-06   6.9703160E-04
   4.0000000E-01   2.6674368E+04   5.6500005E+02   2.7239369E+04   7.9919610E-04   2.5802215E-06   7.8257341E-04
   4.5000000E-01   2.9397686E+04   3.1830989E+02   2.9708923E+04   1.6024457E-04   7.7948165E-07   1.5857328E-04
   5.0000000E-01   3.1143439E+04   8.9126768E+01   3.1226200E+04   1.0706057E-04   3.8301301E-05   1.0668685E-04
   5.5000000E-01   3.3312576E+04   2.3149810E+01   3.3324151E+04   1.3227657E-05   1.8677382E-06   1.3224442E-05
   6.0000000E-01   3.4462350E+04   1.0610330E+01   3.4472961E+04   1.1873092E-04   2.9785991E-06   1.1869470E-04
   6.5000000E-01   3.5993503E+04   0.0000000E+00   3.5998400E+04   5.5876611E-05   0.0000000E+00   5.5869010E-05
   7.0000000E-01   3.4973162E+04   0.0000000E+00   3.4968615E+04   5.0586473E-05   0.0000000E+00   5.0591838E-05
   7.5000000E-01   3.4241655E+04   0.0000000E+00   3.4233167E+04   1.8946247E-05   0.0000000E+00   1.8956077E-05
   8.0000000E-01   2.0081375E+04   0.0000000E+00   2.0077396E+04   5.1534200E-06   0.0000000E+00   5.1541553E-06
   8.5000000E-01   5.9767362E+03   0.0000000E+00   5.9767362E+03   1.2634494E-04   0.0000000E+00   1.2634494E-04
   9.0000000E-01   2.4545229E+03   0.0000000E+00   2.4545229E+03   2.7378203E-06   0.0000000E+00   2.7378203E-06
   9.5000000E-01   9.6163092E+02   0.0000000E+00   9.6163092E+02   2.8499674E-04   0.0000000E+00   2.8499674E-04
   1.0000000E+00   2.8294212E+02   0.0000000E+00   2.8294212E+02   1.2261734E-05   0.0000000E+00   1.2261734E-05
