   0.0000000E+00   1.5191785E+07   1.0414590E+07   2.5575308E+07   2.3483182E-04   6.6119628E-05   1.1442024E-04
   5.0000000E-02   5.1101469E+05   2.5904059E+05   7.6986429E+05   4.6147860E-03   1.1139211E-03   3.3150100E-03
   1.0000000E-01   1.4464001E+05   7.7094654E+04   2.2170284E+05   8.0252805E-03   9.7713823E-04   5.5184082E-03
   1.5000000E-01   7.1577283E+04   4.0467797E+04   1.1202386E+05   5.6050120E-03   1.9472977E-03   3.1657782E-03
   2.0000000E-01   4.2176060E+04   2.2233946E+04   6.4410005E+04   1.2034313E-03   3.1493324E-03   1.4597723E-03
   2.5000000E-01   2.5044622E+04   1.2834255E+04   3.7878876E+04   9.7364374E-03   1.6129959E-03   6.9161235E-03
   3.0000000E-01   1.6987138E+04   7.4696720E+03   2.4446199E+04   9.5892059E-03   1.5183585E-03   6.2695491E-03
   3.5000000E-01   1.1359116E+04   4.9747288E+03   1.6333844E+04   1.3169074E-03   4.1628311E-03   2.1284173E-03
   4.0000000E-01   8.0452824E+03   2.6897185E+03   1.0735001E+04   4.9505450E-03   8.7934714E-03   1.5069107E-03
   4.5000000E-01   6.9745233E+03   1.5066668E+03   8.4811901E+03   3.0505471E-03   8.5431157E-03   1.8334039E-03
   5.0000000E-01   5.5704230E+03   9.0400008E+02   6.4680569E+03   4.6057348E-03   5.8031179E-03   4.8307714E-03
   5.5000000E-01   5.1103205E+03   4.5720875E+02   5.5675293E+03   6.8710986E-03   2.4265451E-02   4.6078079E-03
   6.0000000E-01   4.8701413E+03   2.8647890E+02   5.1566202E+03   4.5814492E-03   1.7661063E-02   3.4069527E-03
   6.5000000E-01   5.1419289E+03   1.8119178E+02   5.3231207E+03   3.1378957E-03   4.6212187E-02   1.4606828E-03
   7.0000000E-01   5.1293365E+03   9.0945682E+01   5.2202821E+03   5.8190405E-04   1.0249732E-02   7.2683574E-04
   7.5000000E-01   5.2330145E+03   8.4882636E+01   5.3178972E+03   1.1577036E-03   5.6173437E-02   6.8038162E-04
   8.0000000E-01   5.1168314E+03   2.7852115E+01   5.1446835E+03   1.2291880E-03   3.2024802E-01   1.9519108E-03
   8.5000000E-01   5.1678546E+03   1.8724111E+01   5.1865787E+03   3.3642766E-04   4.1494024E-06   3.3520727E-04
   9.0000000E-01   4.5235372E+03   7.0735530E+00   4.5306107E+03   1.8529711E-04   3.7510027E-01   4.1081466E-04
   9.5000000E-01   3.3104228E+03   3.3506304E+00   3.3137734E+03   1.3065200E-03   6.8723278E-01   6.5078967E-04
   1.0000000E+00   1.4838742E+03   6.2876027E+00   1.4901618E+03   3.5888436E-04   6.3966138E-05   3.5762315E-04
