   0.0000000E+00   2.9636433E+07   1.6083562E+07   4.5288621E+07   5.2255342E-04   1.3705145E-04   3.9034124E-04
   5.0000000E-02   4.2908173E+04   1.4960565E+04   5.7868737E+04   1.4597047E-01   5.1762422E-02   1.2161251E-01
   1.0000000E-01   2.0244509E+04   6.1115498E+03   2.6356059E+04   1.3726058E-01   7.6437363E-02   1.2314312E-01
   1.5000000E-01   1.2626292E+04   3.2892022E+03   1.5915494E+04   1.5414149E-01   8.7038395E-02   1.4027349E-01
   2.0000000E-01   9.0081698E+03   2.2440847E+03   1.1252254E+04   1.5802657E-01   5.8937769E-02   1.3826450E-01
   2.5000000E-01   6.9646203E+03   1.9607889E+03   8.9254092E+03   1.5143066E-01   6.4192740E-02   1.3226565E-01
   3.0000000E-01   5.6977470E+03   1.0610330E+03   6.7587799E+03   1.5404368E-01   5.3354566E-02   1.3821202E-01
   3.5000000E-01   4.4290547E+03   9.5492966E+02   5.3839844E+03   1.5153018E-01   4.3005308E-02   1.3228138E-01
   4.0000000E-01   3.5332397E+03   8.2760570E+02   4.3608454E+03   1.5632077E-01   4.4828930E-02   1.3513952E-01
   4.5000000E-01   3.1760253E+03   5.9417845E+02   3.7702038E+03   1.3815323E-01   4.3786314E-02   1.2326823E-01
   5.0000000E-01   2.6292397E+03   5.6659160E+02   3.1958313E+03   1.4757377E-01   4.0437468E-02   1.2857927E-01
   5.5000000E-01   2.2628939E+03   3.6460951E+02   2.6275034E+03   1.4287077E-01   2.5890112E-02   1.2663774E-01
   6.0000000E-01   2.0106574E+03   3.1300472E+02   2.3236622E+03   1.5293153E-01   3.5362539E-02   1.3705509E-01
   6.5000000E-01   1.5180933E+03   2.3505961E+02   1.7531529E+03   1.2207321E-01   4.0831795E-02   1.1116500E-01
   7.0000000E-01   1.4051108E+03   1.7279680E+02   1.5779076E+03   1.4731348E-01   3.8503579E-02   1.3539665E-01
   7.5000000E-01   1.1459156E+03   1.2307982E+02   1.2689954E+03   1.5063058E-01   3.4617509E-02   1.3937688E-01
   8.0000000E-01   8.5943669E+02   1.2732395E+02   9.8676065E+02   1.4197231E-01   1.0742900E-02   1.2455295E-01
   8.5000000E-01   7.1151622E+02   1.0485502E+02   8.1637124E+02   1.2152127E-01   2.2067021E-02   1.0874701E-01
   9.0000000E-01   5.7649457E+02   6.0125201E+01   6.3661977E+02   1.5148374E-01   6.3490265E-06   1.3717634E-01
   9.5000000E-01   2.9820610E+02   4.3558195E+01   3.4176430E+02   1.2904073E-01   2.4129649E-02   1.0988728E-01
   1.0000000E+00   1.3203966E+02   1.2575205E+01   1.4461486E+02   6.0395173E-02   2.1455456E-01   7.3800337E-02
