   0.0000000E+00   3.2370842E+07   1.6420716E+07   4.8072942E+07   9.5977365E-05   4.5296522E-05   7.7519098E-05
   5.0000000E-02   1.0949860E+04   2.9921129E+03   1.3941973E+04   1.4337915E-01   3.4758018E-02   1.2006074E-01
   1.0000000E-01   5.2839441E+03   2.2600002E+03   7.5439443E+03   1.5169008E-01   5.0819101E-02   1.2137286E-01
   1.5000000E-01   3.0557749E+03   1.0185916E+03   4.0743665E+03   1.3564733E-01   2.4940127E-02   1.0793054E-01
   2.0000000E-01   2.4509861E+03   8.2760570E+02   3.2785918E+03   1.6795223E-01   3.9300693E-02   1.3546933E-01
   2.5000000E-01   1.9353241E+03   6.3661977E+02   2.5719439E+03   1.6302632E-01   4.9978016E-02   1.3497934E-01
   3.0000000E-01   1.4748358E+03   5.0929582E+02   1.9841316E+03   1.4687179E-01   8.8122100E-03   1.1123066E-01
   3.5000000E-01   1.2550504E+03   3.0012075E+02   1.5551712E+03   2.0150962E-01   4.1390661E-02   1.7060609E-01
   4.0000000E-01   9.6288741E+02   4.2176060E+02   1.3846480E+03   1.8982323E-01   1.8247184E-02   1.3727802E-01
   4.5000000E-01   7.2857596E+02   3.1830989E+02   1.0468858E+03   2.1564452E-01   4.6975088E-02   1.6432848E-01
   5.0000000E-01   6.4298597E+02   1.9735213E+02   8.4033810E+02   2.1277905E-01   7.7265891E-02   1.8095138E-01
   5.5000000E-01   5.0350837E+02   1.9677338E+02   7.0028175E+02   1.9658275E-01   3.8768707E-02   1.5035341E-01
   6.0000000E-01   5.1460098E+02   1.5915494E+02   6.7375593E+02   1.9859750E-01   2.3189117E-02   1.5716207E-01
   6.5000000E-01   4.0156016E+02   1.4201518E+02   5.4357534E+02   2.2017087E-01   6.1275635E-02   1.7865753E-01
   7.0000000E-01   3.8197186E+02   1.6370223E+02   5.4567409E+02   2.1567382E-01   3.7643134E-02   1.6224761E-01
   7.5000000E-01   3.0133336E+02   1.3581222E+02   4.3714558E+02   2.4511571E-01   3.6693566E-02   1.8018541E-01
   8.0000000E-01   2.6260566E+02   7.5598598E+01   3.3820425E+02   2.7872748E-01   7.2928530E-02   2.3272250E-01
   8.5000000E-01   1.7975147E+02   6.7406799E+01   2.4715826E+02   2.8603888E-01   4.6500607E-02   2.2070873E-01
   9.0000000E-01   1.6976527E+02   4.9514871E+01   2.1928014E+02   2.5837647E-01   5.3916944E-02   2.1219773E-01
   9.5000000E-01   1.1392143E+02   3.3506304E+01   1.4742774E+02   3.0707452E-01   4.2217496E-02   2.4680539E-01
   1.0000000E+00   4.4013219E+01   2.5150411E+01   6.9163630E+01   3.0135880E-01   1.0680006E-01   2.3061017E-01
