   0.0000000E+00   1.7291612E+07   8.6183038E+06   2.5765275E+07   9.2650598E-03   7.1454018E-07   6.1994340E-03
   5.0000000E-02   7.1002203E+05   3.0806031E+05   1.0166818E+06   3.5810614E-02   1.9703218E-05   2.5040294E-02
   1.0000000E-01   1.9903917E+05   1.0201832E+05   3.0064369E+05   3.4412420E-02   1.0117062E-06   2.2766487E-02
   1.5000000E-01   8.6643951E+04   4.6133713E+04   1.3271400E+05   3.3922346E-02   1.6181041E-05   2.2160134E-02
   2.0000000E-01   4.8351272E+04   2.6021833E+04   7.4325358E+04   2.2732569E-02   2.2484367E-05   1.4826760E-02
   2.5000000E-01   2.8316847E+04   1.5087889E+04   4.3392004E+04   3.8114972E-02   2.5714696E-04   2.4916622E-02
   3.0000000E-01   1.8387701E+04   9.7615032E+03   2.8138594E+04   3.6160114E-02   5.4872630E-07   2.3474994E-02
   3.5000000E-01   1.1495534E+04   6.1297390E+03   1.7625273E+04   3.7493668E-02   1.2941324E-04   2.4483775E-02
   4.0000000E-01   7.1778879E+03   4.0902820E+03   1.1268170E+04   4.2859519E-02   3.2835556E-05   2.7564066E-02
   4.5000000E-01   4.4492649E+03   2.6172146E+03   7.0664795E+03   4.7261831E-02   2.4739700E-06   2.9756533E-02
   5.0000000E-01   2.8711552E+03   1.6615776E+03   4.5327328E+03   4.7593206E-02   2.2684477E-05   3.0148608E-02
   5.5000000E-01   1.4700129E+03   1.0301665E+03   2.5001795E+03   4.5023533E-02   1.2849088E-03   2.6959182E-02
   6.0000000E-01   1.1246949E+03   5.7826296E+02   1.7029579E+03   2.4786486E-02   1.0030452E-05   1.6370001E-02
   6.5000000E-01   5.6316364E+02   3.1830989E+02   8.8147353E+02   5.8511935E-02   2.0095963E-06   3.7383126E-02
   7.0000000E-01   3.7742458E+02   2.2736420E+02   6.0478878E+02   6.3202141E-02   1.5691808E-05   3.9445605E-02
   7.5000000E-01   2.1220659E+02   1.2307982E+02   3.3528641E+02   7.1164445E-02   5.0383541E-06   4.5042014E-02
   8.0000000E-01   1.5517607E+02   5.9683104E+01   2.1485917E+02   6.7285046E-02   4.0202856E-06   4.8594381E-02
   8.5000000E-01   7.4896444E+01   3.3703400E+01   1.0859984E+02   8.7714255E-02   8.0758138E-05   6.0493202E-02
   9.0000000E-01   2.4757436E+01   1.4147106E+01   3.8904542E+01   1.8794376E-01   2.1922915E-06   1.1960044E-01
   9.5000000E-01   2.0103782E+01   6.7012608E+00   2.6805043E+01   2.0285553E-01   6.3557800E-05   1.5215540E-01
   1.0000000E+00   6.2876027E+00   0.0000000E+00   6.2876027E+00   4.4747125E-01   0.0000000E+00   4.4747125E-01
