   0.0000000E+00   2.1604329E+07   1.3879839E+07   3.5291144E+07   1.5056513E-03   7.1831184E-04   1.1886728E-03
   5.0000000E-02   1.3489973E+05   5.2075497E+04   1.8684790E+05   9.7978972E-02   6.8092194E-02   8.9700761E-02
   1.0000000E-01   6.3980287E+04   2.2822819E+04   8.6803106E+04   9.4690817E-02   6.6304269E-02   8.7221739E-02
   1.5000000E-01   4.3184041E+04   1.4154180E+04   5.7317000E+04   9.0740230E-02   6.3996393E-02   8.4013530E-02
   2.0000000E-01   3.2292538E+04   9.3264797E+03   4.1619018E+04   9.0572440E-02   6.0309244E-02   8.3786513E-02
   2.5000000E-01   2.4267946E+04   6.6972400E+03   3.0965186E+04   8.5118986E-02   5.3999950E-02   7.8379866E-02
   3.0000000E-01   1.8663570E+04   4.9550239E+03   2.3618594E+04   8.9669712E-02   5.3591991E-02   8.2088611E-02
   3.5000000E-01   1.5924589E+04   3.8651915E+03   1.9789780E+04   9.2080127E-02   4.1998004E-02   8.2254268E-02
   4.0000000E-01   1.3233734E+04   2.8727467E+03   1.6106480E+04   8.2368093E-02   5.1266546E-02   7.6813963E-02
   4.5000000E-01   1.1147920E+04   2.3271989E+03   1.3475119E+04   8.3330537E-02   4.4891588E-02   7.6690239E-02
   5.0000000E-01   9.1227613E+03   1.8016340E+03   1.0924395E+04   8.3052823E-02   3.2745944E-02   7.4754265E-02
   5.5000000E-01   6.7771068E+03   1.2906019E+03   8.0677088E+03   8.9792124E-02   5.3073151E-02   8.3916980E-02
   6.0000000E-01   5.1990615E+03   7.1089208E+02   5.9099536E+03   9.0561315E-02   4.9775147E-02   8.5633457E-02
   6.5000000E-01   4.2457642E+03   5.9254610E+02   4.8383103E+03   9.8605005E-02   6.1277355E-02   9.4033092E-02
   7.0000000E-01   3.0967005E+03   4.5927569E+02   3.5559762E+03   1.0273878E-01   5.8464072E-02   9.6916396E-02
   7.5000000E-01   2.5040378E+03   3.6075120E+02   2.8647890E+03   9.0353446E-02   8.5751850E-02   8.9766887E-02
   8.0000000E-01   2.0013734E+03   1.7109156E+02   2.1724650E+03   1.0925680E-01   6.6460669E-02   1.0587992E-01
   8.5000000E-01   1.4904392E+03   1.6477218E+02   1.6552114E+03   1.0156041E-01   5.9840724E-02   9.7405441E-02
   9.0000000E-01   1.0928639E+03   1.1671362E+02   1.2095776E+03   1.1334332E-01   7.3540830E-02   1.0949796E-01
   9.5000000E-01   6.7682734E+02   9.3817651E+01   7.7064499E+02   1.1446771E-01   6.0769739E-02   1.0791551E-01
   1.0000000E+00   2.4521650E+02   1.2575205E+01   2.5779171E+02   1.2637593E-01   6.7008155E-06   1.2021093E-01
