   0.0000000E+00   4.3570257E+06   8.9641157E+06   1.3301279E+07   1.9000440E-04   3.1348558E-05   6.4001388E-05
   5.0000000E-02   1.4031100E+05   1.2210367E+05   2.6228735E+05   1.2280297E-03   9.3154586E-04   6.6505205E-04
   1.0000000E-01   7.6330711E+04   4.9688173E+04   1.2601888E+05   4.1237679E-04   9.1764230E-04   5.7951506E-04
   1.5000000E-01   5.8123385E+04   3.1342913E+04   8.9466299E+04   4.9320519E-03   7.4762012E-04   3.2581364E-03
   2.0000000E-01   4.7730567E+04   2.0801551E+04   6.8532118E+04   2.8425529E-03   7.8151640E-04   2.1858996E-03
   2.5000000E-01   4.2526201E+04   1.5317072E+04   5.7805075E+04   1.0987568E-03   1.0149079E-03   8.2249766E-04
   3.0000000E-01   3.8175966E+04   1.1586480E+04   4.9741225E+04   2.0450914E-03   1.8280863E-03   1.9945783E-03
   3.5000000E-01   3.3076944E+04   9.3219324E+03   4.2389782E+04   3.3110217E-03   2.1845061E-03   2.9122560E-03
   4.0000000E-01   2.9984791E+04   7.1142260E+03   3.7099017E+04   2.6791886E-03   5.8437334E-04   2.1998109E-03
   4.5000000E-01   2.7891020E+04   6.2459473E+03   3.4129893E+04   3.7054545E-03   1.2167424E-03   3.2181577E-03
   5.0000000E-01   2.4579889E+04   4.8255779E+03   2.9405467E+04   3.2874281E-03   6.2464868E-04   2.6541600E-03
   5.5000000E-01   2.2953037E+04   3.7444818E+03   2.6691731E+04   3.9833249E-03   2.2041053E-03   3.1430693E-03
   6.0000000E-01   2.1082725E+04   3.2838970E+03   2.4366622E+04   3.1861043E-03   9.8201039E-04   2.8293991E-03
   6.5000000E-01   1.9113284E+04   2.8598919E+03   2.1968279E+04   5.0395560E-03   1.5851463E-03   4.1939953E-03
   7.0000000E-01   1.7470665E+04   2.4282497E+03   1.9898915E+04   2.7851512E-03   1.1235827E-03   2.5820553E-03
   7.5000000E-01   1.6535138E+04   2.2196809E+03   1.8754818E+04   2.4669286E-03   5.4231903E-04   2.1930875E-03
   8.0000000E-01   1.0746938E+04   1.1697888E+03   1.1916726E+04   2.8258684E-03   2.3663322E-03   2.7454787E-03
   8.5000000E-01   5.9879707E+03   5.3176475E+02   6.5197354E+03   5.8821654E-03   5.4933348E-03   5.7465104E-03
   9.0000000E-01   3.5792178E+03   2.3696403E+02   3.8161819E+03   5.1915486E-03   6.0972302E-03   4.5443159E-03
   9.5000000E-01   2.3454413E+03   1.6753152E+02   2.5129728E+03   1.1180598E-02   1.1849584E-02   1.1223872E-02
   1.0000000E+00   7.4822472E+02   3.7725616E+01   7.8595034E+02   1.4148217E-02   3.2701154E-02   1.2625088E-02
