   0.0000000E+00   6.4324062E+05   9.6032819E+06   1.0244995E+07   3.5300668E-03   9.5253390E-06   2.2037402E-04
   5.0000000E-02   9.7912121E+04   1.6539382E+05   2.6317861E+05   2.6277195E-03   1.2177321E-03   5.7005066E-04
   1.0000000E-01   7.1301415E+04   6.3089019E+04   1.3432677E+05   3.6280624E-04   1.0304155E-03   4.6259772E-04
   1.5000000E-01   5.4367329E+04   3.7624229E+04   9.1991557E+04   4.2415753E-03   1.3881114E-03   2.4026936E-03
   2.0000000E-01   4.4786201E+04   2.2488593E+04   6.7274794E+04   1.3512843E-03   1.2062145E-03   7.2579185E-04
   2.5000000E-01   3.9037524E+04   1.6017353E+04   5.5054878E+04   2.8948234E-03   1.1952981E-03   2.3913679E-03
   3.0000000E-01   3.4536623E+04   1.1172677E+04   4.5709300E+04   2.5415144E-03   9.8138013E-04   2.1235871E-03
   3.5000000E-01   3.1003383E+04   8.2123951E+03   3.9206683E+04   2.5150500E-03   1.1548406E-03   2.2214814E-03
   4.0000000E-01   2.8273876E+04   6.4059865E+03   3.4679862E+04   4.0372349E-03   1.0167758E-03   3.1446051E-03
   4.5000000E-01   2.6879501E+04   4.1663227E+03   3.1038751E+04   5.6779992E-04   2.6493251E-03   8.3568721E-04
   5.0000000E-01   2.3981467E+04   3.1258031E+03   2.7100904E+04   1.0656330E-03   1.0555268E-03   9.9929339E-04
   5.5000000E-01   2.2513190E+04   2.2281692E+03   2.4741359E+04   4.2131158E-04   4.1777998E-04   3.6330886E-04
   6.0000000E-01   2.0849298E+04   1.6392959E+03   2.2493899E+04   8.0974792E-04   7.6456966E-04   7.3688141E-04
   6.5000000E-01   1.9745007E+04   1.2046805E+03   2.0949688E+04   4.5258717E-04   4.4690980E-04   4.4888816E-04
   7.0000000E-01   1.7857185E+04   9.5492966E+02   1.8812114E+04   1.1316351E-03   5.6092245E-03   1.2596418E-03
   7.5000000E-01   1.7604659E+04   6.5784043E+02   1.8266743E+04   2.0144685E-03   3.6363925E-03   1.8789380E-03
   8.0000000E-01   1.6484473E+04   4.3767609E+02   1.6922149E+04   1.0790833E-03   5.2274499E-03   9.4334844E-04
   8.5000000E-01   1.5069164E+04   3.6324775E+02   1.5432412E+04   3.1470407E-04   6.3101070E-03   4.1658374E-04
   9.0000000E-01   1.5551206E+04   2.9001567E+02   1.5841222E+04   4.4845805E-04   7.0853928E-03   5.6078676E-04
   9.5000000E-01   8.8691186E+03   1.2062269E+02   8.9897413E+03   8.0118202E-04   2.3298134E-02   6.4591706E-04
   1.0000000E+00   1.3203966E+03   1.2575205E+01   1.3329718E+03   1.4760937E-03   1.7376592E-06   1.4621833E-03
