   0.0000000E+00   2.4521066E+07   1.4094252E+07   3.8168156E+07   5.1127566E-03   2.3484767E-08   3.2677917E-03
   5.0000000E-02   2.6228735E+05   7.9386486E+04   3.4167383E+05   1.6860110E-01   3.8666145E-06   1.2933490E-01
   1.0000000E-01   1.0399184E+05   3.1640003E+04   1.3560001E+05   1.7519270E-01   6.5265310E-06   1.3441021E-01
   1.5000000E-01   5.4452211E+04   1.7400940E+04   7.1810710E+04   1.9456814E-01   1.8303675E-04   1.4748101E-01
   2.0000000E-01   3.2531270E+04   9.8039445E+03   4.2335215E+04   2.0377105E-01   1.0758812E-05   1.5651198E-01
   2.5000000E-01   2.0282706E+04   6.3025357E+03   2.6547045E+04   2.1789235E-01   2.6857220E-05   1.6656731E-01
   3.0000000E-01   1.2456527E+04   4.1168079E+03   1.6573335E+04   2.2568127E-01   5.5121629E-06   1.6969290E-01
   3.5000000E-01   7.8940852E+03   2.5373845E+03   1.0431470E+04   2.2077905E-01   2.3848611E-05   1.6708159E-01
   4.0000000E-01   5.0611272E+03   1.9257748E+03   6.9869020E+03   2.4487283E-01   3.3551604E-06   1.7737849E-01
   4.5000000E-01   3.2750551E+03   1.2661660E+03   4.5412210E+03   2.3866425E-01   8.7582844E-05   1.7214521E-01
   5.0000000E-01   1.9735213E+03   6.8754935E+02   2.6610706E+03   2.5390857E-01   8.3964586E-06   1.8830323E-01
   5.5000000E-01   1.2674521E+03   3.7039696E+02   1.6378491E+03   2.6489080E-01   9.2948999E-06   2.0498408E-01
   6.0000000E-01   7.2150241E+02   2.2812209E+02   9.4962449E+02   2.5883955E-01   4.9786468E-07   1.9666011E-01
   6.5000000E-01   4.2604554E+02   1.5180933E+02   5.7785487E+02   2.7192514E-01   4.6780764E-06   2.0048598E-01
   7.0000000E-01   2.8647890E+02   6.3661977E+01   3.5014087E+02   2.3328166E-01   1.4367096E-05   1.9086942E-01
   7.5000000E-01   1.7400940E+02   4.2441318E+01   2.1645072E+02   2.0381121E-01   5.8439782E-06   1.6384709E-01
   8.0000000E-01   1.1936621E+02   1.9894368E+01   1.3926058E+02   2.3422925E-01   9.3302849E-06   2.0076926E-01
   8.5000000E-01   1.0111020E+02   7.4896444E+00   1.0859984E+02   1.5115029E-01   2.2284547E-05   1.4072766E-01
   9.0000000E-01   4.9514871E+01   1.4147106E+01   6.3661977E+01   1.4880249E-01   1.7642013E-05   1.1573917E-01
   9.5000000E-01   5.0259456E+01   0.0000000E+00   5.0259456E+01   1.0536563E-01   0.0000000E+00   1.0536563E-01
   1.0000000E+00   2.5150411E+01   0.0000000E+00   2.5150411E+01   5.5292704E-06   0.0000000E+00   5.5292704E-06
