   0.0000000E+00   3.3365497E+07   1.6805743E+07   4.9527490E+07   8.4186920E-06   0.0000000E+00   5.6714733E-06
   5.0000000E-02   1.0185916E+03   4.4563384E+02   1.4642255E+03   1.6389201E-01   6.2451073E-02   1.3301868E-01
   1.0000000E-01   4.4563384E+02   6.3661977E+01   5.0929582E+02   1.6119880E-01   1.4970005E-01   1.5976146E-01
   1.5000000E-01   3.1830989E+02   1.2732395E+02   4.4563384E+02   1.5592572E-01   7.1673015E-02   1.3185352E-01
   2.0000000E-01   1.4323945E+02   6.3661977E+01   2.0690143E+02   1.3122993E-01   1.6827095E-01   1.4262717E-01
   2.5000000E-01   7.6394373E+01   1.0185916E+02   1.7825354E+02   1.3189936E-01   1.4894067E-01   1.4163725E-01
   3.0000000E-01   1.0610330E+02   8.4882636E+01   1.9098593E+02   1.1607444E-01   1.0847010E-01   1.1269473E-01
   3.5000000E-01   1.0004025E+02   2.7283705E+01   1.2732395E+02   2.7253968E-01   1.1760475E-01   2.3933933E-01
   4.0000000E-01   8.7535219E+01   3.1830989E+01   1.1936621E+02   1.8517197E-01   1.8482343E-01   1.8507903E-01
   4.5000000E-01   6.3661977E+01   2.8294212E+01   9.1956189E+01   1.9823269E-01   2.5268767E-01   2.1498807E-01
   5.0000000E-01   1.9098593E+01   1.2732395E+01   3.1830989E+01   1.9343218E-01   1.3002331E-06   1.1605983E-01
   5.5000000E-01   3.4724715E+01   2.3149810E+01   5.7874525E+01   2.4399015E-01   4.1833003E-02   1.6312729E-01
   6.0000000E-01   5.3051648E+01   1.5915494E+01   6.8967142E+01   2.0447175E-01   2.2664861E-01   2.0958948E-01
   6.5000000E-01   2.9382451E+01   4.8970752E+00   3.4279526E+01   1.8536214E-01   5.6559264E-06   1.5888264E-01
   7.0000000E-01   9.0945682E+00   1.3641852E+01   2.2736420E+01   1.7339353E-01   1.2061969E-06   6.9356688E-02
   7.5000000E-01   3.8197186E+01   0.0000000E+00   3.8197186E+01   2.2262149E-01   0.0000000E+00   2.2262149E-01
   8.0000000E-01   0.0000000E+00   0.0000000E+00   0.0000000E+00   0.0000000E+00   0.0000000E+00   0.0000000E+00
   8.5000000E-01   2.6213755E+01   1.1234467E+01   3.7448222E+01   3.2460149E-01   2.2555204E-01   2.9488666E-01
   9.0000000E-01   1.7683883E+01   0.0000000E+00   1.7683883E+01   4.1001244E-01   0.0000000E+00   4.1001244E-01
   9.5000000E-01   1.0051891E+01   0.0000000E+00   1.0051891E+01   1.4027865E-01   0.0000000E+00   1.4027865E-01
   1.0000000E+00   0.0000000E+00   0.0000000E+00   0.0000000E+00   0.0000000E+00   0.0000000E+00   0.0000000E+00
