   0.0000000E+00   1.1932292E+07   9.7311152E+06   2.1568169E+07   5.4263539E-03   2.2657585E-04   3.0834771E-03
   5.0000000E-02   2.9233580E+05   1.2630536E+05   4.1825919E+05   3.7908193E-02   2.0003207E-03   2.7123433E-02
   1.0000000E-01   1.1029438E+05   4.8446765E+04   1.5877297E+05   4.0659169E-02   1.4908807E-03   2.8600523E-02
   1.5000000E-01   6.4192494E+04   2.7714181E+04   9.1885454E+04   4.7462076E-02   7.0159827E-04   3.3346704E-02
   2.0000000E-01   4.8239863E+04   1.9448734E+04   6.7609020E+04   3.6804559E-02   2.0187204E-04   2.6179491E-02
   2.5000000E-01   3.5714369E+04   1.4158424E+04   4.9847328E+04   3.4349662E-02   9.0874697E-04   2.4871984E-02
   3.0000000E-01   2.9178406E+04   1.0737653E+04   3.9884229E+04   3.6122899E-02   3.3820446E-04   2.6431620E-02
   3.5000000E-01   2.2881934E+04   8.1396385E+03   3.1012477E+04   3.1453818E-02   5.9270276E-04   2.3088858E-02
   4.0000000E-01   1.8629086E+04   6.7004231E+03   2.5321551E+04   3.2844557E-02   1.0345817E-03   2.4437151E-02
   4.5000000E-01   1.6424790E+04   5.1000317E+03   2.1517748E+04   2.7323455E-02   1.0008372E-03   2.0817314E-02
   5.0000000E-01   1.3700058E+04   3.9788736E+03   1.7685297E+04   3.6233087E-02   7.8435548E-04   2.8224226E-02
   5.5000000E-01   1.1823765E+04   3.4493217E+03   1.5273087E+04   3.0485393E-02   5.3284125E-04   2.3678904E-02
   6.0000000E-01   1.0742959E+04   2.7480754E+03   1.3491034E+04   3.0397551E-02   1.0863682E-03   2.3994911E-02
   6.5000000E-01   9.2260896E+03   2.2428604E+03   1.1459156E+04   2.7902816E-02   5.7943471E-04   2.2482793E-02
   7.0000000E-01   7.6439846E+03   1.6597587E+03   9.2946487E+03   2.8957085E-02   1.8501861E-03   2.4100648E-02
   7.5000000E-01   6.8500288E+03   1.3453898E+03   8.1911744E+03   2.5846073E-02   7.3032668E-04   2.1703443E-02
   8.0000000E-01   5.8887329E+03   9.7482403E+02   6.8635569E+03   2.0826355E-02   9.3600630E-04   1.8000967E-02
   8.5000000E-01   5.1603650E+03   7.6019890E+02   5.9205639E+03   2.3521275E-02   3.0691660E-05   2.0497208E-02
   9.0000000E-01   3.8975277E+03   4.5624417E+02   4.3537719E+03   2.1255260E-02   3.9516672E-06   1.9028092E-02
   9.5000000E-01   2.4962196E+03   3.1830989E+02   2.8145295E+03   1.3552082E-02   2.4708386E-03   1.1957245E-02
   1.0000000E+00   8.6140157E+02   8.1738835E+01   9.4314040E+02   5.0640984E-02   1.7606092E-06   4.6251962E-02
