   0.0000000E+00   3.3036492E+07   1.6934086E+07   4.9505591E+07   1.0352828E-03   1.7970188E-08   6.9016829E-04
   5.0000000E-02   8.2760570E+02   6.3661977E+01   8.9126768E+02   1.6138557E-01   1.4620264E-05   1.4985907E-01
   1.0000000E-01   4.1380285E+02   0.0000000E+00   4.1380285E+02   4.0194593E-05   0.0000000E+00   4.0194593E-05
   1.5000000E-01   4.2441318E+02   0.0000000E+00   4.2441318E+02   4.6998762E-07   0.0000000E+00   4.6998762E-07
   2.0000000E-01   4.4563384E+02   0.0000000E+00   4.4563384E+02   1.4751426E-06   0.0000000E+00   1.4751426E-06
   2.5000000E-01   4.0743665E+02   0.0000000E+00   4.0743665E+02   2.3122857E-06   0.0000000E+00   2.3122857E-06
   3.0000000E-01   4.7746483E+02   0.0000000E+00   4.7746483E+02   4.2044816E-06   0.0000000E+00   4.2044816E-06
   3.5000000E-01   5.6386323E+02   0.0000000E+00   5.6386323E+02   2.0785934E-06   0.0000000E+00   2.0785934E-06
   4.0000000E-01   5.6500005E+02   0.0000000E+00   5.6500005E+02   3.6676769E-06   0.0000000E+00   3.6676769E-06
   4.5000000E-01   6.2247267E+02   0.0000000E+00   6.2247267E+02   3.9251340E-06   0.0000000E+00   3.9251340E-06
   5.0000000E-01   7.8940852E+02   0.0000000E+00   7.8940852E+02   2.4968323E-06   0.0000000E+00   2.4968323E-06
   5.5000000E-01   9.2599240E+02   0.0000000E+00   9.2599240E+02   4.7138701E-05   0.0000000E+00   4.7138701E-05
   6.0000000E-01   1.7188734E+03   0.0000000E+00   1.7188734E+03   2.0292129E-05   0.0000000E+00   2.0292129E-05
   6.5000000E-01   3.2810404E+02   0.0000000E+00   3.2810404E+02   2.5214412E-06   0.0000000E+00   2.5214412E-06
   7.0000000E-01   0.0000000E+00   0.0000000E+00   0.0000000E+00   0.0000000E+00   0.0000000E+00   0.0000000E+00
   7.5000000E-01   0.0000000E+00   0.0000000E+00   0.0000000E+00   0.0000000E+00   0.0000000E+00   0.0000000E+00
   8.0000000E-01   0.0000000E+00   0.0000000E+00   0.0000000E+00   0.0000000E+00   0.0000000E+00   0.0000000E+00
   8.5000000E-01   0.0000000E+00   0.0000000E+00   0.0000000E+00   0.0000000E+00   0.0000000E+00   0.0000000E+00
   9.0000000E-01   0.0000000E+00   0.0000000E+00   0.0000000E+00   0.0000000E+00   0.0000000E+00   0.0000000E+00
   9.5000000E-01   0.0000000E+00   0.0000000E+00   0.0000000E+00   0.0000000E+00   0.0000000E+00   0.0000000E+00
   1.0000000E+00   0.0000000E+00   0.0000000E+00   0.0000000E+00   0.0000000E+00   0.0000000E+00   0.0000000E+00
