   0.0000000E+00   3.2157447E+07   1.6759397E+07   4.8244065E+07   2.4032891E-04   1.1341177E-05   1.6319014E-04
   5.0000000E-02   1.7889016E+04   4.7109863E+03   2.2600002E+04   2.0258063E-01   1.6208375E-05   1.6034918E-01
   1.0000000E-01   7.8940852E+03   2.0690143E+03   9.9630994E+03   2.0198002E-01   1.0235559E-05   1.6003740E-01
   1.5000000E-01   4.1380285E+03   9.3370900E+02   5.0717375E+03   2.1772702E-01   3.1459024E-06   1.7764396E-01
   2.0000000E-01   2.7056340E+03   5.2521131E+02   3.2308453E+03   2.1843280E-01   3.5290187E-06   1.8292459E-01
   2.5000000E-01   1.8461973E+03   4.9656342E+02   2.3427608E+03   2.3928035E-01   1.1524614E-06   1.8856308E-01
   3.0000000E-01   1.5809391E+03   3.5014087E+02   1.9310800E+03   1.9893581E-01   5.6007875E-07   1.6286513E-01
   3.5000000E-01   1.1095373E+03   1.7279680E+02   1.2823341E+03   2.0259209E-01   9.1556302E-05   1.7530479E-01
   4.0000000E-01   8.5943669E+02   6.3661977E+01   9.2309867E+02   1.4818476E-01   3.9531947E-05   1.3796240E-01
   4.5000000E-01   6.8613464E+02   1.2025040E+02   8.0638504E+02   1.8029501E-01   5.2324770E-05   1.5341672E-01
   5.0000000E-01   6.5571837E+02   5.0929582E+01   7.0664795E+02   9.8019372E-02   1.3000760E-05   9.0953976E-02
   5.5000000E-01   5.1508327E+02   4.6299620E+01   5.6138289E+02   7.9589052E-02   1.4257094E-05   7.3026183E-02
   6.0000000E-01   4.1910802E+02   4.2441318E+01   4.6154933E+02   7.6804333E-02   4.1844948E-06   6.9741480E-02
   6.5000000E-01   4.0156016E+02   9.7941503E+00   4.1135431E+02   3.2896848E-02   2.6482605E-06   3.2113653E-02
   7.0000000E-01   3.7742458E+02   4.5472841E+00   3.8197186E+02   1.0530218E-02   6.8909109E-07   1.0404867E-02
   7.5000000E-01   3.2679815E+02   0.0000000E+00   3.2679815E+02   2.8131686E-02   0.0000000E+00   2.8131686E-02
   8.0000000E-01   2.9045777E+02   0.0000000E+00   2.9045777E+02   2.0923493E-02   0.0000000E+00   2.0923493E-02
   8.5000000E-01   1.7226182E+02   0.0000000E+00   1.7226182E+02   1.1947426E-05   0.0000000E+00   1.1947426E-05
   9.0000000E-01   1.6976527E+02   0.0000000E+00   1.6976527E+02   1.6038524E-02   0.0000000E+00   1.6038524E-02
   9.5000000E-01   1.1727206E+02   0.0000000E+00   1.1727206E+02   2.6627677E-05   0.0000000E+00   2.6627677E-05
   1.0000000E+00   5.0300822E+01   0.0000000E+00   5.0300822E+01   6.5064089E-06   0.0000000E+00   6.5064089E-06
