   0.0000000E+00   2.6929526E+07   1.4713556E+07   4.1184716E+07   7.6662984E-04   4.0727254E-04   6.4125827E-04
   5.0000000E-02   6.9837189E+04   2.6674368E+04   9.6511557E+04   1.1139279E-01   8.0403508E-02   1.0274651E-01
   1.0000000E-01   3.0971552E+04   1.1681973E+04   4.2621694E+04   1.1664058E-01   7.9604799E-02   1.0646732E-01
   1.5000000E-01   2.0393053E+04   7.7243199E+03   2.8117373E+04   1.1338424E-01   1.0133951E-01   1.1005707E-01
   2.0000000E-01   1.4721832E+04   5.6340850E+03   2.0340002E+04   1.2368796E-01   8.9149754E-02   1.1418961E-01
   2.5000000E-01   1.1306367E+04   3.6414651E+03   1.4947832E+04   1.1264568E-01   8.5333890E-02   1.0587365E-01
   3.0000000E-01   9.2309867E+03   2.6525824E+03   1.1883569E+04   1.2057283E-01   8.3473799E-02   1.1228399E-01
   3.5000000E-01   7.7121938E+03   2.4464388E+03   1.0149538E+04   1.2923693E-01   9.1952874E-02   1.2036317E-01
   4.0000000E-01   6.1990850E+03   1.8859861E+03   8.0850711E+03   1.3042243E-01   9.2064240E-02   1.2147453E-01
   4.5000000E-01   5.0575904E+03   1.7683883E+03   6.8259787E+03   1.2654272E-01   1.0375504E-01   1.2063739E-01
   5.0000000E-01   4.8383103E+03   1.1841128E+03   6.0224230E+03   1.3003316E-01   8.4036095E-02   1.2095146E-01
   5.5000000E-01   4.1611783E+03   1.0475289E+03   5.2087072E+03   1.3546493E-01   7.9905332E-02   1.2429094E-01
   6.0000000E-01   3.2573712E+03   9.0718318E+02   4.1645543E+03   1.3217254E-01   7.7840625E-02   1.2032563E-01
   6.5000000E-01   3.0361866E+03   7.3456128E+02   3.7707479E+03   1.4102641E-01   7.6607297E-02   1.2847711E-01
   7.0000000E-01   2.5555737E+03   6.8663990E+02   3.2422136E+03   1.4794041E-01   9.9029928E-02   1.3758047E-01
   7.5000000E-01   2.1178218E+03   5.0929582E+02   2.6271176E+03   1.3270851E-01   7.7519097E-02   1.2180335E-01
   8.0000000E-01   1.8581340E+03   5.4510568E+02   2.4032396E+03   1.4908992E-01   7.3420451E-02   1.3186534E-01
   8.5000000E-01   1.4604807E+03   3.2205471E+02   1.7825354E+03   1.5722467E-01   7.9730711E-02   1.4322327E-01
   9.0000000E-01   1.1105478E+03   2.8294212E+02   1.3934899E+03   1.4089115E-01   9.5422639E-02   1.3165252E-01
   9.5000000E-01   8.5441075E+02   1.7088215E+02   1.0252929E+03   1.2898445E-01   1.0135015E-01   1.2437821E-01
   1.0000000E+00   3.2066774E+02   8.8026438E+01   4.0869417E+02   1.5537102E-01   2.3286042E-02   1.1898657E-01
