   0.0000000E+00   2.5732680E+07   1.5081268E+07   4.0386140E+07   1.0361428E-03   2.9613228E-04   7.5873169E-04
   5.0000000E-02   8.1487331E+04   2.8138594E+04   1.0962592E+05   1.2128242E-01   7.1041551E-02   1.0835260E-01
   1.0000000E-01   3.7178595E+04   1.2382255E+04   4.9529018E+04   1.2107028E-01   6.4545070E-02   1.0700147E-01
   1.5000000E-01   2.5634556E+04   7.2150241E+03   3.2828360E+04   1.1612954E-01   6.2430905E-02   1.0440264E-01
   2.0000000E-01   1.7777607E+04   5.0292962E+03   2.2790988E+04   1.2373240E-01   4.9870467E-02   1.0745525E-01
   2.5000000E-01   1.3763719E+04   3.7433243E+03   1.7507044E+04   1.1795297E-01   6.2933907E-02   1.0618877E-01
   3.0000000E-01   1.2053334E+04   2.9178406E+03   1.4981785E+04   1.2341385E-01   5.3666385E-02   1.0984789E-01
   3.5000000E-01   9.6129586E+03   2.1826964E+03   1.1795655E+04   1.2560466E-01   5.4555744E-02   1.1243603E-01
   4.0000000E-01   7.8145077E+03   1.5199297E+03   9.3344374E+03   1.2897121E-01   5.2215812E-02   1.1645921E-01
   4.5000000E-01   6.1822853E+03   1.1954305E+03   7.3777158E+03   1.3150942E-01   4.0901337E-02   1.1678594E-01
   5.0000000E-01   5.3348737E+03   1.0695212E+03   6.4043949E+03   1.1346518E-01   3.6195805E-02   1.0051945E-01
   5.5000000E-01   4.6299620E+03   8.1603080E+02   5.4459928E+03   1.0764277E-01   5.6465172E-02   9.9927941E-02
   6.0000000E-01   4.0637562E+03   5.5173714E+02   4.6154933E+03   1.2340322E-01   3.1843745E-02   1.1262222E-01
   6.5000000E-01   3.4671292E+03   4.2604554E+02   3.8931748E+03   1.1207335E-01   2.3410369E-02   1.0233560E-01
   7.0000000E-01   3.0012075E+03   4.3653927E+02   3.4377468E+03   1.0810729E-01   3.4294813E-02   9.8732407E-02
   7.5000000E-01   2.4446199E+03   3.3528641E+02   2.7799063E+03   1.0819336E-01   2.7751391E-02   9.8489488E-02
   8.0000000E-01   1.8342607E+03   2.3077467E+02   2.0650354E+03   1.0304301E-01   3.5712621E-02   9.5411011E-02
   8.5000000E-01   1.4155428E+03   1.8349629E+02   1.5990391E+03   1.1623152E-01   4.1467981E-02   1.0755596E-01
   9.0000000E-01   9.0895156E+02   1.4500784E+02   1.0539594E+03   1.0646928E-01   4.8305840E-02   9.8306744E-02
   9.5000000E-01   6.2991851E+02   6.3661977E+01   6.9358049E+02   1.3810951E-01   2.7880309E-05   1.2543026E-01
   1.0000000E+00   1.8234048E+02   6.2876027E+00   1.8862808E+02   1.6074139E-01   8.0550512E-06   1.5538361E-01
