   0.0000000E+00   7.0079105E+05   3.5803496E+05   1.0588260E+06   1.6045333E-03   6.6665938E-06   1.0603099E-03
   5.0000000E-02   2.2892847E+05   1.0828902E+05   3.3715383E+05   6.6528777E-03   4.5799111E-05   4.5498623E-03
   1.0000000E-01   1.2318593E+05   5.9237470E+04   1.8242340E+05   4.0969917E-03   8.3921914E-05   2.7564485E-03
   1.5000000E-01   8.2230054E+04   3.9661412E+04   1.2189147E+05   3.2870013E-03   4.4239146E-05   2.2030809E-03
   2.0000000E-01   6.3455076E+04   2.9873383E+04   9.3328459E+04   4.8534632E-03   2.2140114E-04   3.3290892E-03
   2.5000000E-01   5.1273356E+04   2.4853636E+04   7.6139725E+04   3.7091260E-03   3.8856042E-05   2.5067795E-03
   3.0000000E-01   4.3268924E+04   2.1485917E+04   6.4754841E+04   4.0536605E-03   3.0218256E-04   2.6309355E-03
   3.5000000E-01   3.6341894E+04   1.8434690E+04   5.4776584E+04   8.9221566E-04   1.9528004E-04   6.3230075E-04
   4.0000000E-01   3.1640003E+04   1.6082607E+04   4.7722610E+04   8.2952385E-03   5.1272980E-05   5.5079856E-03
   4.5000000E-01   2.6879501E+04   1.3630737E+04   4.0503165E+04   7.0396547E-03   9.7695160E-05   4.6390374E-03
   5.0000000E-01   2.5038256E+04   1.1522818E+04   3.6561074E+04   3.2155059E-03   1.1498676E-04   2.1741373E-03
   5.5000000E-01   2.2055981E+04   1.1077184E+04   3.3133165E+04   6.7619672E-03   9.7685964E-05   4.4766143E-03
   6.0000000E-01   1.9103898E+04   9.4007520E+03   2.8504650E+04   4.8841543E-03   1.5498723E-04   3.2247354E-03
   6.5000000E-01   1.6747997E+04   8.6041611E+03   2.5352158E+04   3.8708389E-03   1.1404912E-04   2.5315116E-03
   7.0000000E-01   1.5115172E+04   7.4711878E+03   2.2581813E+04   4.4028219E-03   5.8996732E-05   2.9581756E-03
   7.5000000E-01   1.2800302E+04   6.7227048E+03   1.9523006E+04   1.0881298E-02   1.2043497E-04   7.1723097E-03
   8.0000000E-01   1.1176656E+04   5.4868667E+03   1.6659544E+04   1.0091838E-02   1.4082532E-04   6.7657570E-03
   8.5000000E-01   9.1748144E+03   4.5611934E+03   1.3736008E+04   1.3963618E-02   3.5818281E-05   9.3319859E-03
   9.0000000E-01   7.3105171E+03   3.6004385E+03   1.0910956E+04   4.6186698E-03   3.2918150E-05   3.0871434E-03
   9.5000000E-01   4.9555823E+03   2.6905562E+03   7.6461385E+03   1.1734334E-02   4.1706737E-05   7.5935324E-03
   1.0000000E+00   2.3892890E+03   1.4272858E+03   3.8165748E+03   1.3264592E-02   1.2801775E-05   8.2997664E-03
