   0.0000000E+00   2.8446718E+07   1.5443886E+07   4.3321721E+07   2.4299557E-03   1.3686706E-08   1.5817365E-03
   5.0000000E-02   1.3439043E+05   3.4122820E+04   1.6844959E+05   1.8654942E-01   6.2313072E-06   1.4897989E-01
   1.0000000E-01   5.3476061E+04   1.5151551E+04   6.8563949E+04   2.0340246E-01   1.4620477E-06   1.5864227E-01
   1.5000000E-01   2.9624040E+04   8.4033810E+03   3.8006200E+04   2.1089253E-01   2.9957896E-05   1.6442259E-01
   2.0000000E-01   1.7554790E+04   5.0929582E+03   2.2647748E+04   2.3766320E-01   9.2500069E-06   1.8422028E-01
   2.5000000E-01   1.1535550E+04   3.2594932E+03   1.4782311E+04   2.5075248E-01   1.3858280E-05   1.9568069E-01
   3.0000000E-01   7.7349302E+03   2.1645072E+03   9.8994375E+03   2.5707197E-01   1.0932073E-05   2.0086092E-01
   3.5000000E-01   5.0202016E+03   1.3641852E+03   6.3843869E+03   2.7721291E-01   1.3202489E-05   2.1797848E-01
   4.0000000E-01   3.3024651E+03   1.0106339E+03   4.3130990E+03   2.7618187E-01   9.3260023E-06   2.1146911E-01
   4.5000000E-01   2.1928014E+03   6.2247267E+02   2.8152741E+03   2.8814301E-01   9.5253440E-06   2.2443093E-01
   5.0000000E-01   1.5215213E+03   3.9470426E+02   1.9162255E+03   2.8707050E-01   1.0975885E-05   2.2794194E-01
   5.5000000E-01   9.3756730E+02   3.2409734E+02   1.2616646E+03   3.0609364E-01   3.3342573E-05   2.2747265E-01
   6.0000000E-01   5.4112681E+02   1.4323945E+02   6.8436626E+02   2.9836243E-01   7.7314760E-06   2.3591610E-01
   6.5000000E-01   3.3789819E+02   1.0283858E+02   4.4073677E+02   3.3046547E-01   2.2221358E-06   2.5335635E-01
   7.0000000E-01   2.0917507E+02   6.3661977E+01   2.7283705E+02   3.0687682E-01   1.4718336E-05   2.3526880E-01
   7.5000000E-01   1.2307982E+02   4.2441318E+01   1.6552114E+02   3.4135165E-01   4.9774697E-08   2.5382557E-01
   8.0000000E-01   7.1619724E+01   1.9894368E+01   9.1514092E+01   2.3206816E-01   2.1834667E-05   1.8162330E-01
   8.5000000E-01   3.7448222E+01   1.1234467E+01   4.8682688E+01   3.9680213E-01   1.4064357E-05   3.0523565E-01
   9.0000000E-01   2.1220659E+01   3.5367765E+00   2.4757436E+01   3.1796335E-01   1.3253756E-05   2.7253812E-01
   9.5000000E-01   6.7012608E+00   0.0000000E+00   6.7012608E+00   3.9779330E-01   0.0000000E+00   3.9779330E-01
   1.0000000E+00   1.8862808E+01   0.0000000E+00   1.8862808E+01   2.8572824E-01   0.0000000E+00   2.8572824E-01
