   0.0000000E+00   3.0505801E+07   1.5489723E+07   4.5842226E+07   3.0429766E-05   3.1972246E-05   2.3865515E-05
   5.0000000E-02   1.6806762E+04   8.5307049E+03   2.5337467E+04   8.1552724E-03   4.0594293E-03   6.3405060E-03
   1.0000000E-01   1.1045353E+04   5.8250709E+03   1.6870424E+04   1.0448975E-02   1.6755936E-02   2.1733633E-03
   1.5000000E-01   7.3847894E+03   3.6075120E+03   1.0992301E+04   7.4108019E-03   1.9500650E-02   7.7676217E-03
   2.0000000E-01   5.5863385E+03   3.0557749E+03   8.6421134E+03   1.7366094E-02   9.7138909E-03   1.3724889E-02
   2.5000000E-01   4.9274370E+03   2.4191551E+03   7.3338598E+03   1.4625071E-02   1.3264324E-02   6.9335193E-03
   3.0000000E-01   4.0955872E+03   1.8886387E+03   5.9842259E+03   2.1388070E-02   7.2685407E-03   1.6893591E-02
   3.5000000E-01   3.6651110E+03   1.6734005E+03   5.3385115E+03   4.8047047E-03   1.1142452E-02   5.8425727E-03
   4.0000000E-01   3.1910566E+03   1.5278875E+03   4.7189441E+03   1.1175247E-02   7.9981171E-03   9.0158176E-03
   4.5000000E-01   2.7162444E+03   1.3581222E+03   4.0743665E+03   1.2119539E-02   4.3680416E-03   7.9409662E-03
   5.0000000E-01   2.4000565E+03   1.1968452E+03   3.5969017E+03   1.3799517E-02   7.7023751E-03   1.1697349E-02
   5.5000000E-01   1.9445840E+03   1.0185916E+03   2.9631757E+03   5.3065778E-03   1.2228619E-02   7.6666774E-03
   6.0000000E-01   1.7719250E+03   9.4431933E+02   2.7162444E+03   8.0279173E-03   9.1972704E-03   8.3519546E-03
   6.5000000E-01   1.5915494E+03   7.6884080E+02   2.3603902E+03   4.5204635E-03   8.6892443E-03   2.9254485E-03
   7.0000000E-01   1.3687325E+03   7.6394373E+02   2.1326762E+03   2.4883727E-02   1.5239186E-02   1.1167757E-02
   7.5000000E-01   1.3666104E+03   6.5359630E+02   2.0202067E+03   1.1558569E-02   8.4881217E-03   7.1871315E-03
   8.0000000E-01   1.1578522E+03   5.8489442E+02   1.7427466E+03   2.0232217E-02   1.1601791E-02   1.4954874E-02
   8.5000000E-01   8.1637124E+02   5.2427511E+02   1.3406463E+03   1.0242643E-02   1.1058101E-02   1.0202211E-02
   9.0000000E-01   7.6394373E+02   3.8904542E+02   1.1529891E+03   1.8990445E-02   1.7346477E-02   1.1193143E-02
   9.5000000E-01   4.5233510E+02   2.8145295E+02   7.3378805E+02   1.6024365E-02   5.9086247E-03   1.1275463E-02
   1.0000000E+00   3.1438013E+02   1.8234048E+02   4.9672061E+02   6.1225809E-02   3.1866346E-02   4.8013404E-02
