   0.0000000E+00   4.1665491E+06   9.1046813E+06   1.3251368E+07   2.1440100E-04   1.0280577E-05   7.4144632E-05
   5.0000000E-02   1.3610931E+05   1.2382255E+05   2.5980453E+05   2.4058989E-03   6.2404646E-04   1.1837002E-03
   1.0000000E-01   7.5853246E+04   4.9910990E+04   1.2576424E+05   2.5971138E-03   8.3719574E-04   1.7730312E-03
   1.5000000E-01   5.7953620E+04   3.1597561E+04   8.9551181E+04   2.1680110E-03   9.9315620E-04   1.6606469E-03
   2.0000000E-01   4.7666905E+04   2.0721974E+04   6.8357048E+04   1.7104119E-03   2.0055349E-03   6.3893067E-04
   2.5000000E-01   4.1571271E+04   1.5240677E+04   5.6799216E+04   2.1952110E-03   1.4054235E-03   1.6264475E-03
   3.0000000E-01   3.7793994E+04   1.1968452E+04   4.9751835E+04   1.8833497E-03   1.7331057E-03   1.1629942E-03
   3.5000000E-01   3.2840486E+04   9.2218921E+03   4.2062378E+04   3.0733649E-03   1.0173081E-03   2.1767812E-03
   4.0000000E-01   2.8854791E+04   7.3131696E+03   3.6144088E+04   3.9798211E-03   2.0234141E-03   2.8598647E-03
   4.5000000E-01   2.7204885E+04   5.9559316E+03   3.3153743E+04   2.0973560E-03   1.9493943E-03   1.7768124E-03
   5.0000000E-01   2.5159213E+04   4.6855215E+03   2.9838369E+04   1.7005275E-03   6.2437256E-04   1.3919828E-03
   5.5000000E-01   2.2947249E+04   3.7849939E+03   2.6720668E+04   9.3887035E-04   7.3812961E-04   8.8453785E-04
   6.0000000E-01   2.0408969E+04   3.3051177E+03   2.3714087E+04   1.9573256E-03   1.8622673E-03   1.7330591E-03
   6.5000000E-01   1.8936990E+04   2.5660674E+03   2.1493263E+04   2.4167026E-03   6.2835193E-04   2.0589182E-03
   7.0000000E-01   1.7347889E+04   2.3145676E+03   1.9662456E+04   3.6804569E-03   1.7081450E-03   3.0619389E-03
   7.5000000E-01   1.6322931E+04   2.0202067E+03   1.8343138E+04   3.0234131E-03   2.2615104E-03   2.7647699E-03
   8.0000000E-01   1.3150177E+04   1.5676762E+03   1.4713874E+04   2.3298761E-03   1.3975084E-03   2.1214022E-03
   8.5000000E-01   6.4785424E+03   4.5312349E+02   6.9316659E+03   2.2106858E-03   4.5018324E-03   2.3470129E-03
   9.0000000E-01   3.6994682E+03   1.9098593E+02   3.8904542E+03   4.7628282E-03   9.4241084E-04   4.5507942E-03
   9.5000000E-01   2.2315198E+03   1.0722017E+02   2.3387400E+03   7.5385810E-04   5.2446939E-03   8.7119832E-04
   1.0000000E+00   7.5451232E+02   5.0300822E+01   8.0481314E+02   1.8919844E-02   2.1857766E-02   1.6648483E-02
