   0.0000000E+00   1.6062172E+07   1.0515940E+07   2.6449260E+07   2.6434490E-03   1.1723511E-03   2.0581455E-03
   5.0000000E-02   2.0581917E+05   9.4028740E+04   2.9959326E+05   2.8776115E-02   2.4039683E-02   2.7306703E-02
   1.0000000E-01   8.1901134E+04   3.5969017E+04   1.1780649E+05   2.3611465E-02   1.9118065E-02   2.2307868E-02
   1.5000000E-01   5.0696155E+04   2.1390424E+04   7.2065358E+04   3.1424995E-02   1.9429709E-02   2.7569531E-02
   2.0000000E-01   3.5411975E+04   1.5215213E+04   5.0579441E+04   3.3467695E-02   1.4738817E-02   2.7930204E-02
   2.5000000E-01   2.8087664E+04   1.0975325E+04   3.9062989E+04   2.8932819E-02   1.1681946E-02   2.4084166E-02
   3.0000000E-01   2.3501880E+04   8.2548364E+03   3.1756716E+04   2.5459288E-02   1.8517758E-02   2.3648279E-02
   3.5000000E-01   1.8434690E+04   7.2210871E+03   2.5628493E+04   2.5986377E-02   1.7461809E-02   2.3568461E-02
   4.0000000E-01   1.6010987E+04   5.7693667E+03   2.1780354E+04   2.4374481E-02   1.9159448E-02   2.2980474E-02
   4.5000000E-01   1.3906605E+04   4.5553681E+03   1.8447826E+04   2.9421716E-02   1.5538886E-02   2.5867961E-02
   5.0000000E-01   1.1968452E+04   4.0043384E+03   1.5972790E+04   3.3171035E-02   1.4002987E-02   2.8108106E-02
   5.5000000E-01   1.0238003E+04   3.4377468E+03   1.3664175E+04   2.8262404E-02   2.0754883E-02   2.6331849E-02
   6.0000000E-01   9.0877473E+03   2.8011270E+03   1.1888874E+04   2.9455839E-02   1.3626414E-02   2.5670282E-02
   6.5000000E-01   8.0018208E+03   2.4975083E+03   1.0489535E+04   2.8979567E-02   1.5064797E-02   2.5241174E-02
   7.0000000E-01   6.9437028E+03   2.0644670E+03   9.0036225E+03   2.8947386E-02   1.3637555E-02   2.5447384E-02
   7.5000000E-01   5.9799817E+03   1.8037560E+03   7.7837378E+03   3.1518739E-02   9.4019582E-03   2.6393486E-02
   8.0000000E-01   5.0611272E+03   1.3727114E+03   6.4338386E+03   2.9111144E-02   8.4093338E-03   2.4652378E-02
   8.5000000E-01   4.3814420E+03   1.1908535E+03   5.5722954E+03   3.0979507E-02   7.3902685E-03   2.5938258E-02
   9.0000000E-01   3.3882319E+03   8.8773090E+02   4.2794996E+03   3.0802278E-02   1.7031733E-02   2.7919243E-02
   9.5000000E-01   2.0974946E+03   5.3610086E+02   2.6335955E+03   3.9312689E-02   2.6981977E-02   3.5944976E-02
   1.0000000E+00   8.2996356E+02   2.4521650E+02   1.0751801E+03   3.2881050E-02   1.2760707E-02   2.8035918E-02
