   0.0000000E+00   9.1882059E+06   9.1917709E+06   1.8330066E+07   6.5565704E-05   5.0927806E-05   4.6911080E-05
   5.0000000E-02   1.9213185E+05   1.1026254E+05   3.0233073E+05   6.9514146E-04   3.7185169E-04   3.3053224E-04
   1.0000000E-01   1.0863916E+05   5.0101976E+04   1.5874114E+05   6.0276991E-04   6.9241179E-04   2.0250613E-04
   1.5000000E-01   7.7137096E+04   3.1088266E+04   1.0816170E+05   2.4944377E-04   1.6598973E-03   3.4860261E-04
   2.0000000E-01   6.3502822E+04   2.3491270E+04   8.6994092E+04   1.5033586E-04   1.0263501E-03   1.8190517E-04
   2.5000000E-01   5.0789525E+04   1.8270987E+04   6.8971386E+04   2.1945290E-04   5.0856458E-04   1.5559699E-04
   3.0000000E-01   4.5730520E+04   1.4567982E+04   6.0298503E+04   1.5277409E-03   1.1105661E-04   1.1319219E-03
   3.5000000E-01   4.0025195E+04   1.2086681E+04   5.2111876E+04   1.1135601E-03   8.4591349E-04   1.0452148E-03
   4.0000000E-01   3.5610919E+04   9.6607050E+03   4.5255708E+04   9.7271958E-04   3.5471469E-04   7.2899087E-04
   4.5000000E-01   3.0543602E+04   8.3538661E+03   3.8876247E+04   1.7679144E-03   1.5583468E-03   1.7119235E-03
   5.0000000E-01   1.8913973E+04   4.5200004E+03   2.3414875E+04   2.6892115E-03   1.1197774E-03   2.2875276E-03
   5.5000000E-01   1.1852703E+04   2.5349042E+03   1.4387607E+04   1.3754968E-03   7.0951780E-03   2.2684287E-03
   6.0000000E-01   8.9551181E+03   1.7507044E+03   1.0705823E+04   2.2941911E-03   1.7567063E-03   2.1206520E-03
   6.5000000E-01   7.2721566E+03   1.1067390E+03   8.3788956E+03   4.8461236E-03   1.7418715E-02   6.3770710E-03
   7.0000000E-01   5.7068415E+03   9.2309867E+02   6.6299402E+03   6.6307758E-03   2.7154135E-03   5.5887831E-03
   7.5000000E-01   4.2908173E+03   6.3661977E+02   4.9274370E+03   4.3873454E-03   4.9619789E-03   4.4445894E-03
   8.0000000E-01   3.4297890E+03   6.2866203E+02   4.0584510E+03   3.3896830E-03   1.7668606E-03   2.5915794E-03
   8.5000000E-01   2.7224857E+03   3.4826846E+02   3.0707542E+03   1.4210094E-02   1.8207633E-02   1.4282837E-02
   9.0000000E-01   1.9699845E+03   2.2281692E+02   2.1928014E+03   2.1074709E-02   3.5252402E-02   2.1943092E-02
   9.5000000E-01   1.2263307E+03   1.7423278E+02   1.4005635E+03   1.8439658E-02   2.2000222E-02   1.7125635E-02
   1.0000000E+00   5.2815863E+02   8.1738835E+01   6.0989746E+02   2.2240025E-02   5.2223531E-03   1.9386596E-02
