   0.0000000E+00   1.6340247E+07   1.0193556E+07   2.6419211E+07   1.6494768E-03   1.2991216E-04   1.0207297E-03
   5.0000000E-02   3.0646876E+05   1.4699551E+05   4.5320962E+05   9.1091576E-03   5.2634536E-04   6.2181935E-03
   1.0000000E-01   8.8681134E+04   4.2303384E+04   1.3092086E+05   7.4952148E-03   2.3942574E-03   5.2704466E-03
   1.5000000E-01   5.3369958E+04   2.4658406E+04   7.7964701E+04   7.2434674E-03   7.6691763E-04   4.7314863E-03
   2.0000000E-01   3.7576482E+04   1.6297466E+04   5.3858033E+04   6.9835784E-03   9.9830900E-04   4.7385344E-03
   2.5000000E-01   2.7883946E+04   1.2974311E+04   4.0820060E+04   9.5790038E-03   1.0254189E-03   6.4742273E-03
   3.0000000E-01   2.2769767E+04   8.9657285E+03   3.1714275E+04   4.0638829E-03   7.4109546E-04   3.1963522E-03
   3.5000000E-01   1.9025837E+04   7.2483708E+03   2.6274207E+04   4.3472997E-03   1.1075891E-03   3.3969561E-03
   4.0000000E-01   1.4674086E+04   5.5147188E+03   2.0188805E+04   2.1474447E-03   9.6584871E-04   1.6919647E-03
   4.5000000E-01   1.2817278E+04   4.7039128E+03   1.7521191E+04   1.1804802E-03   8.9200794E-04   1.0719837E-03
   5.0000000E-01   1.1102649E+04   3.6669299E+03   1.4769579E+04   7.0807794E-03   1.1035554E-03   5.1999413E-03
   5.5000000E-01   9.2078369E+03   2.9747506E+03   1.2182587E+04   7.2801731E-03   6.4287126E-04   5.6094762E-03
   6.0000000E-01   8.0479350E+03   2.2971363E+03   1.0345071E+04   2.8364226E-03   1.0769888E-03   2.4283508E-03
   6.5000000E-01   6.7824491E+03   2.0861540E+03   8.8686031E+03   6.2371512E-03   8.0425413E-04   4.8812783E-03
   7.0000000E-01   6.0751715E+03   1.6324750E+03   7.7030992E+03   8.2979265E-03   5.3547405E-04   6.5034995E-03
   7.5000000E-01   4.9401694E+03   1.2987043E+03   6.2388738E+03   6.1858195E-03   1.8320721E-05   4.9012262E-03
   8.0000000E-01   4.1459863E+03   1.0384860E+03   5.1884511E+03   7.6823140E-03   1.9102790E-05   6.1363567E-03
   8.5000000E-01   3.2692298E+03   8.2760570E+02   4.0968355E+03   7.9516768E-03   2.1817583E-04   6.3856023E-03
   9.0000000E-01   2.4120816E+03   6.2247267E+02   3.0345542E+03   5.2260545E-03   1.8919301E-04   4.1928188E-03
   9.5000000E-01   1.5647444E+03   3.9872502E+02   1.9634694E+03   5.7461333E-03   6.5337131E-06   4.5805224E-03
   1.0000000E+00   4.2755698E+02   1.0060164E+02   5.2815863E+02   1.3792387E-02   1.7566227E-05   1.1168180E-02
