   0.0000000E+00   1.9041552E+07   1.1249326E+07   3.0140636E+07   1.2748709E-03   8.6574662E-04   1.1247809E-03
   5.0000000E-02   1.8232790E+05   8.7280571E+04   2.6960847E+05   2.7877710E-02   2.6092123E-02   2.7286087E-02
   1.0000000E-01   7.1174091E+04   3.0621411E+04   1.0173184E+05   2.5707586E-02   1.0170515E-02   1.9386440E-02
   1.5000000E-01   4.2313994E+04   1.9480565E+04   6.1773339E+04   1.6272509E-02   1.4616600E-02   1.5744036E-02
   2.0000000E-01   3.1528594E+04   1.3416762E+04   4.4897609E+04   2.1356435E-02   1.4404905E-02   1.9331424E-02
   2.5000000E-01   2.4204284E+04   1.0020395E+04   3.4186482E+04   2.3704015E-02   9.6483262E-03   1.9453728E-02
   3.0000000E-01   1.9363851E+04   7.4272307E+03   2.6791082E+04   2.4654303E-02   1.2215113E-02   2.1205248E-02
   3.5000000E-01   1.5751792E+04   6.7845479E+03   2.2536340E+04   3.0461095E-02   3.4428089E-03   2.2308606E-02
   4.0000000E-01   1.3297395E+04   5.1168314E+03   1.8414227E+04   2.8528396E-02   2.0989730E-02   2.6429091E-02
   4.5000000E-01   1.1338906E+04   4.2158376E+03   1.5547670E+04   2.4976242E-02   1.1395662E-02   2.1106316E-02
   5.0000000E-01   9.6766205E+03   3.4759440E+03   1.3152564E+04   2.5884062E-02   1.6478149E-02   2.3320448E-02
   5.5000000E-01   8.1776703E+03   2.9805380E+03   1.1158208E+04   2.4622287E-02   1.1547318E-02   2.1034605E-02
   6.0000000E-01   7.2786861E+03   2.5836152E+03   9.8623013E+03   2.6057903E-02   1.7667754E-02   2.3770975E-02
   6.5000000E-01   6.8901848E+03   2.0959482E+03   8.9861329E+03   2.1257947E-02   6.9544474E-03   1.7918105E-02
   7.0000000E-01   5.5658757E+03   1.9780686E+03   7.5393970E+03   3.1703520E-02   2.6290076E-02   3.0138845E-02
   7.5000000E-01   4.5284886E+03   1.5491081E+03   6.0775968E+03   2.6680348E-02   1.9762540E-02   2.4913531E-02
   8.0000000E-01   3.9191905E+03   1.2692607E+03   5.1884511E+03   2.9337912E-02   2.0808493E-02   2.7231902E-02
   8.5000000E-01   3.3366366E+03   1.0073572E+03   4.3439937E+03   3.0101677E-02   2.1153873E-02   2.7923718E-02
   9.0000000E-01   2.4333022E+03   7.7455406E+02   3.2078563E+03   3.0545277E-02   2.3080638E-02   2.8742729E-02
   9.5000000E-01   1.5010824E+03   4.7578951E+02   1.9768719E+03   3.0111769E-02   3.4608418E-02   3.1188869E-02
   1.0000000E+00   5.9732226E+02   1.5090246E+02   7.4822472E+02   2.8848757E-02   3.8739135E-03   2.3804266E-02
