   0.0000000E+00   1.4031100E+07   6.9355904E+06   2.0933077E+07   2.3655157E-03   2.0188859E-05   1.6184498E-03
   5.0000000E-02   1.0130530E+06   4.6046708E+05   1.4721196E+06   2.3230893E-03   6.2353279E-05   1.6243794E-03
   1.0000000E-01   2.5493439E+05   1.2837438E+05   3.8311778E+05   5.4910857E-03   2.3165711E-04   3.7468272E-03
   1.5000000E-01   9.3052590E+04   4.7873807E+04   1.4090518E+05   3.9873850E-03   2.2203263E-04   2.6651979E-03
   2.0000000E-01   4.1969158E+04   2.2679579E+04   6.4648738E+04   9.8661737E-03   1.2774698E-04   6.4443763E-03
   2.5000000E-01   2.3376678E+04   1.2515945E+04   3.5892623E+04   1.9769829E-03   1.3197085E-03   1.7342625E-03
   3.0000000E-01   1.4302724E+04   8.2654467E+03   2.2568171E+04   1.3499769E-02   1.4959266E-03   9.0268577E-03
   3.5000000E-01   1.0104065E+04   5.1293365E+03   1.5233402E+04   7.5255212E-03   1.0741647E-03   4.9585533E-03
   4.0000000E-01   7.2813386E+03   3.8038031E+03   1.1085142E+04   1.1185845E-02   1.2378412E-03   7.7337496E-03
   4.5000000E-01   4.9302665E+03   2.7445386E+03   7.6748050E+03   2.5533577E-02   2.2143146E-03   1.6964619E-02
   5.0000000E-01   3.6605637E+03   1.7889016E+03   5.4430991E+03   9.8214665E-03   1.5147905E-03   6.9492289E-03
   5.5000000E-01   2.8127019E+03   1.2269399E+03   4.0396418E+03   1.8092671E-02   1.7890460E-03   1.3126892E-02
   6.0000000E-01   2.0424884E+03   1.0398123E+03   3.0823007E+03   1.4766270E-02   3.5778794E-03   1.0771110E-02
   6.5000000E-01   1.3858723E+03   8.4719400E+02   2.2330663E+03   3.4628169E-02   4.9504667E-03   2.2161906E-02
   7.0000000E-01   9.7766608E+02   5.4112681E+02   1.5187929E+03   9.6681559E-03   6.9810258E-03   5.6806933E-03
   7.5000000E-01   7.5969960E+02   4.3290145E+02   1.1926010E+03   2.4431244E-02   1.8306744E-03   1.4901517E-02
   8.0000000E-01   5.6897892E+02   2.4669016E+02   8.1566908E+02   1.3575230E-02   4.1521502E-03   8.2938978E-03
   8.5000000E-01   3.2579953E+02   2.1719969E+02   5.4299922E+02   2.5941353E-02   4.2170696E-03   1.6916038E-02
   9.0000000E-01   2.2281692E+02   1.0610330E+02   3.2892022E+02   1.9552449E-02   7.5694307E-03   1.5331591E-02
   9.5000000E-01   1.1392143E+02   1.1057080E+02   2.2449224E+02   1.4923297E-02   4.4575137E-05   7.5933902E-03
   1.0000000E+00   5.0300822E+01   3.1438013E+01   8.1738835E+01   1.5388197E-01   4.5736604E-06   9.4694846E-02
