   0.0000000E+00   1.5145439E+07   1.0232262E+07   2.5274314E+07   2.0554696E-03   1.9660533E-04   1.2653124E-03
   5.0000000E-02   2.9908397E+05   1.4247551E+05   4.4149581E+05   8.6503693E-03   5.1181495E-04   6.0073051E-03
   1.0000000E-01   9.2341698E+04   3.9152116E+04   1.3146198E+05   4.4962999E-03   5.6464859E-04   3.0448977E-03
   1.5000000E-01   5.3582164E+04   2.5761880E+04   7.9280382E+04   8.1666634E-03   3.5912663E-04   5.5393784E-03
   2.0000000E-01   3.9693243E+04   1.6265635E+04   5.5958878E+04   1.1765713E-02   5.5223921E-04   8.2528578E-03
   2.5000000E-01   2.9844735E+04   1.2350424E+04   4.2195159E+04   3.0874715E-03   5.3433421E-04   2.0465632E-03
   3.0000000E-01   2.3650425E+04   9.1461041E+03   3.2796529E+04   4.6961781E-03   9.5533073E-04   3.5980838E-03
   3.5000000E-01   2.0453684E+04   7.3120328E+03   2.7756622E+04   3.6392952E-03   9.7113574E-05   2.7329978E-03
   4.0000000E-01   1.6568030E+04   5.7136625E+03   2.2281692E+04   3.6747442E-03   2.2410030E-03   2.3531482E-03
   4.5000000E-01   1.4394680E+04   4.7958690E+03   1.9183476E+04   3.4230863E-03   1.8270106E-03   2.9924495E-03
   5.0000000E-01   1.1745635E+04   3.7942538E+03   1.5527156E+04   8.4107215E-03   6.0426583E-04   6.4245982E-03
   5.5000000E-01   1.0660487E+04   3.0557749E+03   1.3710475E+04   4.2763832E-03   1.6495180E-03   3.4954650E-03
   6.0000000E-01   8.8065735E+03   2.8170425E+03   1.1623616E+04   1.1087650E-02   1.5983254E-03   8.7741690E-03
   6.5000000E-01   7.1399356E+03   2.1645072E+03   9.3044428E+03   7.0330843E-03   1.3546419E-03   5.5676140E-03
   7.0000000E-01   6.4162178E+03   1.7097788E+03   8.1259967E+03   3.0954243E-03   8.9232077E-04   2.6291353E-03
   7.5000000E-01   5.4664418E+03   1.3411457E+03   6.8033433E+03   4.8368352E-03   2.9970680E-03   3.4906216E-03
   8.0000000E-01   4.4961271E+03   1.1658100E+03   5.6619371E+03   1.9847862E-03   1.6799861E-03   1.9078634E-03
   8.5000000E-01   3.6624361E+03   8.1637124E+02   4.4788073E+03   1.7476401E-02   1.5025772E-03   1.4304780E-02
   9.0000000E-01   2.8718625E+03   6.0832556E+02   3.4801881E+03   2.1276339E-03   2.4955849E-04   1.7988505E-03
   9.5000000E-01   1.7724835E+03   3.4846556E+02   2.1209490E+03   5.7239075E-03   7.1801810E-06   4.7835596E-03
   1.0000000E+00   5.8474705E+02   1.2575205E+02   7.1049910E+02   1.2825845E-02   9.8831708E-06   1.0554722E-02
