   0.0000000E+00   6.5811206E+06   9.1337112E+06   1.5703118E+07   9.7293101E-05   1.3562978E-05   3.9392941E-05
   5.0000000E-02   1.3120734E+05   9.8357755E+04   2.2956509E+05   1.7694773E-03   2.7080387E-03   8.3132890E-04
   1.0000000E-01   7.4420851E+04   4.0998313E+04   1.1538733E+05   4.9691504E-03   8.6009704E-04   3.4684273E-03
   1.5000000E-01   5.4961507E+04   2.6016528E+04   8.0978035E+04   6.8767286E-03   2.0421366E-04   4.6720794E-03
   2.0000000E-01   4.4531553E+04   1.8318734E+04   6.2834372E+04   9.5244691E-04   2.0424835E-03   1.2386840E-03
   2.5000000E-01   3.7127665E+04   1.3776452E+04   5.0891385E+04   1.8181607E-03   5.7972924E-03   2.4599767E-03
   3.0000000E-01   3.1661223E+04   1.0875588E+04   4.2536811E+04   1.1858578E-03   2.8462005E-03   1.3162551E-03
   3.5000000E-01   2.8538755E+04   8.5761778E+03   3.7114933E+04   1.0342622E-03   1.1073287E-03   9.6354660E-04
   4.0000000E-01   2.4326833E+04   6.8595780E+03   3.1186411E+04   1.0820374E-03   2.7413035E-03   1.2255779E-03
   4.5000000E-01   2.2557561E+04   5.5739598E+03   2.8124447E+04   3.6652316E-03   2.0928997E-03   2.6350565E-03
   5.0000000E-01   2.0410030E+04   4.6027610E+03   2.5006425E+04   1.0217882E-03   2.1771304E-03   1.2245357E-03
   5.5000000E-01   1.8681897E+04   4.1033038E+03   2.2785200E+04   4.3056382E-04   3.8491375E-03   1.0078700E-03
   6.0000000E-01   1.6260330E+04   3.5226294E+03   1.9782959E+04   2.4241762E-03   5.7838440E-03   2.9996129E-03
   6.5000000E-01   1.6199525E+04   2.9088627E+03   1.9108387E+04   2.3820594E-03   2.9472413E-03   2.4658203E-03
   7.0000000E-01   1.4414891E+04   2.6419721E+03   1.7052315E+04   2.0029188E-03   2.4893750E-03   1.5101007E-03
   7.5000000E-01   1.3084658E+04   2.3639814E+03   1.5444396E+04   2.0844200E-03   3.4521934E-03   2.0924130E-03
   8.0000000E-01   1.1960494E+04   2.0769720E+03   1.4033487E+04   3.5818742E-03   3.4266642E-03   2.6814691E-03
   8.5000000E-01   1.1399239E+04   1.7301079E+03   1.3129347E+04   2.9762477E-03   1.1253404E-03   2.7073644E-03
   9.0000000E-01   9.2522074E+03   1.4005635E+03   1.0649234E+04   2.5237877E-03   1.6113005E-03   2.3583255E-03
   9.5000000E-01   3.0993331E+03   3.6186808E+02   3.4612012E+03   1.7149679E-03   1.3053104E-03   1.4434141E-03
   1.0000000E+00   9.2427760E+02   1.0688925E+02   1.0311668E+03   8.0804474E-03   3.3670794E-02   1.0601849E-02
