   0.0000000E+00   1.3253914E+07   9.8492718E+06   2.3076194E+07   3.8899518E-04   2.4953839E-04   1.5421058E-04
   5.0000000E-02   3.3225186E+05   1.6259269E+05   4.9478089E+05   6.7760048E-03   1.6028014E-03   5.0511673E-03
   1.0000000E-01   1.0876649E+05   4.9529018E+04   1.5826368E+05   4.7450279E-03   2.2885055E-03   3.4841736E-03
   1.5000000E-01   6.4319818E+04   2.9772585E+04   9.4092402E+04   3.5723858E-03   2.5150648E-03   1.8401527E-03
   2.0000000E-01   4.4356483E+04   1.9607889E+04   6.3964372E+04   3.9928600E-03   6.9974514E-04   2.8427469E-03
   2.5000000E-01   3.3791778E+04   1.4273015E+04   4.8039328E+04   5.7296954E-03   2.8243469E-03   3.9928541E-03
   3.0000000E-01   2.6154462E+04   1.0387513E+04   3.6531365E+04   7.0785118E-03   7.8916961E-04   5.2255189E-03
   3.5000000E-01   2.0790183E+04   7.6485318E+03   2.8429620E+04   6.5975539E-03   1.8846402E-03   5.3632111E-03
   4.0000000E-01   1.7077325E+04   6.2388738E+03   2.3316199E+04   2.4830275E-04   1.8003359E-03   3.3166233E-04
   4.5000000E-01   1.4621034E+04   4.7109863E+03   1.9332020E+04   8.4991227E-03   1.2501364E-03   6.6613101E-03
   5.0000000E-01   1.2465015E+04   3.8833806E+03   1.6348396E+04   4.4057793E-03   2.0185866E-03   3.8038054E-03
   5.5000000E-01   1.0787811E+04   2.9863255E+03   1.3774137E+04   5.6139290E-03   5.9173943E-03   3.5877829E-03
   6.0000000E-01   8.9126768E+03   2.2706105E+03   1.1183287E+04   6.6796863E-03   3.9184358E-03   4.7324284E-03
   6.5000000E-01   7.9283647E+03   1.7825354E+03   9.7109001E+03   7.1703235E-03   5.3683698E-04   5.8357543E-03
   7.0000000E-01   7.2665600E+03   1.2095776E+03   8.4761375E+03   4.9477217E-03   4.6211586E-03   3.7315011E-03
   7.5000000E-01   6.4001508E+03   1.0270799E+03   7.4272307E+03   7.7307929E-03   2.0371851E-03   6.5781898E-03
   8.0000000E-01   5.2123244E+03   7.8383809E+02   5.9961625E+03   1.6877010E-03   7.2686587E-03   5.1705914E-04
   8.5000000E-01   4.3664627E+03   5.5797851E+02   4.9244412E+03   2.8573291E-04   3.4638469E-03   6.3204591E-04
   9.0000000E-01   3.3245699E+03   3.6782476E+02   3.6923947E+03   5.6404409E-03   2.4454575E-03   5.0067632E-03
   9.5000000E-01   2.2047148E+03   2.2449224E+02   2.4292070E+03   8.1791430E-04   1.3084148E-05   7.4139319E-04
   1.0000000E+00   8.2996356E+02   4.4013219E+01   8.7397677E+02   3.4955285E-03   2.8137165E-06   3.3194144E-03
