   0.0000000E+00   2.0068802E+07   9.9373800E+06   2.9973077E+07   2.7558569E-03   5.9608518E-05   1.8624917E-03
   5.0000000E-02   7.9965810E+05   4.0298032E+05   1.2018745E+06   4.3680260E-03   8.8907531E-04   3.0203207E-03
   1.0000000E-01   1.4304846E+05   7.2542823E+04   2.1559129E+05   8.5759982E-03   2.0665619E-03   6.3756651E-03
   1.5000000E-01   6.2961695E+04   3.3931834E+04   9.6872309E+04   6.2524570E-03   2.9055840E-03   4.8721339E-03
   2.0000000E-01   3.4998172E+04   1.7045494E+04   5.2043666E+04   7.4711391E-03   4.2303213E-03   3.8676602E-03
   2.5000000E-01   2.0677410E+04   1.0682480E+04   3.1359890E+04   6.2332975E-03   4.0148692E-03   5.3576428E-03
   3.0000000E-01   1.1957841E+04   5.9099536E+03   1.7867795E+04   1.8242797E-02   1.0350508E-02   1.5626247E-02
   3.5000000E-01   6.6663185E+03   3.6378273E+03   1.0304146E+04   4.5397949E-03   1.0360645E-02   6.2962888E-03
   4.0000000E-01   3.9868313E+03   2.0292255E+03   6.0160568E+03   1.0918792E-02   1.6483416E-02   6.0140476E-03
   4.5000000E-01   2.5394055E+03   1.1671362E+03   3.7065418E+03   1.1431936E-02   2.4401794E-02   1.5502581E-02
   5.0000000E-01   1.4960565E+03   7.6394373E+02   2.2600002E+03   1.1937100E-02   2.1961049E-02   1.0521439E-02
   5.5000000E-01   7.9288099E+02   3.4724715E+02   1.1401281E+03   1.6304999E-02   6.0774769E-02   2.0337356E-02
   6.0000000E-01   4.4032868E+02   2.2281692E+02   6.6314560E+02   1.8960088E-02   4.3189746E-02   2.4342959E-02
   6.5000000E-01   3.2320696E+02   1.1263273E+02   4.3583969E+02   3.7022993E-02   9.4622303E-02   2.4165784E-02
   7.0000000E-01   1.6824951E+02   6.3661977E+01   2.3191149E+02   1.5116591E-02   1.1833496E-05   1.0966185E-02
   7.5000000E-01   9.3370900E+01   5.5173714E+01   1.4854461E+02   6.9289703E-02   7.4810093E-02   1.6004315E-02
   8.0000000E-01   1.2732395E+02   2.3873241E+01   1.5119720E+02   6.5169857E-02   3.0390201E-01   1.6758521E-02
   8.5000000E-01   7.1151622E+01   1.4979289E+01   8.6130910E+01   1.2504013E-01   2.4058926E-01   6.1777017E-02
   9.0000000E-01   5.6588424E+01   7.0735530E+00   6.3661977E+01   1.6057340E-01   4.5566832E-01   9.2102097E-02
   9.5000000E-01   4.0207565E+01   2.0103782E+01   6.0311347E+01   1.8609570E-01   3.4520264E-01   9.4943078E-03
   1.0000000E+00   2.5150411E+01   0.0000000E+00   2.5150411E+01   1.8133487E-01   0.0000000E+00   1.8133487E-01
