   0.0000000E+00   3.0254209E+07   1.5966933E+07   4.5795371E+07   4.0026718E-04   2.1502147E-04   3.3347702E-04
   5.0000000E-02   3.4059158E+04   1.2223100E+04   4.6282257E+04   1.3660602E-01   6.9810953E-02   1.1895402E-01
   1.0000000E-01   1.8111833E+04   5.0929582E+03   2.3204791E+04   1.2520283E-01   9.3296145E-02   1.1819618E-01
   1.5000000E-01   1.0737653E+04   3.0345542E+03   1.3750987E+04   1.2829444E-01   8.7529787E-02   1.1911905E-01
   2.0000000E-01   7.7985922E+03   2.4987326E+03   1.0297325E+04   1.3964426E-01   7.4904452E-02   1.2393016E-01
   2.5000000E-01   6.2388738E+03   1.7952678E+03   8.0341415E+03   1.4106498E-01   8.2043061E-02   1.2786605E-01
   3.0000000E-01   4.9125826E+03   1.1671362E+03   6.0797188E+03   1.5341973E-01   8.7842183E-02   1.4079734E-01
   3.5000000E-01   4.0016100E+03   9.9130793E+02   4.9929179E+03   1.3017558E-01   6.3548467E-02   1.1694587E-01
   4.0000000E-01   3.2785918E+03   6.9232400E+02   3.9709158E+03   1.5932617E-01   6.5778531E-02   1.4301123E-01
   4.5000000E-01   2.7374650E+03   6.7906109E+02   3.4165261E+03   1.5304916E-01   7.3221352E-02   1.3714598E-01
   5.0000000E-01   2.3109298E+03   4.0107046E+02   2.7120002E+03   1.3887559E-01   7.2774448E-02   1.2910005E-01
   5.5000000E-01   2.1297825E+03   5.2665818E+02   2.6564407E+03   1.3681406E-01   4.7026458E-02   1.1901065E-01
   6.0000000E-01   1.6817372E+03   3.9258219E+02   2.0743194E+03   1.4664733E-01   7.6436685E-02   1.3332556E-01
   6.5000000E-01   1.3809752E+03   2.2036838E+02   1.6013436E+03   1.4354741E-01   3.3530491E-02   1.2840745E-01
   7.0000000E-01   1.2232194E+03   1.8643865E+02   1.4096581E+03   1.3915976E-01   8.5067435E-02   1.3200557E-01
   7.5000000E-01   1.0355682E+03   1.3581222E+02   1.1713804E+03   1.3263661E-01   7.6132897E-02   1.2606879E-01
   8.0000000E-01   8.3954232E+02   1.3926058E+02   9.7880290E+02   1.4184828E-01   1.9744544E-02   1.2447566E-01
   8.5000000E-01   6.7781282E+02   8.6130910E+01   7.6394373E+02   1.3791790E-01   5.1435145E-02   1.2816736E-01
   9.0000000E-01   3.9965575E+02   6.3661977E+01   4.6331772E+02   1.4732652E-01   9.4034026E-02   1.3989367E-01
   9.5000000E-01   2.7475169E+02   4.0207565E+01   3.1495926E+02   1.5655078E-01   6.8799154E-02   1.4534774E-01
   1.0000000E+00   1.0688925E+02   1.2575205E+01   1.1946445E+02   1.7056869E-01   6.1683877E-04   1.5267902E-01
