   0.0000000E+00   4.0234370E+04   1.1322155E+07   1.1359334E+07   4.4932965E-03   1.7467428E-05   1.4660248E-05
   5.0000000E-02   3.6860285E+04   3.5918088E+05   3.9597750E+05   3.8485971E-04   1.5585125E-04   1.2729584E-04
   1.0000000E-01   4.2780849E+04   9.3073811E+04   1.3582283E+05   8.2554038E-05   2.3101202E-04   1.3344103E-04
   1.5000000E-01   4.1804698E+04   3.2382726E+04   7.4187424E+04   4.1753315E-04   1.6007965E-04   2.2049730E-04
   2.0000000E-01   4.6027610E+04   1.0599719E+04   5.6611413E+04   2.6355316E-04   1.2201231E-03   3.7562555E-04
   2.5000000E-01   4.8434032E+04   2.8902538E+03   5.1324286E+04   1.7188260E-04   5.8351261E-04   1.3448805E-04
   3.0000000E-01   4.9964042E+04   9.6553999E+02   5.0950802E+04   2.3651057E-04   4.0334997E-03   2.2973574E-04
   3.5000000E-01   5.4267288E+04   2.5464791E+02   5.4521936E+04   1.2142053E-05   1.1580374E-05   1.2117722E-05
   4.0000000E-01   6.0932470E+04   7.1619724E+01   6.0980216E+04   4.8657236E-05   1.5494243E-05   4.8603577E-05
   4.5000000E-01   6.4355185E+04   1.4147106E+01   6.4383480E+04   1.3098599E-05   2.8658222E-06   1.3093034E-05
   5.0000000E-01   6.5813752E+04   0.0000000E+00   6.5801020E+04   2.5100835E-05   0.0000000E+00   2.5104952E-05
   5.5000000E-01   6.6821926E+04   0.0000000E+00   6.6816139E+04   4.5032900E-05   0.0000000E+00   4.5041231E-05
   6.0000000E-01   2.4377232E+04   5.3051648E+00   2.4377232E+04   1.3640430E-04   5.3580796E-01   1.5492417E-04
   6.5000000E-01   5.8030341E+03   4.8970752E+00   5.8079312E+03   3.4528080E-05   6.6867650E-01   5.3035724E-04
   7.0000000E-01   2.1872436E+03   0.0000000E+00   2.1872436E+03   3.9782391E-04   0.0000000E+00   3.9782391E-04
   7.5000000E-01   8.2760570E+02   0.0000000E+00   8.2760570E+02   3.6223233E-03   0.0000000E+00   3.6223233E-03
   8.0000000E-01   2.6658453E+02   0.0000000E+00   2.6658453E+02   7.0488977E-03   0.0000000E+00   7.0488977E-03
   8.5000000E-01   7.4896444E+01   0.0000000E+00   7.4896444E+01   5.4119172E-06   0.0000000E+00   5.4119172E-06
   9.0000000E-01   2.1220659E+01   0.0000000E+00   2.1220659E+01   1.4215678E-06   0.0000000E+00   1.4215678E-06
   9.5000000E-01   3.3506304E+00   0.0000000E+00   3.3506304E+00   1.4923888E-06   0.0000000E+00   1.4923888E-06
   1.0000000E+00   0.0000000E+00   0.0000000E+00   0.0000000E+00   0.0000000E+00   0.0000000E+00   0.0000000E+00
