   0.0000000E+00   3.2637713E+07   1.6504750E+07   4.8616360E+07   1.2892127E-04   1.8863030E-05   9.2943892E-05
   5.0000000E-02   9.6766205E+03   3.6287327E+03   1.3305353E+04   1.4065642E-01   1.0591950E-01   1.3117123E-01
   1.0000000E-01   5.0292962E+03   1.3369015E+03   6.3661977E+03   1.6387431E-01   1.2684990E-01   1.5609878E-01
   1.5000000E-01   2.9708923E+03   1.4430048E+03   4.4138971E+03   1.5448961E-01   9.1173400E-02   1.3369521E-01
   2.0000000E-01   2.1645072E+03   8.7535219E+02   3.0398594E+03   1.5756220E-01   9.4946728E-02   1.3953035E-01
   2.5000000E-01   1.8461973E+03   5.8569019E+02   2.4318875E+03   1.7202576E-01   8.8260685E-02   1.5184979E-01
   3.0000000E-01   1.0928639E+03   4.1380285E+02   1.5066668E+03   1.5221068E-01   9.7366191E-02   1.3714675E-01
   3.5000000E-01   1.1822939E+03   3.2740445E+02   1.5096983E+03   1.7881254E-01   8.9240461E-02   1.5938328E-01
   4.0000000E-01   8.2760570E+02   2.2281692E+02   1.0504226E+03   1.5449564E-01   1.3427418E-01   1.5018704E-01
   4.5000000E-01   7.1442886E+02   1.5561817E+02   8.7004702E+02   1.9283307E-01   1.1340052E-01   1.7860778E-01
   5.0000000E-01   7.8940852E+02   1.2732395E+02   9.1673247E+02   1.8411387E-01   9.0494456E-02   1.7111044E-01
   5.5000000E-01   5.5559544E+02   1.5626122E+02   7.1185665E+02   2.0590839E-01   9.7104755E-02   1.8202236E-01
   6.0000000E-01   5.6234747E+02   1.3793428E+02   7.0028175E+02   1.9051310E-01   1.1211671E-01   1.7499023E-01
   6.5000000E-01   4.3583969E+02   8.3250278E+01   5.1908997E+02   1.7837315E-01   7.4477464E-02   1.6171058E-01
   7.0000000E-01   3.1376260E+02   5.9114693E+01   3.7287730E+02   2.1920241E-01   7.7771296E-02   1.9678033E-01
   7.5000000E-01   2.5464791E+02   7.2150241E+01   3.2679815E+02   1.4684221E-01   2.2911752E-02   1.1947766E-01
   8.0000000E-01   2.4669016E+02   6.7640851E+01   3.1433101E+02   1.9805584E-01   1.6720795E-02   1.5903403E-01
   8.5000000E-01   1.9098593E+02   3.3703400E+01   2.2468933E+02   2.5846244E-01   1.5179531E-02   2.2044917E-01
   9.0000000E-01   1.6269172E+02   2.1220659E+01   1.8391238E+02   2.1394980E-01   6.2184492E-02   1.9643604E-01
   9.5000000E-01   8.0415129E+01   1.0051891E+01   9.0467020E+01   1.9864242E-01   1.4161788E-01   1.9230615E-01
   1.0000000E+00   6.2876027E+01   0.0000000E+00   6.2876027E+01   2.4994829E-01   0.0000000E+00   2.4994829E-01
