   0.0000000E+00   2.2095290E+07   1.0965139E+07   3.3015611E+07   3.2112468E-04   7.3975950E-05   2.0790393E-04
   5.0000000E-02   7.1282316E+05   3.6573806E+05   1.0781792E+06   4.7942299E-03   8.3296689E-04   3.3690986E-03
   1.0000000E-01   1.4868255E+05   7.6744514E+04   2.2536340E+05   9.9965920E-03   2.6502200E-03   7.2015746E-03
   1.5000000E-01   6.0669864E+04   3.2467608E+04   9.3137473E+04   1.9343039E-03   2.6551950E-03   2.1848358E-03
   2.0000000E-01   2.8536481E+04   1.4992396E+04   4.3528877E+04   6.8723856E-03   2.7749421E-03   4.6621608E-03
   2.5000000E-01   1.2859719E+04   6.9900851E+03   1.9849805E+04   5.6484937E-03   6.4209832E-03   5.7302073E-03
   3.0000000E-01   5.5810333E+03   3.3422538E+03   8.9232871E+03   1.7444456E-02   1.0235366E-02   1.4701538E-02
   3.5000000E-01   2.6647085E+03   1.3369015E+03   4.0016100E+03   1.4755938E-02   1.3735040E-02   1.3804188E-02
   4.0000000E-01   1.3687325E+03   5.8887329E+02   1.9576058E+03   5.5365202E-03   2.3277058E-02   3.2518289E-03
   4.5000000E-01   7.0028175E+02   3.1123633E+02   1.0115181E+03   3.4034218E-02   5.6598565E-02   6.5781145E-03
   5.0000000E-01   4.2016905E+02   4.4563384E+01   4.6473243E+02   2.5795705E-02   7.5111925E-02   2.2254885E-02
   5.5000000E-01   2.0834829E+02   4.0512167E+01   2.4886046E+02   5.4921146E-02   2.5030449E-01   2.7132129E-02
   6.0000000E-01   2.1220659E+02   2.1220659E+01   2.3342725E+02   4.5061357E-02   3.9946373E-01   1.7730934E-02
   6.5000000E-01   2.3505961E+02   1.4691226E+01   2.4975083E+02   3.6984981E-02   3.1641809E-01   1.6976450E-02
   7.0000000E-01   2.2281692E+02   9.0945682E+00   2.3191149E+02   4.4045608E-02   3.4126527E-01   2.8997829E-02
   7.5000000E-01   1.9098593E+02   4.2441318E+00   1.9523006E+02   4.0662068E-02   3.1698863E-01   3.2906415E-02
   8.0000000E-01   2.3873241E+02   0.0000000E+00   2.3873241E+02   5.2600827E-02   0.0000000E+00   5.2600827E-02
   8.5000000E-01   2.2843415E+02   3.7448222E+00   2.3217898E+02   2.7925474E-02   4.1886111E-01   2.0721147E-02
   9.0000000E-01   2.7586857E+02   3.5367765E+00   2.7940534E+02   2.6068062E-02   6.6534497E-01   1.7316592E-02
   9.5000000E-01   2.0773908E+02   3.3506304E+00   2.1108971E+02   2.9469031E-02   6.5061447E-01   1.8678803E-02
   1.0000000E+00   8.8026438E+01   0.0000000E+00   8.8026438E+01   7.7145612E-02   0.0000000E+00   7.7145612E-02
