   0.0000000E+00   3.2802216E+07   1.6809818E+07   4.9097135E+07   2.1636921E-03   1.1304356E-07   1.4303781E-03
   5.0000000E-02   4.5836624E+03   1.4005635E+03   5.9842259E+03   3.6333942E-01   2.5631113E-05   2.7829654E-01
   1.0000000E-01   4.4563384E+02   0.0000000E+00   4.4563384E+02   5.6488830E-07   0.0000000E+00   5.6488830E-07
   1.5000000E-01   3.3953055E+02   0.0000000E+00   3.3953055E+02   4.3991848E-07   0.0000000E+00   4.3991848E-07
   2.0000000E-01   2.3873241E+02   0.0000000E+00   2.3873241E+02   4.0680812E-07   0.0000000E+00   4.0680812E-07
   2.5000000E-01   3.5650707E+02   0.0000000E+00   3.5650707E+02   1.3002294E-06   0.0000000E+00   1.3002294E-06
   3.0000000E-01   2.6525824E+02   0.0000000E+00   2.6525824E+02   1.9395361E-06   0.0000000E+00   1.9395361E-06
   3.5000000E-01   3.0921532E+02   0.0000000E+00   3.0921532E+02   3.0771405E-05   0.0000000E+00   3.0771405E-05
   4.0000000E-01   3.1035214E+02   0.0000000E+00   3.1035214E+02   7.8352333E-07   0.0000000E+00   7.8352333E-07
   4.5000000E-01   3.6075120E+02   0.0000000E+00   3.6075120E+02   1.0719159E-06   0.0000000E+00   1.0719159E-06
   5.0000000E-01   4.0107046E+02   0.0000000E+00   4.0107046E+02   1.3546727E-06   0.0000000E+00   1.3546727E-06
   5.5000000E-01   3.7039696E+02   0.0000000E+00   3.7039696E+02   2.9871280E-06   0.0000000E+00   2.9871280E-06
   6.0000000E-01   3.7136153E+02   0.0000000E+00   3.7136153E+02   1.5378533E-06   0.0000000E+00   1.5378533E-06
   6.5000000E-01   3.9176601E+02   0.0000000E+00   3.9176601E+02   1.4985515E-04   0.0000000E+00   1.4985515E-04
   7.0000000E-01   3.9106643E+02   0.0000000E+00   3.9106643E+02   3.8472952E-06   0.0000000E+00   3.8472952E-06
   7.5000000E-01   5.3051648E+02   0.0000000E+00   5.3051648E+02   3.6357854E-05   0.0000000E+00   3.6357854E-05
   8.0000000E-01   6.9232400E+02   0.0000000E+00   6.9232400E+02   1.5162502E-04   0.0000000E+00   1.5162502E-04
   8.5000000E-01   1.1084674E+03   0.0000000E+00   1.1084674E+03   9.8840746E-06   0.0000000E+00   9.8840746E-06
   9.0000000E-01   9.8676065E+02   0.0000000E+00   9.8676065E+02   1.8504111E-05   0.0000000E+00   1.8504111E-05
   9.5000000E-01   6.7012608E+00   0.0000000E+00   6.7012608E+00   6.6648242E-06   0.0000000E+00   6.6648242E-06
   1.0000000E+00   0.0000000E+00   0.0000000E+00   0.0000000E+00   0.0000000E+00   0.0000000E+00   0.0000000E+00
