   0.0000000E+00   2.2233818E+07   1.3809047E+07   3.5834563E+07   1.7828925E-03   5.7410321E-04   1.3128946E-03
   5.0000000E-02   1.2006649E+05   4.5390990E+04   1.6539382E+05   1.1281215E-01   6.6949320E-02   1.0026889E-01
   1.0000000E-01   5.8346202E+04   1.9798875E+04   7.8145077E+04   1.1916275E-01   5.8488770E-02   1.0378773E-01
   1.5000000E-01   3.4101599E+04   1.1077184E+04   4.5178783E+04   1.2223932E-01   5.8981481E-02   1.0671993E-01
   2.0000000E-01   2.5560284E+04   8.4988740E+03   3.4027327E+04   1.1312314E-01   4.5230519E-02   9.6270303E-02
   2.5000000E-01   2.1021185E+04   5.8314371E+03   2.6827157E+04   1.1593362E-01   4.4948989E-02   1.0063197E-01
   3.0000000E-01   1.6965917E+04   4.4032868E+03   2.1358593E+04   1.1600793E-01   4.0684706E-02   1.0045833E-01
   3.5000000E-01   1.3014327E+04   3.4013685E+03   1.6415696E+04   1.2299552E-01   4.3557679E-02   1.0653412E-01
   4.0000000E-01   1.0838452E+04   3.1353524E+03   1.3965846E+04   1.2550424E-01   4.0334859E-02   1.0644813E-01
   4.5000000E-01   8.7924264E+03   2.2493899E+03   1.1041816E+04   1.1496893E-01   3.1701753E-02   9.8005439E-02
   5.0000000E-01   7.5948739E+03   1.8589297E+03   9.4538036E+03   1.2460734E-01   3.3553265E-02   1.0664261E-01
   5.5000000E-01   6.7076574E+03   1.5047376E+03   8.2123951E+03   1.1892220E-01   3.1170879E-02   1.0276350E-01
   6.0000000E-01   5.4855404E+03   1.2254931E+03   6.7110334E+03   1.1805560E-01   4.2491099E-02   1.0425374E-01
   6.5000000E-01   4.6913980E+03   9.3044428E+02   5.6218423E+03   1.1340526E-01   2.8427667E-02   9.9233728E-02
   7.0000000E-01   4.0743665E+03   9.9585522E+02   5.0702218E+03   1.3125265E-01   3.0935111E-02   1.1151610E-01
   7.5000000E-01   3.7772773E+03   6.1539911E+02   4.3884323E+03   1.1504698E-01   3.6268309E-02   1.0411082E-01
   8.0000000E-01   3.0279228E+03   5.8091554E+02   3.6088383E+03   1.2065507E-01   3.4218289E-02   1.0672875E-01
   8.5000000E-01   2.3405139E+03   4.1193044E+02   2.7561891E+03   1.0886451E-01   1.7723802E-02   9.5094087E-02
   9.0000000E-01   1.8815651E+03   3.2184666E+02   2.2034118E+03   1.1148335E-01   1.6632077E-02   9.7628054E-02
   9.5000000E-01   1.2497851E+03   2.6134917E+02   1.5111343E+03   1.3266262E-01   1.8668209E-02   1.1293159E-01
   1.0000000E+00   4.6528260E+02   6.9163630E+01   5.3444623E+02   1.5595035E-01   7.6026021E-02   1.4560643E-01
