   0.0000000E+00   7.9241336E+06   9.3710430E+06   1.7262072E+07   4.9223797E-03   1.6275225E-04   2.3353724E-03
   5.0000000E-02   3.3957299E+05   1.6641241E+05   5.0585807E+05   6.4905549E-03   6.6491815E-04   4.4718037E-03
   1.0000000E-01   1.1640593E+05   5.3476061E+04   1.6981832E+05   7.3480525E-03   4.7238875E-04   4.8370050E-03
   1.5000000E-01   7.1025546E+04   3.1979533E+04   1.0300508E+05   9.9398715E-03   5.8815472E-04   6.6785766E-03
   2.0000000E-01   4.9656342E+04   2.2202115E+04   7.1842541E+04   1.1762272E-02   5.0481021E-04   8.2850486E-03
   2.5000000E-01   3.8566426E+04   1.6259269E+04   5.4800230E+04   4.5102530E-03   7.7997944E-04   3.1832102E-03
   3.0000000E-01   3.1067045E+04   1.0673992E+04   4.1719816E+04   8.4618655E-03   4.2683447E-04   6.3936251E-03
   3.5000000E-01   2.5964992E+04   8.4397593E+03   3.4404751E+04   6.9717569E-03   3.3658936E-04   5.1834177E-03
   4.0000000E-01   2.2249861E+04   6.4855639E+03   2.8735425E+04   7.5885121E-03   5.5981079E-04   5.8042732E-03
   4.5000000E-01   1.9480565E+04   5.1000317E+03   2.4580597E+04   1.4109600E-02   6.7210054E-04   1.1316227E-02
   5.0000000E-01   1.6081015E+04   3.7178595E+03   1.9798875E+04   7.7745295E-03   1.0866589E-04   6.3345546E-03
   5.5000000E-01   1.5255725E+04   2.7258901E+03   1.7981615E+04   5.7666694E-03   7.1014078E-06   4.8915816E-03
   6.0000000E-01   1.3220471E+04   2.4456810E+03   1.5666152E+04   7.5368764E-03   7.4286443E-04   6.2759021E-03
   6.5000000E-01   1.2007628E+04   1.8657856E+03   1.3873414E+04   2.1278498E-03   6.2758126E-04   1.7613116E-03
   7.0000000E-01   1.0499679E+04   1.2823341E+03   1.1782013E+04   5.8186863E-03   2.0538811E-03   5.4064869E-03
   7.5000000E-01   9.4516816E+03   1.0695212E+03   1.0521203E+04   5.1247552E-03   1.5230856E-03   4.4543793E-03
   8.0000000E-01   8.2482049E+03   6.2866203E+02   8.8808458E+03   4.5880225E-03   6.0262118E-04   4.1259524E-03
   8.5000000E-01   6.8080867E+03   5.2053028E+02   7.3286170E+03   1.0908346E-03   3.4149852E-06   1.0132415E-03
   9.0000000E-01   5.3511429E+03   2.7586857E+02   5.6270114E+03   2.6751734E-03   8.2656744E-05   2.5472884E-03
   9.5000000E-01   3.5885251E+03   1.5747963E+02   3.7460048E+03   5.4437592E-03   2.1377500E-05   5.2154413E-03
   1.0000000E+00   1.4209982E+03   5.6588424E+01   1.4775866E+03   6.7605032E-03   4.1199612E-05   6.5030719E-03
