   0.0000000E+00   2.3427608E+04   1.2388621E+07   1.2410011E+07   3.8223083E-03   1.6249441E-05   1.8768251E-05
   5.0000000E-02   1.9034931E+04   4.1717694E+05   4.3621187E+05   2.3230756E-03   1.3902143E-04   1.4204210E-04
   1.0000000E-01   1.9098593E+04   5.8282540E+04   7.7381133E+04   8.0425810E-04   4.9022364E-04   1.7420042E-04
   1.5000000E-01   1.9607889E+04   1.1162067E+04   3.0769956E+04   1.5057678E-04   1.5340277E-03   6.0011009E-04
   2.0000000E-01   1.9735213E+04   1.7666199E+03   2.1501833E+04   1.8748467E-05   4.0764321E-03   3.5212969E-04
   2.5000000E-01   2.1033917E+04   2.0371833E+02   2.1237636E+04   3.9704475E-04   2.6774469E-02   3.0156341E-04
   3.0000000E-01   2.1613241E+04   4.2441318E+01   2.1655683E+04   2.6802525E-04   4.3859523E-06   2.6749578E-04
   3.5000000E-01   2.1490465E+04   9.0945682E+00   2.1499559E+04   4.2221079E-05   4.9636158E-01   1.7285783E-04
   4.0000000E-01   2.3300284E+04   7.9577472E+00   2.3308241E+04   1.8021144E-04   5.8833584E-01   2.6686859E-04
   4.5000000E-01   2.3653961E+04   0.0000000E+00   2.3653961E+04   3.4300434E-05   0.0000000E+00   3.4301465E-05
   5.0000000E-01   2.5636678E+04   0.0000000E+00   2.5636678E+04   2.8076447E-05   0.0000000E+00   2.8076447E-05
   5.5000000E-01   2.8578440E+04   5.7874525E+00   2.8584228E+04   9.5468030E-05   1.7383922E-01   6.5631221E-05
   6.0000000E-01   3.2711646E+04   5.3051648E+00   3.2711646E+04   5.5513036E-05   3.5848747E-01   1.0803727E-05
   6.5000000E-01   4.0116840E+04   0.0000000E+00   4.0116840E+04   1.0715402E-04   0.0000000E+00   1.0715402E-04
   7.0000000E-01   4.8660487E+04   0.0000000E+00   4.8646845E+04   3.5896753E-05   0.0000000E+00   3.5906586E-05
   7.5000000E-01   5.3870765E+04   4.2441318E+00   5.3866521E+04   4.5172143E-05   5.3819407E-01   5.2273586E-05
   8.0000000E-01   1.5262959E+04   0.0000000E+00   1.5262959E+04   1.4642782E-04   0.0000000E+00   1.4642782E-04
   8.5000000E-01   1.7375975E+03   0.0000000E+00   1.7375975E+03   6.6987058E-04   0.0000000E+00   6.6987058E-04
   9.0000000E-01   2.7940534E+02   0.0000000E+00   2.7940534E+02   5.0495803E-03   0.0000000E+00   5.0495803E-03
   9.5000000E-01   5.0259456E+01   0.0000000E+00   5.0259456E+01   1.8010094E-05   0.0000000E+00   1.8010094E-05
   1.0000000E+00   0.0000000E+00   0.0000000E+00   0.0000000E+00   0.0000000E+00   0.0000000E+00   0.0000000E+00
