   0.0000000E+00   3.3478051E+07   1.6772130E+07   4.9715421E+07   1.5069478E-05   1.5238244E-10   1.0147640E-05
   5.0000000E-02   1.0185916E+03   1.2732395E+02   1.1459156E+03   1.1855250E-01   3.4667729E-01   1.4327412E-01
   1.0000000E-01   6.3661977E+02   1.9098593E+02   8.2760570E+02   9.4268614E-02   1.2277388E-01   1.0084675E-01
   1.5000000E-01   4.0319252E+02   1.2732395E+02   5.3051648E+02   1.2076479E-01   5.6277882E-02   1.0528793E-01
   2.0000000E-01   2.7056340E+02   4.7746483E+01   3.1830989E+02   1.8915165E-01   9.1878937E-02   1.7456074E-01
   2.5000000E-01   6.3661977E+01   1.0185916E+02   1.6552114E+02   1.2770636E-01   1.2885106E-01   1.2841079E-01
   3.0000000E-01   1.6976527E+02   2.1220659E+01   1.9098593E+02   1.7026871E-01   9.8171877E-06   1.5135106E-01
   3.5000000E-01   1.3641852E+02   3.6378273E+01   1.7279680E+02   1.6436606E-01   7.8569006E-02   1.4630352E-01
   4.0000000E-01   1.1936621E+02   2.3873241E+01   1.4323945E+02   1.7030098E-01   1.4244555E-01   1.6563235E-01
   4.5000000E-01   4.2441318E+01   2.1220659E+01   6.3661977E+01   2.0459833E-01   7.1546564E-02   1.6024774E-01
   5.0000000E-01   7.0028175E+01   1.9098593E+01   8.9126768E+01   1.1389268E-01   5.2888046E-06   8.9488239E-02
   5.5000000E-01   6.9449430E+01   1.7362357E+01   8.6811787E+01   2.4492352E-01   9.3379592E-02   2.1461473E-01
   6.0000000E-01   7.4272307E+01   1.0610330E+01   8.4882636E+01   2.3659624E-01   1.9098308E-01   2.3089459E-01
   6.5000000E-01   2.4485376E+01   0.0000000E+00   2.4485376E+01   2.0477313E-01   0.0000000E+00   2.0477313E-01
   7.0000000E-01   2.7283705E+01   9.0945682E+00   3.6378273E+01   2.9194069E-01   6.6958207E-06   2.1895719E-01
   7.5000000E-01   2.9708923E+01   0.0000000E+00   2.9708923E+01   1.5010451E-01   0.0000000E+00   1.5010451E-01
   8.0000000E-01   3.1830989E+01   1.5915494E+01   4.7746483E+01   1.9405204E-01   1.0697258E-01   1.6502556E-01
   8.5000000E-01   1.8724111E+01   7.4896444E+00   2.6213755E+01   2.0138007E-01   2.0056569E-01   2.0114739E-01
   9.0000000E-01   1.0610330E+01   0.0000000E+00   1.0610330E+01   2.6099888E-01   0.0000000E+00   2.6099888E-01
   9.5000000E-01   6.7012608E+00   0.0000000E+00   6.7012608E+00   7.8078308E-06   0.0000000E+00   7.8078308E-06
   1.0000000E+00   6.2876027E+00   0.0000000E+00   6.2876027E+00   4.1382587E-01   0.0000000E+00   4.1382587E-01
