   0.0000000E+00   3.3384850E+07   1.6854636E+07   4.9679261E+07   1.4676373E-05   1.1763742E-09   8.5742622E-06
   5.0000000E-02   9.5492966E+02   5.0929582E+02   1.4642255E+03   1.9642450E-01   1.5755275E-01   1.8290389E-01
   1.0000000E-01   3.8197186E+02   1.9098593E+02   5.7295780E+02   9.7661875E-02   2.1439690E-01   1.3657355E-01
   1.5000000E-01   2.1220659E+02   8.4882636E+01   2.9708923E+02   2.4674622E-01   1.1076064E-01   2.0789320E-01
   2.0000000E-01   2.0690143E+02   3.1830989E+01   2.3873241E+02   1.7243672E-01   1.6894632E-01   1.7197133E-01
   2.5000000E-01   1.1459156E+02   5.0929582E+01   1.6552114E+02   9.5229899E-02   7.4433955E-02   8.8831147E-02
   3.0000000E-01   1.2732395E+02   7.4272307E+01   2.0159626E+02   1.7513310E-01   1.7088098E-01   1.7356653E-01
   3.5000000E-01   9.0945682E+01   2.7283705E+01   1.1822939E+02   1.8428237E-01   7.3335968E-02   1.5867935E-01
   4.0000000E-01   1.0345071E+02   2.3873241E+01   1.2732395E+02   1.4947814E-01   1.1869625E-01   1.4370653E-01
   4.5000000E-01   6.3661977E+01   2.1220659E+01   8.4882636E+01   1.5781953E-01   4.3462392E-02   1.2923025E-01
   5.0000000E-01   7.6394373E+01   1.9098593E+01   9.5492966E+01   1.7170913E-01   8.3583565E-06   1.3736897E-01
   5.5000000E-01   4.0512167E+01   1.7362357E+01   5.7874525E+01   2.1556732E-01   7.1398474E-07   1.5089691E-01
   6.0000000E-01   5.3051648E+01   1.5915494E+01   6.8967142E+01   2.3892309E-01   1.0584700E-01   2.0821322E-01
   6.5000000E-01   5.3867827E+01   9.7941503E+00   6.3661977E+01   1.3059290E-01   2.1389489E-01   1.4340859E-01
   7.0000000E-01   3.6378273E+01   1.8189136E+01   5.4567409E+01   2.1036009E-01   1.0463964E-01   1.7511994E-01
   7.5000000E-01   2.1220659E+01   8.4882636E+00   2.9708923E+01   2.4884640E-01   2.0871103E-01   2.3737915E-01
   8.0000000E-01   3.1830989E+01   1.1936621E+01   4.3767609E+01   2.6495433E-01   8.4495804E-02   2.1566847E-01
   8.5000000E-01   2.2468933E+01   3.7448222E+00   2.6213755E+01   1.8044256E-01   5.2091030E-06   1.5466431E-01
   9.0000000E-01   1.7683883E+01   1.0610330E+01   2.8294212E+01   4.0850563E-01   1.3334287E-01   3.0531960E-01
   9.5000000E-01   0.0000000E+00   0.0000000E+00   0.0000000E+00   0.0000000E+00   0.0000000E+00   0.0000000E+00
   1.0000000E+00   0.0000000E+00   0.0000000E+00   0.0000000E+00   0.0000000E+00   0.0000000E+00   0.0000000E+00
