   0.0000000E+00   3.2823097E+07   1.6796067E+07   4.9236682E+07   1.3364288E-04   6.2282240E-05   1.1033786E-04
   5.0000000E-02   7.9577472E+03   1.8461973E+03   9.8039445E+03   1.4660836E-01   3.8004988E-02   1.2614990E-01
   1.0000000E-01   3.2785918E+03   1.0185916E+03   4.2971835E+03   1.5429563E-01   7.1194893E-02   1.3459757E-01
   1.5000000E-01   2.3767138E+03   5.3051648E+02   2.9072303E+03   1.4593426E-01   9.2141686E-02   1.3611810E-01
   2.0000000E-01   1.4960565E+03   4.7746483E+02   1.9735213E+03   1.6273112E-01   5.9736091E-02   1.3781263E-01
   2.5000000E-01   1.2095776E+03   2.6738030E+02   1.4769579E+03   1.9575801E-01   6.1483551E-02   1.7144970E-01
   3.0000000E-01   1.2307982E+03   2.0159626E+02   1.4323945E+03   1.6589440E-01   2.7689342E-02   1.4644326E-01
   3.5000000E-01   7.6394373E+02   1.3641852E+02   9.0036225E+02   1.7449771E-01   5.8721212E-02   1.5695345E-01
   4.0000000E-01   8.0373246E+02   1.4323945E+02   9.4697191E+02   1.5665057E-01   4.5033386E-02   1.3976668E-01
   4.5000000E-01   5.7295780E+02   1.0610330E+02   6.7906109E+02   1.9643816E-01   5.4136910E-02   1.7420359E-01
   5.0000000E-01   5.2202821E+02   1.0822536E+02   6.3025357E+02   1.7000132E-01   3.7098605E-02   1.4714538E-01
   5.5000000E-01   3.4724715E+02   5.7874525E+01   4.0512167E+02   1.5009971E-01   3.6847659E-05   1.2865163E-01
   6.0000000E-01   2.7586857E+02   6.3661977E+01   3.3953055E+02   1.8237119E-01   1.3710816E-05   1.4817916E-01
   6.5000000E-01   3.1830989E+02   6.8559052E+01   3.8686894E+02   1.9021375E-01   1.6134591E-02   1.5936428E-01
   7.0000000E-01   2.7738433E+02   3.6378273E+01   3.1376260E+02   1.4538451E-01   5.7256085E-06   1.2852888E-01
   7.5000000E-01   2.0796246E+02   2.1220659E+01   2.2918312E+02   1.7440245E-01   6.0182888E-02   1.6382403E-01
   8.0000000E-01   1.7109156E+02   1.1936621E+01   1.8302818E+02   1.7185284E-01   1.4283650E-01   1.6994916E-01
   8.5000000E-01   1.0485502E+02   2.9958578E+01   1.3481360E+02   1.3732197E-01   4.4873735E-02   1.1675746E-01
   9.0000000E-01   1.3439751E+02   1.4147106E+01   1.4854461E+02   1.5653073E-01   2.0129802E-05   1.4162112E-01
   9.5000000E-01   7.3713868E+01   6.7012608E+00   8.0415129E+01   1.6779607E-01   2.2822994E-05   1.5381116E-01
   1.0000000E+00   2.5150411E+01   6.2876027E+00   3.1438013E+01   1.5055517E-05   5.2195042E-06   1.3088315E-05
