   0.0000000E+00   2.1554418E+07   1.1787652E+07   3.3190808E+07   3.0029332E-03   4.2680017E-08   1.9391384E-03
   5.0000000E-02   1.9779776E+05   7.8113246E+04   2.7584735E+05   1.0427351E-01   5.9958912E-06   7.4733329E-02
   1.0000000E-01   8.8076346E+04   3.4090989E+04   1.2200818E+05   9.0503035E-02   2.2404147E-06   6.5326914E-02
   1.5000000E-01   4.7152304E+04   2.0753805E+04   6.7906109E+04   8.9752548E-02   4.1872640E-07   6.2321981E-02
   2.0000000E-01   3.2881411E+04   1.2605071E+04   4.5470567E+04   8.4733877E-02   7.7638060E-06   6.1273366E-02
   2.5000000E-01   2.2065241E+04   8.4543106E+03   3.0506819E+04   8.3141002E-02   3.6792564E-05   6.0124668E-02
   3.0000000E-01   1.6435400E+04   7.2786861E+03   2.3714087E+04   9.2578284E-02   9.7195887E-06   6.4163397E-02
   3.5000000E-01   1.2932476E+04   5.2748495E+03   1.8207325E+04   8.4296020E-02   3.7125565E-06   5.9875669E-02
   4.0000000E-01   1.0520142E+04   4.2176060E+03   1.4737748E+04   9.1722393E-02   2.5770947E-06   6.5472811E-02
   4.5000000E-01   8.3892339E+03   3.8267922E+03   1.2216026E+04   9.5363252E-02   2.0115680E-06   6.5489983E-02
   5.0000000E-01   6.9327893E+03   3.2531270E+03   1.0185916E+04   1.0053160E-01   1.4593881E-06   6.8424783E-02
   5.5000000E-01   5.7990274E+03   2.5869913E+03   8.3860186E+03   9.3184789E-02   5.0206025E-06   6.4439515E-02
   6.0000000E-01   4.7215966E+03   2.0424884E+03   6.7640851E+03   1.0071446E-01   1.0914070E-05   7.0302182E-02
   6.5000000E-01   3.9372484E+03   1.8461973E+03   5.7834458E+03   9.5611281E-02   3.6094089E-06   6.5091293E-02
   7.0000000E-01   3.2103826E+03   1.6051913E+03   4.8155738E+03   8.5737936E-02   1.1154739E-04   5.7121916E-02
   7.5000000E-01   2.6695589E+03   1.1883569E+03   3.8579158E+03   1.1366051E-01   3.1769554E-05   7.8658328E-02
   8.0000000E-01   2.2639791E+03   9.4299304E+02   3.2069721E+03   1.0601981E-01   2.8116543E-05   7.4837077E-02
   8.5000000E-01   1.5915494E+03   6.8155764E+02   2.2731071E+03   1.0712947E-01   6.4103075E-05   7.5027332E-02
   9.0000000E-01   1.0999375E+03   5.8003135E+02   1.6799688E+03   1.3103737E-01   5.3550910E-06   8.5793420E-02
   9.5000000E-01   7.8069688E+02   3.2501115E+02   1.1057080E+03   1.3980052E-01   2.1990142E-05   9.8714090E-02
   1.0000000E+00   2.9551733E+02   1.0060164E+02   3.9611897E+02   2.5770805E-01   2.9844251E-06   1.9225808E-01
