   0.0000000E+00   3.5650707E+04   1.6419188E+07   1.6454329E+07   6.7842925E-06   3.0312837E-05   3.0245669E-05
   5.0000000E-02   4.4117750E+04   6.6017470E+04   1.1013522E+05   3.2388500E-04   3.7524897E-03   2.1232687E-03
   1.0000000E-01   4.1189299E+04   5.0929582E+02   4.1698595E+04   1.7162095E-04   1.9182613E-01   2.4471295E-03
   1.5000000E-01   4.2271553E+04   1.4854461E+02   4.2420097E+04   4.0691738E-05   2.7312382E-01   9.1871861E-04
   2.0000000E-01   4.4881694E+04   6.3661977E+01   4.4945356E+04   2.2875222E-04   3.7287747E-01   3.3857373E-04
   2.5000000E-01   4.8930596E+04   1.2732395E+01   4.8943328E+04   2.4703873E-04   2.0150569E-01   2.5285324E-04
   3.0000000E-01   5.1152399E+04   2.1220659E+01   5.1173619E+04   1.7893478E-05   6.0521984E-01   2.3772541E-04
   3.5000000E-01   5.9023747E+04   0.0000000E+00   5.9023747E+04   5.2378197E-05   0.0000000E+00   5.2378197E-05
   4.0000000E-01   6.8062611E+04   1.5915494E+01   6.8078527E+04   1.5107466E-04   6.3012872E-01   8.7600510E-05
   4.5000000E-01   9.4184359E+04   0.0000000E+00   9.4198506E+04   2.3677496E-05   0.0000000E+00   2.3674003E-05
   5.0000000E-01   1.3971894E+05   0.0000000E+00   1.3971258E+05   4.6027168E-05   0.0000000E+00   4.6044848E-05
   5.5000000E-01   4.1785407E+03   5.7874525E+00   4.1843281E+03   1.1208992E-03   5.7794738E-01   1.9186989E-03
   6.0000000E-01   2.6525824E+01   0.0000000E+00   2.6525824E+01   2.7862340E-01   0.0000000E+00   2.7862340E-01
   6.5000000E-01   0.0000000E+00   0.0000000E+00   0.0000000E+00   0.0000000E+00   0.0000000E+00   0.0000000E+00
   7.0000000E-01   4.5472841E+00   0.0000000E+00   4.5472841E+00   4.3557625E-01   0.0000000E+00   4.3557625E-01
   7.5000000E-01   0.0000000E+00   0.0000000E+00   0.0000000E+00   0.0000000E+00   0.0000000E+00   0.0000000E+00
   8.0000000E-01   0.0000000E+00   0.0000000E+00   0.0000000E+00   0.0000000E+00   0.0000000E+00   0.0000000E+00
   8.5000000E-01   0.0000000E+00   3.7448222E+00   3.7448222E+00   0.0000000E+00   5.3659432E-01   5.3659432E-01
   9.0000000E-01   3.5367765E+00   0.0000000E+00   3.5367765E+00   5.7908549E-01   0.0000000E+00   5.7908549E-01
   9.5000000E-01   3.3506304E+00   0.0000000E+00   3.3506304E+00   5.6590542E-01   0.0000000E+00   5.6590542E-01
   1.0000000E+00   0.0000000E+00   0.0000000E+00   0.0000000E+00   0.0000000E+00   0.0000000E+00   0.0000000E+00
