   0.0000000E+00   1.6224128E+07   1.0406441E+07   2.6514450E+07   1.4331236E-03   4.7149565E-05   8.9782480E-04
   5.0000000E-02   2.9080791E+05   1.4183889E+05   4.3239215E+05   8.2471460E-03   1.8889865E-03   5.1486034E-03
   1.0000000E-01   8.3556345E+04   4.1061975E+04   1.2458649E+05   9.5663524E-03   8.1257025E-04   6.4515141E-03
   1.5000000E-01   5.1629864E+04   2.2600002E+04   7.4229865E+04   4.6389834E-03   2.9566692E-03   3.9923533E-03
   2.0000000E-01   3.7162679E+04   1.5533522E+04   5.2696202E+04   9.4857285E-03   1.3453401E-03   6.3919972E-03
   2.5000000E-01   2.8940735E+04   1.1153578E+04   4.0081581E+04   5.8172422E-03   2.3667817E-03   4.6888541E-03
   3.0000000E-01   2.2462068E+04   8.8702355E+03   3.1311082E+04   6.9119117E-03   1.5598837E-03   4.5276490E-03
   3.5000000E-01   1.7970867E+04   7.0391958E+03   2.5010062E+04   9.9893524E-03   2.4206439E-03   7.7664523E-03
   4.0000000E-01   1.5111762E+04   5.4988033E+03   2.0602607E+04   2.3696142E-03   3.8173362E-03   1.9218677E-03
   4.5000000E-01   1.3729766E+04   5.2910177E+03   1.9013711E+04   1.6581694E-03   1.9176021E-04   1.1401941E-03
   5.0000000E-01   1.1223607E+04   3.8515496E+03   1.5075156E+04   8.4664401E-03   1.6066245E-03   5.9019655E-03
   5.5000000E-01   9.5955962E+03   3.2062487E+03   1.2801845E+04   2.4513607E-03   1.1095082E-04   1.8496522E-03
   6.0000000E-01   8.5572308E+03   2.6738030E+03   1.1231034E+04   4.2380381E-03   2.0358096E-04   3.2272668E-03
   6.5000000E-01   7.0566853E+03   2.1694043E+03   9.2260896E+03   5.5937838E-03   6.4235754E-04   4.2206187E-03
   7.0000000E-01   5.9069220E+03   1.7552517E+03   7.6621737E+03   6.1139410E-03   5.6655579E-04   4.6744243E-03
   7.5000000E-01   5.1566202E+03   1.4132959E+03   6.5656719E+03   4.1721512E-03   4.8361895E-05   3.2669307E-03
   8.0000000E-01   4.1141553E+03   1.0026761E+03   5.1168314E+03   7.0394218E-03   1.0419539E-03   5.8546990E-03
   8.5000000E-01   3.4939191E+03   8.9875733E+02   4.3926764E+03   5.4532236E-03   2.0149511E-03   4.3217980E-03
   9.0000000E-01   2.4863539E+03   7.3211274E+02   3.2184666E+03   6.2417378E-03   1.6248762E-03   4.6598845E-03
   9.5000000E-01   1.5580431E+03   3.1495926E+02   1.8730024E+03   1.0645032E-03   1.1505462E-05   8.8357401E-04
   1.0000000E+00   4.9672061E+02   1.1317685E+02   6.0989746E+02   8.4698487E-03   2.7523170E-02   1.1179669E-02
