   0.0000000E+00   9.4184076E+06   9.7866284E+06   1.9176006E+07   2.4855003E-03   5.6146331E-05   1.2413918E-03
   5.0000000E-02   3.8840172E+05   2.0059889E+05   5.8887329E+05   9.6041870E-03   3.2262996E-04   6.3611769E-03
   1.0000000E-01   1.2344057E+05   6.7354372E+04   1.9069945E+05   1.5784961E-03   2.6657216E-04   1.0414118E-03
   1.5000000E-01   7.2977847E+04   3.6478313E+04   1.0945616E+05   4.3481546E-03   9.0213101E-04   2.8199087E-03
   2.0000000E-01   4.7539582E+04   2.3714087E+04   7.1237753E+04   2.7605460E-03   4.3212628E-04   1.9347405E-03
   2.5000000E-01   3.4046425E+04   1.6004621E+04   5.0038314E+04   7.8456303E-03   5.1848164E-04   5.5038023E-03
   3.0000000E-01   2.6324228E+04   1.0599719E+04   3.6902726E+04   7.1807067E-03   7.7513169E-05   4.9778239E-03
   3.5000000E-01   2.0599197E+04   7.6303427E+03   2.8229540E+04   3.6615061E-03   4.9095648E-04   2.7740079E-03
   4.0000000E-01   1.7300142E+04   5.1168314E+03   2.2416974E+04   2.8981134E-03   1.8336059E-03   2.5139273E-03
   4.5000000E-01   1.4903976E+04   3.6641005E+03   1.8568077E+04   3.7456855E-03   3.9271377E-03   3.0859742E-03
   5.0000000E-01   1.4113860E+04   2.4700847E+03   1.6583945E+04   1.6265840E-04   1.1587376E-03   1.1294977E-04
   5.5000000E-01   1.2460385E+04   1.8577722E+03   1.4312370E+04   3.9540517E-03   2.9863854E-03   3.1590310E-03
   6.0000000E-01   1.1342442E+04   1.1777466E+03   1.2520189E+04   5.0328221E-03   5.4251921E-06   4.5592425E-03
   6.5000000E-01   1.0602168E+04   8.5698816E+02   1.1459156E+04   2.7070206E-03   1.1424854E-03   2.4272174E-03
   7.0000000E-01   9.8539646E+03   6.6390348E+02   1.0517868E+04   1.4808897E-03   3.8620939E-03   1.6014790E-03
   7.5000000E-01   8.6240758E+03   3.0557749E+02   8.9296533E+03   1.6503959E-03   4.6403377E-06   1.5939621E-03
   8.0000000E-01   7.9577472E+03   2.3475354E+02   8.1925007E+03   3.9284869E-04   6.6567560E-06   3.8165517E-04
   8.5000000E-01   7.3248722E+03   1.3855842E+02   7.4634306E+03   3.0898100E-03   2.9833926E-06   3.0325021E-03
   9.0000000E-01   5.9205639E+03   7.4272307E+01   5.9948362E+03   8.7123883E-04   7.5140072E-06   8.6035593E-04
   9.5000000E-01   4.0475615E+03   7.3713868E+01   4.1212754E+03   5.9261665E-04   3.4930229E-02   7.3673658E-04
   1.0000000E+00   1.4650114E+03   1.2575205E+01   1.4775866E+03   3.7731045E-03   3.8312120E-06   3.7409650E-03
