   0.0000000E+00   2.3097584E+07   1.1713295E+07   3.4729391E+07   9.0771802E-04   7.5101034E-06   6.0556494E-04
   5.0000000E-02   3.2633130E+05   1.4578593E+05   4.7205356E+05   2.7814581E-03   5.2352793E-04   1.9955120E-03
   1.0000000E-01   8.0436908E+04   4.1985074E+04   1.2239015E+05   1.1400902E-02   3.7547612E-04   7.5344781E-03
   1.5000000E-01   3.4971646E+04   1.8674180E+04   5.3645826E+04   8.1960950E-03   3.8438867E-04   5.4005697E-03
   2.0000000E-01   2.1533664E+04   1.0806621E+04   3.2340284E+04   6.1185728E-03   6.3962759E-04   4.2804475E-03
   2.5000000E-01   1.4718649E+04   7.8558880E+03   2.2574537E+04   1.1900799E-02   4.2509285E-04   7.8337655E-03
   3.0000000E-01   1.1437935E+04   5.1353995E+03   1.6562724E+04   1.8197153E-02   4.1131558E-04   1.2449664E-02
   3.5000000E-01   9.0945682E+03   4.6109461E+03   1.3705514E+04   6.0725042E-03   1.9692211E-04   4.0371979E-03
   4.0000000E-01   7.4086626E+03   3.8913384E+03   1.1292043E+04   9.4632244E-03   2.9884933E-04   6.2470190E-03
   4.5000000E-01   6.1469176E+03   2.9496716E+03   9.0965892E+03   2.7243873E-03   8.0738871E-04   2.0715376E-03
   5.0000000E-01   5.2330145E+03   2.5592115E+03   7.7922260E+03   6.2436317E-03   6.0914981E-04   4.3450242E-03
   5.5000000E-01   4.6878365E+03   1.9561589E+03   6.6439954E+03   7.5282618E-03   9.9844958E-04   5.5577502E-03
   6.0000000E-01   3.8568548E+03   1.6658217E+03   5.5226765E+03   8.7724955E-03   2.6110219E-04   6.0854617E-03
   6.5000000E-01   3.1879959E+03   1.4348430E+03   4.6228390E+03   2.1850297E-02   2.2204316E-03   1.5729370E-02
   7.0000000E-01   2.7965797E+03   1.2959760E+03   4.0925557E+03   1.1795419E-02   9.1653614E-04   8.2844213E-03
   7.5000000E-01   2.3936903E+03   1.0398123E+03   3.4335026E+03   3.8290768E-03   3.8745577E-04   2.6933019E-03
   8.0000000E-01   1.8700706E+03   9.3901416E+02   2.8090847E+03   7.7487787E-03   2.0661497E-03   4.7300787E-03
   8.5000000E-01   1.4043083E+03   6.7781282E+02   2.0821211E+03   7.9586188E-03   9.0024281E-04   5.0866175E-03
   9.0000000E-01   1.0468858E+03   5.0929582E+02   1.5561817E+03   1.9962663E-02   2.4230108E-04   1.3480592E-02
   9.5000000E-01   5.4280212E+02   2.7140106E+02   8.1420318E+02   2.3615734E-02   1.7077708E-03   1.5358109E-02
   1.0000000E+00   2.2006609E+02   1.1317685E+02   3.3324294E+02   1.3351507E-01   3.6625282E-06   8.8169259E-02
