   0.0000000E+00   3.8706482E+04   1.3890025E+07   1.3924657E+07   4.6929559E-04   8.3998174E-06   7.1698756E-06
   5.0000000E-02   4.3926764E+04   3.4912228E+05   3.9311271E+05   1.2586907E-05   1.3039037E-04   1.1569184E-04
   1.0000000E-01   4.2971835E+04   2.4446199E+04   6.7418034E+04   7.0470555E-05   1.3697937E-03   5.0170910E-04
   1.5000000E-01   4.3947985E+04   1.6764321E+03   4.5624417E+04   4.8193251E-05   1.2221371E-02   4.0951015E-04
   2.0000000E-01   4.7603243E+04   7.9577472E+01   4.7682821E+04   1.1315943E-04   5.6066531E-02   1.5883858E-04
   2.5000000E-01   4.9936455E+04   1.2732395E+01   4.9949187E+04   5.9008165E-05   2.9951261E-01   8.0715347E-05
   3.0000000E-01   5.4017188E+04   0.0000000E+00   5.4006577E+04   5.3883535E-05   0.0000000E+00   5.3893998E-05
   3.5000000E-01   6.1997671E+04   9.0945682E+00   6.2015860E+04   1.0209608E-04   1.5406872E-01   8.8390059E-05
   4.0000000E-01   7.5717964E+04   7.9577472E+00   7.5717964E+04   6.4562192E-05   1.2270046E-01   5.1723791E-05
   4.5000000E-01   1.0072032E+05   0.0000000E+00   1.0071325E+05   4.9470661E-05   0.0000000E+00   4.9474401E-05
   5.0000000E-01   1.0890018E+05   0.0000000E+00   1.0888745E+05   1.9456731E-05   0.0000000E+00   1.9458658E-05
   5.5000000E-01   1.2981256E+04   0.0000000E+00   1.2981256E+04   2.9333936E-04   0.0000000E+00   2.9333936E-04
   6.0000000E-01   7.1619724E+02   0.0000000E+00   7.1619724E+02   4.7705533E-03   0.0000000E+00   4.7705533E-03
   6.5000000E-01   5.8764902E+01   0.0000000E+00   5.8764902E+01   2.8598118E-06   0.0000000E+00   2.8598118E-06
   7.0000000E-01   0.0000000E+00   4.5472841E+00   4.5472841E+00   0.0000000E+00   6.8202531E-01   6.8202531E-01
   7.5000000E-01   0.0000000E+00   0.0000000E+00   0.0000000E+00   0.0000000E+00   0.0000000E+00   0.0000000E+00
   8.0000000E-01   3.9788736E+00   0.0000000E+00   3.9788736E+00   4.6637116E-01   0.0000000E+00   4.6637116E-01
   8.5000000E-01   0.0000000E+00   0.0000000E+00   0.0000000E+00   0.0000000E+00   0.0000000E+00   0.0000000E+00
   9.0000000E-01   0.0000000E+00   0.0000000E+00   0.0000000E+00   0.0000000E+00   0.0000000E+00   0.0000000E+00
   9.5000000E-01   0.0000000E+00   0.0000000E+00   0.0000000E+00   0.0000000E+00   0.0000000E+00   0.0000000E+00
   1.0000000E+00   0.0000000E+00   0.0000000E+00   0.0000000E+00   0.0000000E+00   0.0000000E+00   0.0000000E+00
