   0.0000000E+00   2.6115671E+07   1.3656767E+07   3.9741371E+07   5.6617815E-04   1.7527223E-04   3.9236196E-04
   5.0000000E-02   2.3752284E+05   1.1420959E+05   3.5166876E+05   3.8505715E-03   3.0468342E-03   2.8242993E-03
   1.0000000E-01   5.8346202E+04   2.8552397E+04   8.6898599E+04   1.3643742E-02   4.5580631E-03   9.8210290E-03
   1.5000000E-01   2.3788359E+04   1.1735024E+04   3.5523383E+04   1.6831174E-02   5.5192804E-03   1.3092788E-02
   2.0000000E-01   1.3846480E+04   6.1433808E+03   1.9989861E+04   2.3508011E-02   9.0170331E-03   1.8969407E-02
   2.5000000E-01   1.0096790E+04   4.3672116E+03   1.4464001E+04   1.3843961E-03   8.7414801E-03   2.0336899E-03
   3.0000000E-01   7.6394373E+03   3.1830989E+03   1.0822536E+04   2.5444930E-02   3.6086988E-03   1.6924430E-02
   3.5000000E-01   6.4025760E+03   2.3645877E+03   8.7671637E+03   1.8325038E-02   7.7743163E-03   1.4974144E-02
   4.0000000E-01   4.8064793E+03   2.2997889E+03   7.1062682E+03   1.1333237E-02   8.2558738E-03   1.0322821E-02
   4.5000000E-01   4.6331772E+03   1.7683883E+03   6.4015655E+03   1.8472800E-02   1.1901640E-02   1.5560282E-02
   5.0000000E-01   3.7242257E+03   1.5979156E+03   5.3221413E+03   1.1068114E-02   1.6775374E-02   1.1521599E-02
   5.5000000E-01   3.1367992E+03   1.3137517E+03   4.4505510E+03   6.5416158E-03   9.5618865E-03   7.3681208E-03
   6.0000000E-01   2.7746012E+03   1.1353053E+03   3.9099064E+03   5.0430778E-03   8.6877725E-03   6.1005034E-03
   6.5000000E-01   2.3652873E+03   9.3534136E+02   3.3006287E+03   1.1962295E-02   1.2206784E-02   1.1854321E-02
   7.0000000E-01   2.1281290E+03   8.1396385E+02   2.9420928E+03   1.9205302E-02   8.3439129E-03   1.3362680E-02
   7.5000000E-01   1.6806762E+03   7.1301415E+02   2.3936903E+03   2.1511444E-02   2.2417250E-03   1.5006745E-02
   8.0000000E-01   1.4204579E+03   5.6897892E+02   1.9894368E+03   2.0906464E-02   6.4708488E-03   1.6482187E-02
   8.5000000E-01   1.1159570E+03   3.6699257E+02   1.4829496E+03   6.0111692E-03   1.6713328E-02   8.6378122E-03
   9.0000000E-01   8.8065735E+02   3.3599377E+02   1.2166511E+03   1.2389374E-02   1.4637781E-02   1.0491363E-02
   9.5000000E-01   5.3610086E+02   2.0773908E+02   7.4383994E+02   2.1805648E-02   8.4744494E-03   1.5242212E-02
   1.0000000E+00   1.6347767E+02   3.7725616E+01   2.0120329E+02   6.9001327E-02   6.1975384E-03   5.5843861E-02
