   0.0000000E+00   2.5409278E+07   1.3941464E+07   3.9111372E+07   1.0035978E-03   5.9794238E-04   8.4932554E-04
   5.0000000E-02   8.7216909E+04   3.7433243E+04   1.2458649E+05   1.0198128E-01   6.4539321E-02   9.0603872E-02
   1.0000000E-01   4.0966482E+04   1.7220565E+04   5.8091554E+04   9.2062740E-02   6.5775775E-02   8.4388373E-02
   1.5000000E-01   2.6016528E+04   1.0440564E+04   3.6457092E+04   9.4729395E-02   7.8141078E-02   8.9957887E-02
   2.0000000E-01   1.7602537E+04   6.8436626E+03   2.4446199E+04   9.6382882E-02   5.1512352E-02   8.3747533E-02
   2.5000000E-01   1.4464001E+04   5.7295780E+03   2.0193579E+04   9.5924764E-02   6.2262908E-02   8.6360820E-02
   3.0000000E-01   1.1300001E+04   4.1592492E+03   1.5448640E+04   9.7150850E-02   5.4854576E-02   8.5822593E-02
   3.5000000E-01   9.5402020E+03   3.4286522E+03   1.2968854E+04   1.0901463E-01   5.7564006E-02   9.5411118E-02
   4.0000000E-01   7.9975359E+03   2.9125355E+03   1.0910071E+04   1.0266051E-01   7.3401196E-02   9.4836076E-02
   4.5000000E-01   6.7198754E+03   2.1362130E+03   8.8490148E+03   1.0185427E-01   7.1814766E-02   9.4598085E-02
   5.0000000E-01   5.6086202E+03   1.9798875E+03   7.5885077E+03   1.0830118E-01   6.9946522E-02   9.8292408E-02
   5.5000000E-01   4.7804357E+03   1.7362357E+03   6.5108840E+03   1.1590776E-01   6.4734490E-02   1.0236116E-01
   6.0000000E-01   4.2706576E+03   1.2679344E+03   5.5332869E+03   1.1581201E-01   7.8760370E-02   1.0742792E-01
   6.5000000E-01   3.4230555E+03   1.2144746E+03   4.6375302E+03   1.2746751E-01   7.7753334E-02   1.1433608E-01
   7.0000000E-01   3.0830586E+03   9.2309867E+02   4.0061573E+03   1.3036386E-01   7.4906624E-02   1.1740919E-01
   7.5000000E-01   2.5422350E+03   7.9365265E+02   3.3358876E+03   1.3172117E-01   7.8508454E-02   1.1906006E-01
   8.0000000E-01   2.0013734E+03   6.4855639E+02   2.6499298E+03   1.5129718E-01   1.0896379E-01   1.4078491E-01
   8.5000000E-01   1.7675561E+03   6.0291637E+02   2.3704724E+03   1.2507619E-01   7.8356962E-02   1.1297766E-01
   9.0000000E-01   1.3934899E+03   3.6428798E+02   1.7577779E+03   1.4449660E-01   7.2037796E-02   1.2947918E-01
   9.5000000E-01   8.2090444E+02   2.8815421E+02   1.1090587E+03   1.4894362E-01   8.2181031E-02   1.3157182E-01
   1.0000000E+00   2.0749089E+02   8.8026438E+01   2.9551733E+02   1.5832250E-01   6.1185114E-02   1.2926743E-01
