   0.0000000E+00   1.2324959E+05   1.0581639E+07   1.0702342E+07   1.2152390E-03   5.0931740E-06   1.5871940E-05
   5.0000000E-02   8.4797754E+04   3.3448003E+05   4.1921412E+05   1.7922823E-04   8.4095277E-05   8.1741526E-05
   1.0000000E-01   8.4065641E+04   1.0446930E+05   1.8843945E+05   1.2466841E-04   1.7264890E-04   5.2570596E-05
   1.5000000E-01   8.5476815E+04   4.2483759E+04   1.2793935E+05   4.0366948E-05   5.7686396E-06   2.5056008E-05
   2.0000000E-01   8.8108176E+04   1.7172818E+04   1.0528099E+05   4.6431622E-05   4.5281386E-04   3.5245686E-05
   2.5000000E-01   8.8502881E+04   7.5503105E+03   9.6014994E+04   1.2088849E-04   8.6789430E-06   1.1145382E-04
   3.0000000E-01   8.9869491E+04   3.0876059E+03   9.2882825E+04   2.6670483E-05   1.5830936E-05   2.5895226E-05
   3.5000000E-01   8.6480249E+04   1.1277265E+03   8.7589786E+04   1.1078566E-05   4.0599353E-03   5.8795852E-05
   4.0000000E-01   8.1654444E+04   5.3316906E+02   8.2171697E+04   2.3821107E-05   9.9491974E-03   6.3527527E-05
   4.5000000E-01   7.2065358E+04   1.1317685E+02   7.2178535E+04   1.2424776E-05   1.5302238E-05   1.2418053E-05
   5.0000000E-01   2.6489749E+04   2.5464791E+01   2.6508847E+04   4.8019435E-05   5.2279657E-06   4.7986177E-05
   5.5000000E-01   9.4103977E+03   5.7874525E+00   9.4161852E+03   6.4291885E-06   4.7073988E-06   6.4247305E-06
   6.0000000E-01   4.3077938E+03   0.0000000E+00   4.3077938E+03   1.2521650E-05   0.0000000E+00   1.2521650E-05
   6.5000000E-01   1.7825354E+03   0.0000000E+00   1.7825354E+03   2.1604833E-04   0.0000000E+00   2.1604833E-04
   7.0000000E-01   7.1392360E+02   0.0000000E+00   7.1392360E+02   4.3592476E-03   0.0000000E+00   4.3592476E-03
   7.5000000E-01   3.0557749E+02   0.0000000E+00   3.0557749E+02   2.3018601E-06   0.0000000E+00   2.3018601E-06
   8.0000000E-01   1.1140846E+02   0.0000000E+00   1.1140846E+02   2.2873958E-02   0.0000000E+00   2.2873958E-02
   8.5000000E-01   1.8724111E+01   0.0000000E+00   1.8724111E+01   1.6852555E-01   0.0000000E+00   1.6852555E-01
   9.0000000E-01   2.1220659E+01   0.0000000E+00   2.1220659E+01   1.4758408E-05   0.0000000E+00   1.4758408E-05
   9.5000000E-01   0.0000000E+00   0.0000000E+00   0.0000000E+00   0.0000000E+00   0.0000000E+00   0.0000000E+00
   1.0000000E+00   0.0000000E+00   0.0000000E+00   0.0000000E+00   0.0000000E+00   0.0000000E+00   0.0000000E+00
