   0.0000000E+00   2.3634891E+07   1.2706931E+07   3.6330108E+07   5.6352560E-05   4.1812116E-04   1.4016076E-04
   5.0000000E-02   1.8793016E+05   8.9572402E+04   2.7750256E+05   7.2370261E-03   7.1361185E-03   7.2043850E-03
   1.0000000E-01   4.8128455E+04   2.2027044E+04   7.0155499E+04   4.4620548E-03   1.0322501E-02   6.1162877E-03
   1.5000000E-01   2.8393242E+04   1.2095776E+04   4.0489018E+04   1.4088513E-02   1.3112195E-02   1.3537084E-02
   2.0000000E-01   2.1708734E+04   9.7402825E+03   3.1449017E+04   5.7699748E-03   6.0357810E-03   3.6289993E-03
   2.5000000E-01   1.6692170E+04   6.7354372E+03   2.3427608E+04   1.2228552E-03   4.6287729E-03   1.8268820E-03
   3.0000000E-01   1.2095776E+04   5.6340850E+03   1.7729861E+04   7.0134317E-03   3.1991617E-03   5.5020142E-03
   3.5000000E-01   1.0431470E+04   4.8201211E+03   1.5251591E+04   1.0836540E-02   2.4446931E-03   7.9551995E-03
   4.0000000E-01   8.8490148E+03   3.7083102E+03   1.2557325E+04   5.9626674E-03   7.9653164E-03   6.5229946E-03
   4.5000000E-01   7.7667612E+03   2.9425981E+03   1.0709359E+04   8.8708753E-03   9.5013223E-03   9.0360014E-03
   5.0000000E-01   6.7227048E+03   2.7501974E+03   9.4729022E+03   4.7241776E-03   8.5237179E-03   2.3446679E-03
   5.5000000E-01   5.5733167E+03   2.2108068E+03   7.7841236E+03   4.1117044E-03   8.7185152E-03   4.4173144E-03
   6.0000000E-01   4.8913619E+03   1.8143664E+03   6.7057283E+03   8.3383111E-03   4.1679785E-03   5.2106628E-03
   6.5000000E-01   4.2065876E+03   1.6062407E+03   5.8079312E+03   9.8164912E-03   3.7597331E-03   8.1414439E-03
   7.0000000E-01   3.4786723E+03   1.2732395E+03   4.7519119E+03   6.3971042E-03   9.3116323E-03   5.3625206E-03
   7.5000000E-01   2.9539157E+03   1.1671362E+03   4.1210520E+03   1.6403676E-02   3.8450509E-03   1.0782498E-02
   8.0000000E-01   2.4271129E+03   9.1911980E+02   3.3462327E+03   3.3552021E-03   1.0530783E-02   4.0532861E-03
   8.5000000E-01   2.1457831E+03   6.7781282E+02   2.8235959E+03   7.2882032E-03   1.8611448E-02   2.1275868E-03
   9.0000000E-01   1.4288577E+03   5.6234747E+02   1.9912052E+03   1.2148325E-02   1.1258204E-02   1.1775518E-02
   9.5000000E-01   8.8456642E+02   3.4846556E+02   1.2330320E+03   7.5205614E-03   1.3766316E-02   4.9478100E-03
   1.0000000E+00   2.3264130E+02   1.1946445E+02   3.5210575E+02   3.4191948E-02   4.4754418E-02   3.3738695E-02
