   0.0000000E+00   2.7142411E+07   1.5347629E+07   4.2274609E+07   5.2658496E-03   2.4591201E-08   3.3557198E-03
   5.0000000E-02   2.5159213E+05   6.9582541E+04   3.2098369E+05   2.0449019E-01   1.0397925E-05   1.6008990E-01
   1.0000000E-01   9.4092402E+04   2.6292397E+04   1.2035297E+05   2.2486236E-01   8.8219076E-05   1.7578004E-01
   1.5000000E-01   4.3735778E+04   1.1862348E+04   5.5576906E+04   2.5408750E-01   2.3915467E-05   1.9994691E-01
   2.0000000E-01   2.1708734E+04   5.7295780E+03   2.7438312E+04   2.6706504E-01   1.5095930E-06   2.1129740E-01
   2.5000000E-01   1.1370029E+04   2.8520566E+03   1.4222086E+04   2.8009775E-01   7.1679060E-07   2.2392762E-01
   3.0000000E-01   6.1327705E+03   1.6446011E+03   7.7773716E+03   2.6261582E-01   4.0193017E-06   2.0708389E-01
   3.5000000E-01   3.0739640E+03   8.7307854E+02   3.9470426E+03   2.6857219E-01   1.0992600E-05   2.0916661E-01
   4.0000000E-01   1.6233804E+03   3.6605637E+02   1.9894368E+03   2.9106593E-01   7.2473829E-05   2.3752309E-01
   4.5000000E-01   9.1956189E+02   1.2732395E+02   1.0468858E+03   2.6109480E-01   8.4039769E-05   2.2935010E-01
   5.0000000E-01   5.4112681E+02   7.6394373E+01   6.1752118E+02   2.4963320E-01   9.6376229E-07   2.1875075E-01
   5.5000000E-01   2.4307300E+02   5.2087072E+01   2.9516008E+02   3.0794030E-01   3.3702997E-05   2.5359209E-01
   6.0000000E-01   1.5915494E+02   1.5915494E+01   1.7507044E+02   2.6129178E-01   8.4654550E-06   2.3753756E-01
   6.5000000E-01   1.0773565E+02   1.4691226E+01   1.2242688E+02   2.9773425E-01   3.0342026E-05   2.6200582E-01
   7.0000000E-01   5.4567409E+01   9.0945682E+00   6.3661977E+01   2.9010950E-01   3.4108951E-05   2.4867016E-01
   7.5000000E-01   4.6685450E+01   0.0000000E+00   4.6685450E+01   2.1555005E-01   0.0000000E+00   2.1555005E-01
   8.0000000E-01   1.1936621E+01   0.0000000E+00   1.1936621E+01   3.1775042E-01   0.0000000E+00   3.1775042E-01
   8.5000000E-01   3.7448222E+00   0.0000000E+00   3.7448222E+00   1.9849574E-01   0.0000000E+00   1.9849574E-01
   9.0000000E-01   3.5367765E+00   0.0000000E+00   3.5367765E+00   3.8498449E-01   0.0000000E+00   3.8498449E-01
   9.5000000E-01   0.0000000E+00   0.0000000E+00   0.0000000E+00   0.0000000E+00   0.0000000E+00   0.0000000E+00
   1.0000000E+00   0.0000000E+00   0.0000000E+00   0.0000000E+00   0.0000000E+00   0.0000000E+00   0.0000000E+00
