   0.0000000E+00   5.7504591E+06   1.1509067E+07   1.7214199E+07   9.6274560E-03   2.7390099E-07   3.2106492E-03
   5.0000000E-02   1.5234311E+05   1.7137804E+05   3.2365749E+05   8.1783263E-02   9.0277797E-05   3.8451574E-02
   1.0000000E-01   7.3306767E+04   6.8786766E+04   1.4209353E+05   6.3631947E-02   1.5814473E-04   3.2772256E-02
   1.5000000E-01   5.1693526E+04   3.5247515E+04   8.6898599E+04   6.0204513E-02   2.3826886E-06   3.5787327E-02
   2.0000000E-01   3.9645496E+04   1.9369157E+04   5.9014653E+04   5.2532950E-02   1.0208096E-06   3.5291001E-02
   2.5000000E-01   3.3155158E+04   1.2159438E+04   4.5289131E+04   4.4230336E-02   8.2406668E-06   3.2267040E-02
   3.0000000E-01   2.8446293E+04   7.0664795E+03   3.5512773E+04   3.2051477E-02   1.1356352E-05   2.5673931E-02
   3.5000000E-01   2.5455696E+04   4.7564592E+03   3.0193966E+04   2.9368649E-02   9.1006225E-06   2.4758556E-02
   4.0000000E-01   2.4096058E+04   2.4191551E+03   2.6507256E+04   1.7738605E-02   5.8825530E-06   1.6125542E-02
   4.5000000E-01   2.3880315E+04   1.4430048E+03   2.5316246E+04   1.2481916E-02   1.9834095E-05   1.1772830E-02
   5.0000000E-01   2.3242988E+04   8.0850711E+02   2.4051495E+04   5.9146693E-03   1.4594297E-05   5.7153969E-03
   5.5000000E-01   2.2027044E+04   4.2248403E+02   2.2443741E+04   4.9436682E-03   2.4104520E-06   4.8518549E-03
   6.0000000E-01   2.1273711E+04   2.7586857E+02   2.1549579E+04   3.1802707E-03   1.3925482E-05   3.1394620E-03
   6.5000000E-01   2.0538333E+04   1.6650056E+02   2.0704834E+04   2.0822984E-03   1.1858298E-06   2.0655621E-03
   7.0000000E-01   1.9148613E+04   7.2756545E+01   1.9221370E+04   1.0445412E-03   2.7163441E-05   1.0406926E-03
   7.5000000E-01   1.7579194E+04   5.0929582E+01   1.7630124E+04   3.3819704E-04   1.1026165E-05   3.3720775E-04
   8.0000000E-01   1.4164790E+04   1.9894368E+01   1.4184684E+04   5.0728952E-04   1.7806468E-06   5.0657560E-04
   8.5000000E-01   7.1938034E+03   0.0000000E+00   7.1975482E+03   7.2664364E-04   0.0000000E+00   7.2626558E-04
   9.0000000E-01   3.6322695E+03   0.0000000E+00   3.6322695E+03   1.5034296E-03   0.0000000E+00   1.5034296E-03
   9.5000000E-01   1.8394961E+03   0.0000000E+00   1.8394961E+03   7.1477315E-04   0.0000000E+00   7.1477315E-04
   1.0000000E+00   8.0481314E+02   0.0000000E+00   8.0481314E+02   2.6840819E-05   0.0000000E+00   2.6840819E-05
