   0.0000000E+00   2.4539910E+07   1.4820508E+07   3.9067573E+07   1.5646843E-03   2.5031196E-04   1.0691767E-03
   5.0000000E-02   9.5429304E+04   3.5077749E+04   1.3050705E+05   1.4121022E-01   4.4937736E-02   1.1515747E-01
   1.0000000E-01   4.6918877E+04   1.4387607E+04   6.1306484E+04   1.3444919E-01   4.2924526E-02   1.1296985E-01
   1.5000000E-01   3.0621411E+04   8.3821603E+03   3.8982351E+04   1.3788788E-01   4.7629488E-02   1.1853188E-01
   2.0000000E-01   2.0960706E+04   6.0956343E+03   2.7040425E+04   1.4561147E-01   3.0496953E-02   1.1964657E-01
   2.5000000E-01   1.5011494E+04   3.9979722E+03   1.9009466E+04   1.3870641E-01   3.3216422E-02   1.1650041E-01
   3.0000000E-01   1.2467137E+04   2.8435683E+03   1.5310706E+04   1.3805576E-01   2.5940089E-02   1.1720982E-01
   3.5000000E-01   9.8494173E+03   2.3918714E+03   1.2241289E+04   1.4826685E-01   3.8256077E-02   1.2675665E-01
   4.0000000E-01   8.2601415E+03   2.2679579E+03   1.0528099E+04   1.4670884E-01   4.2099027E-02   1.2416454E-01
   4.5000000E-01   6.7269489E+03   1.5986230E+03   8.3255719E+03   1.3946212E-01   3.0136339E-02   1.1846134E-01
   5.0000000E-01   6.4553245E+03   1.3369015E+03   7.7922260E+03   1.4497828E-01   2.0440211E-02   1.2360201E-01
   5.5000000E-01   5.4054806E+03   9.8386692E+02   6.3893475E+03   1.4641743E-01   2.2710207E-02   1.2736520E-01
   6.0000000E-01   4.3290145E+03   7.5333340E+02   5.0823478E+03   1.3057653E-01   1.5451045E-02   1.1344654E-01
   6.5000000E-01   3.6189386E+03   7.2476713E+02   4.3437057E+03   1.4057442E-01   1.5417336E-02   1.1952860E-01
   7.0000000E-01   3.1467206E+03   5.5022137E+02   3.6923947E+03   1.3025960E-01   1.1073024E-02   1.1265237E-01
   7.5000000E-01   2.7926387E+03   5.0505169E+02   3.2976904E+03   1.4051691E-01   1.4363614E-02   1.2116152E-01
   8.0000000E-01   2.1923593E+03   3.7799299E+02   2.5703523E+03   1.2742891E-01   7.9274822E-03   1.0985516E-01
   8.5000000E-01   1.8499422E+03   2.8460649E+02   2.1345486E+03   1.2794235E-01   2.0276679E-02   1.1354249E-01
   9.0000000E-01   1.2272615E+03   2.1220659E+02   1.4394680E+03   1.5207901E-01   1.0555304E-02   1.3120527E-01
   9.5000000E-01   8.5441075E+02   1.2732395E+02   9.8173470E+02   1.3689442E-01   1.3260900E-02   1.2069950E-01
   1.0000000E+00   3.5210575E+02   6.2876027E+01   4.1498178E+02   8.3431736E-02   9.4932704E-02   8.5033551E-02
