   0.0000000E+00   1.9168367E+07   9.6037912E+06   2.8746184E+07   1.7211383E-04   3.8257649E-05   1.0117590E-04
   5.0000000E-02   4.5893919E+05   2.2281692E+05   6.8169245E+05   5.9895630E-03   7.4409734E-04   4.2729435E-03
   1.0000000E-01   9.4347050E+04   5.1375216E+04   1.4572227E+05   1.2077556E-02   1.5571139E-03   8.3232515E-03
   1.5000000E-01   5.2033056E+04   2.6398500E+04   7.8431556E+04   1.3358432E-02   3.2808178E-03   9.9539119E-03
   2.0000000E-01   3.4918595E+04   1.7109156E+04   5.2027751E+04   6.4254037E-03   2.8158526E-03   4.6266988E-03
   2.5000000E-01   2.4522594E+04   1.2337691E+04   3.6860285E+04   1.3144289E-02   2.9741824E-03   9.6441308E-03
   3.0000000E-01   1.9024321E+04   9.8039445E+03   2.8828265E+04   5.4227060E-03   2.0041749E-03   3.7389151E-03
   3.5000000E-01   1.4187526E+04   7.7758558E+03   2.1963382E+04   7.9752978E-03   4.4133754E-03   6.6222764E-03
   4.0000000E-01   1.1188592E+04   5.1088737E+03   1.6297466E+04   1.2981725E-03   3.3132610E-03   1.4627537E-03
   4.5000000E-01   9.4927082E+03   4.2936467E+03   1.3786355E+04   5.5495417E-03   2.9380103E-03   4.3601066E-03
   5.0000000E-01   7.0855781E+03   3.5205073E+03   1.0606085E+04   7.0680997E-03   4.0659615E-03   5.7723181E-03
   5.5000000E-01   5.6196164E+03   2.7779772E+03   8.3975935E+03   4.8549108E-03   8.0203269E-03   2.0784117E-03
   6.0000000E-01   4.4298126E+03   2.1379814E+03   6.5677940E+03   3.5282347E-03   2.9022537E-03   2.5142862E-03
   6.5000000E-01   3.6483210E+03   1.8413003E+03   5.4896213E+03   3.0217226E-03   6.2336307E-03   4.3032034E-04
   7.0000000E-01   2.8102216E+03   1.6142859E+03   4.4245074E+03   1.6269755E-02   1.2010823E-02   1.2520558E-02
   7.5000000E-01   2.3088077E+03   1.1544039E+03   3.4632116E+03   1.0632833E-02   5.0677285E-03   5.8404441E-03
   8.0000000E-01   1.8183452E+03   7.5996485E+02   2.5783101E+03   1.3591080E-02   6.9868676E-03   8.9138731E-03
   8.5000000E-01   1.4267773E+03   6.8155764E+02   2.1083349E+03   5.3886188E-03   1.3120214E-02   7.0521806E-03
   9.0000000E-01   1.0115181E+03   4.7039128E+02   1.4819094E+03   8.0009449E-03   3.0836712E-03   5.7344503E-03
   9.5000000E-01   5.4950338E+02   2.9485547E+02   8.4435886E+02   2.4847842E-02   4.3438748E-03   1.5119377E-02
   1.0000000E+00   1.3203966E+02   8.8026438E+01   2.2006609E+02   3.6653733E-02   1.3560418E-05   2.1991292E-02
