   0.0000000E+00   9.6236538E+06   9.6282374E+06   1.9194341E+07   7.2802524E-03   4.9328788E-06   3.6287374E-03
   5.0000000E-02   4.7899272E+05   2.5706706E+05   7.3548682E+05   4.2161216E-03   9.6273228E-05   2.7633452E-03
   1.0000000E-01   1.4167973E+05   8.0659725E+04   2.2227579E+05   6.7095027E-03   3.2367631E-04   4.3677818E-03
   1.5000000E-01   7.3678128E+04   4.2653525E+04   1.1631043E+05   1.5083147E-02   1.0094014E-04   9.5652321E-03
   2.0000000E-01   4.6027610E+04   2.5512537E+04   7.1524231E+04   7.6498789E-03   1.1950192E-04   4.9625756E-03
   2.5000000E-01   3.0099383E+04   1.4705917E+04   4.4792567E+04   1.0247173E-02   1.5735632E-04   6.9642317E-03
   3.0000000E-01   2.2111927E+04   9.9100478E+03   3.2021975E+04   2.3138630E-03   8.6760667E-06   1.5970786E-03
   3.5000000E-01   1.6442979E+04   5.7659562E+03   2.2208935E+04   7.0974874E-03   4.9842846E-04   5.3387240E-03
   4.0000000E-01   1.3536128E+04   4.1300708E+03   1.7642325E+04   9.6767489E-03   1.4176907E-04   7.4775445E-03
   4.5000000E-01   1.1720877E+04   2.3342725E+03   1.4055150E+04   6.3553728E-03   9.7518274E-04   5.3856593E-03
   5.0000000E-01   1.0777973E+04   1.5024227E+03   1.2280395E+04   3.5150972E-03   6.6473784E-06   3.0844720E-03
   5.5000000E-01   1.0579463E+04   9.1441749E+02   1.1493881E+04   1.7370767E-03   3.5868510E-03   1.8062126E-03
   6.0000000E-01   9.4538036E+03   4.7215966E+02   9.9259633E+03   3.7170131E-03   6.3256886E-06   3.5400700E-03
   6.5000000E-01   9.9361655E+03   2.7913328E+02   1.0215299E+04   8.2685885E-04   3.1499222E-06   8.0434581E-04
   7.0000000E-01   9.7721135E+03   1.3641852E+02   9.9085320E+03   4.1582650E-04   6.0491220E-05   4.0996939E-04
   7.5000000E-01   9.1885454E+03   5.5173714E+01   9.2437191E+03   1.9025897E-04   5.5244994E-06   1.8910052E-04
   8.0000000E-01   8.7097543E+03   5.5704230E+01   8.7654585E+03   1.1820040E-03   2.7375059E-05   1.1746030E-03
   8.5000000E-01   8.0326436E+03   2.9958578E+01   8.0626022E+03   1.9065502E-04   3.1397666E-06   1.8993848E-04
   9.0000000E-01   6.8613464E+03   1.7683883E+01   6.8790303E+03   6.0076058E-04   2.4215683E-05   5.9917953E-04
   9.5000000E-01   5.0762050E+03   3.3506304E+00   5.0795557E+03   5.9941431E-04   1.2046294E-05   5.9901121E-04
   1.0000000E+00   1.9114312E+03   0.0000000E+00   1.9114312E+03   1.0707789E-05   0.0000000E+00   1.0707789E-05
