   0.0000000E+00   3.3428140E+07   1.6823059E+07   4.9920667E+07   3.3715949E-05   3.1823667E-05   3.3301497E-05
   5.0000000E-02   3.1194369E+03   1.3369015E+03   4.4563384E+03   1.4467783E-01   6.4028186E-02   1.2048294E-01
   1.0000000E-01   1.2414086E+03   5.0929582E+02   1.7507044E+03   1.0625851E-01   1.4291756E-01   1.1685948E-01
   1.5000000E-01   9.3370900E+02   2.7586857E+02   1.2095776E+03   1.0254273E-01   8.3197662E-02   9.7289465E-02
   2.0000000E-01   8.7535219E+02   1.7507044E+02   1.0504226E+03   1.1084764E-01   3.7148489E-02   9.8564452E-02
   2.5000000E-01   4.0743665E+02   2.0371833E+02   6.1115498E+02   1.9261377E-01   1.1855862E-01   1.6792872E-01
   3.0000000E-01   5.1990615E+02   1.2732395E+02   6.4723010E+02   1.5436244E-01   7.8325541E-02   1.3939871E-01
   3.5000000E-01   3.0921532E+02   5.4567409E+01   3.6378273E+02   2.2071083E-01   1.0264070E-01   2.0300031E-01
   4.0000000E-01   2.5464791E+02   3.1830989E+01   2.8647890E+02   1.9561589E-01   3.5008206E-05   1.7387690E-01
   4.5000000E-01   2.1220659E+02   5.6588424E+01   2.6879501E+02   1.9271786E-01   7.5740609E-02   1.6809107E-01
   5.0000000E-01   2.0371833E+02   4.4563384E+01   2.4828171E+02   1.5256640E-01   2.4885144E-01   1.6984833E-01
   5.5000000E-01   1.6783612E+02   3.4724715E+01   2.0256084E+02   1.7746704E-01   1.1065656E-01   1.6601381E-01
   6.0000000E-01   1.2201879E+02   2.6525824E+01   1.4854461E+02   1.9824029E-01   7.5486222E-02   1.7631992E-01
   6.5000000E-01   1.0283858E+02   1.4691226E+01   1.1752980E+02   1.7891030E-01   1.8842361E-01   1.8009947E-01
   7.0000000E-01   6.3661977E+01   2.7283705E+01   9.0945682E+01   1.5946303E-01   6.7212657E-02   1.3165599E-01
   7.5000000E-01   9.3370900E+01   1.2732395E+01   1.0610330E+02   1.5440230E-01   1.9817922E-01   1.5965553E-01
   8.0000000E-01   5.1725357E+01   0.0000000E+00   5.1725357E+01   1.2672659E-01   0.0000000E+00   1.2672659E-01
   8.5000000E-01   6.3661977E+01   1.1234467E+01   7.4896444E+01   1.5352315E-01   1.4221320E-01   1.5182666E-01
   9.0000000E-01   2.1220659E+01   1.0610330E+01   3.1830989E+01   2.5911618E-01   2.5496753E-01   2.5773330E-01
   9.5000000E-01   1.6753152E+01   0.0000000E+00   1.6753152E+01   3.3279906E-01   0.0000000E+00   3.3279906E-01
   1.0000000E+00   0.0000000E+00   6.2876027E+00   6.2876027E+00   0.0000000E+00   6.7735643E-06   6.7735643E-06
