   0.0000000E+00   3.2693736E+07   1.6828662E+07   4.9114451E+07   1.6318900E-04   2.8639647E-05   1.1834411E-04
   5.0000000E-02   1.2605071E+04   3.4377468E+03   1.6042818E+04   1.6344160E-01   4.1117422E-02   1.3722841E-01
   1.0000000E-01   5.2521131E+03   1.4642255E+03   6.7163386E+03   1.5514954E-01   4.9931416E-02   1.3221098E-01
   1.5000000E-01   4.0531459E+03   5.0929582E+02   4.5624417E+03   1.5651927E-01   7.1945062E-02   1.4707774E-01
   2.0000000E-01   2.3873241E+03   3.9788736E+02   2.7852115E+03   1.5189978E-01   4.5751201E-02   1.3673521E-01
   2.5000000E-01   1.7316058E+03   3.1830989E+02   2.0499157E+03   1.5397933E-01   1.5956821E-02   1.3254714E-01
   3.0000000E-01   1.3262912E+03   1.6976527E+02   1.4960565E+03   1.5336923E-01   8.0071143E-06   1.3596654E-01
   3.5000000E-01   9.0036225E+02   1.2732395E+02   1.0276862E+03   1.4431955E-01   2.4429092E-02   1.2946586E-01
   4.0000000E-01   7.9577472E+02   9.5492966E+01   8.9126768E+02   1.1382313E-01   2.8400134E-02   1.0467067E-01
   4.5000000E-01   6.2247267E+02   4.2441318E+01   6.6491398E+02   1.0088138E-01   5.6447748E-06   9.4441785E-02
   5.0000000E-01   5.2839441E+02   4.4563384E+01   5.7295780E+02   9.5667693E-02   6.0741494E-06   8.8227278E-02
   5.5000000E-01   4.5142129E+02   0.0000000E+00   4.5142129E+02   6.7417144E-02   0.0000000E+00   6.7417144E-02
   6.0000000E-01   3.2892022E+02   1.0610330E+01   3.3953055E+02   6.9963496E-02   2.9802935E-06   6.7777230E-02
   6.5000000E-01   2.3016253E+02   0.0000000E+00   2.3016253E+02   6.8676239E-02   0.0000000E+00   6.8676239E-02
   7.0000000E-01   1.8189136E+02   4.5472841E+00   1.8643865E+02   5.4983870E-02   2.8154609E-06   5.3642732E-02
   7.5000000E-01   1.1034743E+02   4.2441318E+00   1.1459156E+02   4.8625291E-02   5.8569954E-06   4.6824138E-02
   8.0000000E-01   9.1514092E+01   0.0000000E+00   9.1514092E+01   3.5866927E-02   0.0000000E+00   3.5866927E-02
   8.5000000E-01   5.2427511E+01   3.7448222E+00   5.6172333E+01   5.8457860E-02   3.4417263E-05   5.4562964E-02
   9.0000000E-01   6.3661977E+01   3.5367765E+00   6.7198754E+01   2.1572023E-02   4.5646919E-06   2.0436894E-02
   9.5000000E-01   3.0155673E+01   0.0000000E+00   3.0155673E+01   2.4575410E-06   0.0000000E+00   2.4575410E-06
   1.0000000E+00   1.2575205E+01   0.0000000E+00   1.2575205E+01   2.1427933E-01   0.0000000E+00   2.1427933E-01
