   0.0000000E+00   1.7681732E+07   1.1597684E+07   2.9172464E+07   2.6398997E-03   1.0804262E-03   2.0306474E-03
   5.0000000E-02   1.7462480E+05   7.2701978E+04   2.4719946E+05   6.4239220E-02   4.1113143E-02   5.7373707E-02
   1.0000000E-01   7.3529584E+04   3.1162538E+04   1.0472395E+05   6.2474776E-02   4.5089503E-02   5.7282448E-02
   1.5000000E-01   4.6494464E+04   1.8249767E+04   6.4744231E+04   6.8323324E-02   4.2064781E-02   6.0920624E-02
   2.0000000E-01   3.2849580E+04   1.3066621E+04   4.5916201E+04   6.8993080E-02   3.1942047E-02   5.8449099E-02
   2.5000000E-01   2.6012284E+04   9.5110994E+03   3.5459721E+04   6.2833993E-02   3.2294489E-02   5.4569233E-02
   3.0000000E-01   2.1188828E+04   7.7137096E+03   2.8891927E+04   6.9189806E-02   3.3962434E-02   5.9649123E-02
   3.5000000E-01   1.7088694E+04   6.0115096E+03   2.3100203E+04   6.5611041E-02   3.1478623E-02   5.6728074E-02
   4.0000000E-01   1.4705917E+04   4.8064793E+03   1.9512396E+04   5.8622260E-02   4.0837447E-02   5.4183084E-02
   4.5000000E-01   1.2626292E+04   4.0955872E+03   1.6707732E+04   6.8123029E-02   3.6344953E-02   6.0273799E-02
   5.0000000E-01   1.0593353E+04   3.0621411E+03   1.3655494E+04   5.9665699E-02   3.2504429E-02   5.3563186E-02
   5.5000000E-01   9.9023312E+03   2.7085278E+03   1.2610859E+04   7.0235692E-02   2.2101541E-02   5.9891856E-02
   6.0000000E-01   8.1487331E+03   2.1963382E+03   1.0345071E+04   6.8013766E-02   3.0044701E-02   5.9855944E-02
   6.5000000E-01   7.2623625E+03   2.0812569E+03   9.3387224E+03   5.9579101E-02   2.6980976E-02   5.2280815E-02
   7.0000000E-01   6.5708255E+03   1.6688533E+03   8.2396788E+03   6.6005589E-02   2.9470710E-02   5.8549404E-02
   7.5000000E-01   5.5980099E+03   1.3581222E+03   6.9518879E+03   7.2584536E-02   2.8400692E-02   6.3990453E-02
   8.0000000E-01   4.6154933E+03   1.0862325E+03   5.7017258E+03   6.9215889E-02   2.5298992E-02   6.0840247E-02
   8.5000000E-01   3.8609117E+03   9.5492966E+02   4.8158413E+03   6.2908484E-02   4.3693339E-02   5.9031902E-02
   9.0000000E-01   3.1123633E+03   6.1893589E+02   3.7312992E+03   7.7467238E-02   3.9945541E-02   7.1242226E-02
   9.5000000E-01   2.0472352E+03   4.5233510E+02   2.4995703E+03   5.9701404E-02   2.3274080E-02   5.3057992E-02
   1.0000000E+00   8.2367595E+02   2.0120329E+02   1.0248792E+03   9.4136936E-02   3.5762981E-02   8.0605823E-02
