   0.0000000E+00   2.7028329E+07   1.6798613E+07   4.3679247E+07   1.6287787E-02   1.6796972E-06   1.0032754E-02
   5.0000000E-02   3.5778031E+04   1.1331832E+04   4.7109863E+04   2.7422585E-01   4.6839568E-06   2.0826450E-01
   1.0000000E-01   3.1830989E+03   3.1830989E+01   3.2149299E+03   4.6007210E-07   1.7309674E-01   1.7141365E-03
   1.5000000E-01   2.7374650E+03   0.0000000E+00   2.7374650E+03   2.9781341E-06   0.0000000E+00   2.9781341E-06
   2.0000000E-01   3.0876059E+03   0.0000000E+00   3.0876059E+03   6.2635286E-07   0.0000000E+00   6.2635286E-07
   2.5000000E-01   3.4504792E+03   0.0000000E+00   3.4504792E+03   9.9011236E-07   0.0000000E+00   9.9011236E-07
   3.0000000E-01   2.6738030E+03   0.0000000E+00   2.6738030E+03   6.5298719E-07   0.0000000E+00   6.5298719E-07
   3.5000000E-01   3.3013282E+03   0.0000000E+00   3.3013282E+03   2.6003324E-06   0.0000000E+00   2.6003324E-06
   4.0000000E-01   3.5093665E+03   0.0000000E+00   3.5093665E+03   2.8933722E-06   0.0000000E+00   2.8933722E-06
   4.5000000E-01   3.4943352E+03   7.0735530E+00   3.5014087E+03   1.9272377E-05   3.6289402E-01   7.5235263E-04
   5.0000000E-01   3.7496905E+03   0.0000000E+00   3.7496905E+03   1.9731000E-05   0.0000000E+00   1.9731000E-05
   5.5000000E-01   3.6518825E+03   0.0000000E+00   3.6518825E+03   1.6121871E-07   0.0000000E+00   1.6121871E-07
   6.0000000E-01   4.0690614E+03   0.0000000E+00   4.0690614E+03   1.2414505E-06   0.0000000E+00   1.2207631E-06
   6.5000000E-01   4.6816039E+03   0.0000000E+00   4.6816039E+03   7.3907323E-06   0.0000000E+00   7.3907323E-06
   7.0000000E-01   5.3748898E+03   0.0000000E+00   5.3748898E+03   2.1593522E-05   0.0000000E+00   2.1593522E-05
   7.5000000E-01   7.0367706E+03   0.0000000E+00   7.0325264E+03   4.0442707E-05   0.0000000E+00   4.0471395E-05
   8.0000000E-01   1.2075881E+04   0.0000000E+00   1.2079860E+04   6.3383288E-06   0.0000000E+00   6.3439077E-06
   8.5000000E-01   6.1827014E+03   0.0000000E+00   6.1827014E+03   1.5387128E-06   0.0000000E+00   1.5387128E-06
   9.0000000E-01   3.5367765E+01   0.0000000E+00   3.5367765E+01   1.8187911E-02   0.0000000E+00   1.8187911E-02
   9.5000000E-01   0.0000000E+00   0.0000000E+00   0.0000000E+00   0.0000000E+00   0.0000000E+00   0.0000000E+00
   1.0000000E+00   0.0000000E+00   0.0000000E+00   0.0000000E+00   0.0000000E+00   0.0000000E+00   0.0000000E+00
