   0.0000000E+00   3.1836591E+07   1.6233804E+07   4.7703193E+07   1.8733522E-04   2.5529036E-09   1.2502621E-04
   5.0000000E-02   1.5406198E+04   4.7746483E+03   2.0180847E+04   1.7971208E-01   1.9933246E-05   1.3719817E-01
   1.0000000E-01   7.3529584E+03   2.4191551E+03   9.7721135E+03   1.4723654E-01   1.5797438E-06   1.1078747E-01
   1.5000000E-01   5.3476061E+03   1.6976527E+03   7.0452588E+03   1.4688532E-01   3.1209759E-04   1.1156626E-01
   2.0000000E-01   3.9788736E+03   1.3050705E+03   5.2839441E+03   1.5381860E-01   6.1463812E-06   1.1582574E-01
   2.5000000E-01   3.5905355E+03   7.8940852E+02   4.3799440E+03   1.5919410E-01   3.5085654E-06   1.3050152E-01
   3.0000000E-01   2.3448828E+03   7.6394373E+02   3.1088266E+03   1.6433815E-01   2.2096048E-03   1.2449497E-01
   3.5000000E-01   1.8825756E+03   4.7291755E+02   2.3554932E+03   1.8320864E-01   6.6509824E-03   1.4776064E-01
   4.0000000E-01   1.6233804E+03   4.3767609E+02   2.0610565E+03   1.9697522E-01   6.0515746E-06   1.5514779E-01
   4.5000000E-01   1.3227544E+03   4.4563384E+02   1.7683883E+03   1.6177081E-01   3.3863186E-06   1.2100542E-01
   5.0000000E-01   1.2095776E+03   2.8647890E+02   1.4960565E+03   1.7674348E-01   9.4977662E-06   1.4289717E-01
   5.5000000E-01   1.0185916E+03   2.5464791E+02   1.2732395E+03   2.1492770E-01   5.2683883E-06   1.7194311E-01
   6.0000000E-01   8.7004702E+02   2.5995307E+02   1.1300001E+03   2.2318511E-01   1.9800868E-04   1.7179655E-01
   6.5000000E-01   7.1497298E+02   2.0567716E+02   9.2065013E+02   2.3150757E-01   8.2814832E-06   1.7978594E-01
   7.0000000E-01   5.7750508E+02   1.9553322E+02   7.7303830E+02   2.5561012E-01   3.9886046E-06   1.9095480E-01
   7.5000000E-01   4.7534276E+02   1.1459156E+02   5.8993432E+02   2.7345521E-01   5.9378009E-06   2.2033915E-01
   8.0000000E-01   3.8595074E+02   1.2732395E+02   5.1327469E+02   2.4489134E-01   8.3839545E-03   1.8622245E-01
   8.5000000E-01   3.2579953E+02   1.0859984E+02   4.3439937E+02   3.0093082E-01   2.1524296E-05   2.2570350E-01
   9.0000000E-01   2.0866981E+02   7.7809083E+01   2.8647890E+02   2.9263116E-01   1.1642098E-04   2.1318271E-01
   9.5000000E-01   1.6083026E+02   5.3610086E+01   2.1444034E+02   3.4539320E-01   1.4700643E-05   2.5904123E-01
   1.0000000E+00   6.9163630E+01   3.7725616E+01   1.0688925E+02   3.6007447E-01   3.1199814E-06   2.3299046E-01
