   0.0000000E+00   2.8521584E+07   1.5595147E+07   4.3466870E+07   9.9784846E-04   1.6309676E-06   6.5477336E-04
   5.0000000E-02   6.9391555E+04   1.9416903E+04   8.8808458E+04   1.7557562E-01   1.7492263E-06   1.3718779E-01
   1.0000000E-01   3.2340284E+04   7.1938034E+03   3.9534088E+04   1.8942052E-01   7.7657026E-06   1.5495411E-01
   1.5000000E-01   1.9692772E+04   5.1778408E+03   2.4870612E+04   1.8866210E-01   2.0478984E-06   1.4938391E-01
   2.0000000E-01   1.3162114E+04   3.9311271E+03   1.7093241E+04   2.0342394E-01   5.5107383E-06   1.5664148E-01
   2.5000000E-01   9.5492966E+03   2.8393242E+03   1.2388621E+04   2.0771649E-01   2.7070280E-06   1.6010973E-01
   3.0000000E-01   7.6394373E+03   1.8037560E+03   9.4431933E+03   2.1302728E-01   2.0760124E-05   1.7234064E-01
   3.5000000E-01   5.5658757E+03   1.6006440E+03   7.1665197E+03   2.2341964E-01   4.7967394E-06   1.7351775E-01
   4.0000000E-01   4.2573947E+03   1.2971128E+03   5.5465498E+03   2.3105771E-01   5.2335828E-06   1.7735537E-01
   4.5000000E-01   3.5438501E+03   1.0256652E+03   4.5695153E+03   2.4277434E-01   1.2913348E-05   1.8828454E-01
   5.0000000E-01   2.8202256E+03   8.4670430E+02   3.6669299E+03   2.4425269E-01   9.5202030E-07   1.8785427E-01
   5.5000000E-01   2.1934445E+03   6.1925741E+02   2.8127019E+03   2.5699644E-01   1.9287642E-06   2.0041461E-01
   6.0000000E-01   1.8355870E+03   5.2521131E+02   2.3607983E+03   2.8811205E-01   4.9562910E-06   2.2401411E-01
   6.5000000E-01   1.5376816E+03   4.0645724E+02   1.9441388E+03   2.8664087E-01   4.0950702E-06   2.2671261E-01
   7.0000000E-01   1.2414086E+03   3.2285717E+02   1.5642657E+03   2.9154724E-01   1.0984593E-05   2.3137551E-01
   7.5000000E-01   9.1248834E+02   2.9708923E+02   1.2095776E+03   3.0390016E-01   2.6206050E-06   2.2925738E-01
   8.0000000E-01   6.9630288E+02   1.7507044E+02   8.7137331E+02   3.3359159E-01   1.3803134E-05   2.6656585E-01
   8.5000000E-01   5.6172333E+02   1.4604807E+02   7.0777139E+02   3.4694347E-01   2.9889475E-06   2.7535256E-01
   9.0000000E-01   3.5367765E+02   1.2025040E+02   4.7392805E+02   3.5601723E-01   9.3285945E-06   2.6568290E-01
   9.5000000E-01   2.0103782E+02   8.7116390E+01   2.8815421E+02   3.7005556E-01   1.4945634E-06   2.5817875E-01
   1.0000000E+00   7.5451232E+01   5.6588424E+01   1.3203966E+02   3.7793833E-01   2.2492820E-05   2.1597437E-01
