   0.0000000E+00   2.7459193E+07   1.4663136E+07   4.1767350E+07   6.5143660E-04   4.1614994E-04   5.6392078E-04
   5.0000000E-02   6.5380851E+04   2.5974087E+04   9.1291275E+04   1.1032112E-01   8.1146728E-02   1.0202330E-01
   1.0000000E-01   3.0907890E+04   1.1077184E+04   4.1985074E+04   1.1123940E-01   9.2707267E-02   1.0632483E-01
   1.5000000E-01   1.8822725E+04   7.5545546E+03   2.6356059E+04   1.1261090E-01   8.5726917E-02   1.0498785E-01
   2.0000000E-01   1.3607748E+04   5.5067610E+03   1.9114509E+04   1.2016092E-01   9.5767629E-02   1.1308698E-01
   2.5000000E-01   1.0313240E+04   3.9979722E+03   1.4311212E+04   1.1589354E-01   8.7112131E-02   1.0784621E-01
   3.0000000E-01   8.7535219E+03   3.3316435E+03   1.2085165E+04   1.1840364E-01   8.4897761E-02   1.0915509E-01
   3.5000000E-01   7.0301012E+03   2.4373443E+03   9.4674455E+03   1.1846340E-01   8.0150617E-02   1.0852760E-01
   4.0000000E-01   5.8569019E+03   2.0530988E+03   7.9100007E+03   1.3776916E-01   8.1744419E-02   1.2321211E-01
   4.5000000E-01   4.8312367E+03   1.7896089E+03   6.6208456E+03   1.3429984E-01   9.0629466E-02   1.2248153E-01
   5.0000000E-01   4.3290145E+03   1.4451269E+03   5.7741413E+03   1.3077439E-01   8.6497029E-02   1.1968857E-01
   5.5000000E-01   3.7676316E+03   1.2443023E+03   5.0119338E+03   1.4546515E-01   7.4156038E-02   1.2775978E-01
   6.0000000E-01   3.1512679E+03   1.0185916E+03   4.1698595E+03   1.3501870E-01   8.9776002E-02   1.2393752E-01
   6.5000000E-01   2.5268908E+03   8.5209108E+02   3.3789819E+03   1.4870077E-01   8.4610763E-02   1.3252912E-01
   7.0000000E-01   2.1554127E+03   8.3670027E+02   2.9921129E+03   1.4350310E-01   1.1946171E-01   1.3678028E-01
   7.5000000E-01   2.0456715E+03   5.6022540E+02   2.6058969E+03   1.5981330E-01   1.0457246E-01   1.4792155E-01
   8.0000000E-01   1.5676762E+03   4.4961271E+02   2.0172889E+03   1.6230507E-01   7.7350823E-02   1.4337023E-01
   8.5000000E-01   1.3106878E+03   3.0707542E+02   1.6177632E+03   1.5124204E-01   7.9025287E-02   1.3746425E-01
   9.0000000E-01   1.0221284E+03   2.9708923E+02   1.3192176E+03   1.6743706E-01   8.2204033E-02   1.4819664E-01
   9.5000000E-01   6.8017797E+02   2.1444034E+02   8.9461831E+02   1.8587249E-01   7.2506029E-02   1.5867972E-01
   1.0000000E+00   3.5210575E+02   6.2876027E+01   4.1498178E+02   1.4306036E-01   1.2952395E-01   1.4089209E-01
