   0.0000000E+00   2.0852608E+07   1.1785615E+07   3.2447237E+07   1.2071592E-03   3.3827273E-04   8.7748792E-04
   5.0000000E-02   2.2249861E+05   1.0497860E+05   3.2728622E+05   1.0626623E-02   3.8741447E-03   8.4485546E-03
   1.0000000E-01   6.5603668E+04   3.1194369E+04   9.6734374E+04   8.1015006E-03   5.0418622E-03   7.0633471E-03
   1.5000000E-01   3.8897468E+04   1.7061410E+04   5.5937657E+04   6.1098070E-03   4.5572115E-03   5.5293381E-03
   2.0000000E-01   2.6594791E+04   1.0758874E+04   3.7353665E+04   1.1570845E-02   3.3676831E-03   7.2913512E-03
   2.5000000E-01   2.0308171E+04   9.0909303E+03   2.9360904E+04   1.0446718E-02   5.9958228E-03   7.9567667E-03
   3.0000000E-01   1.6233804E+04   6.0266672E+03   2.2260471E+04   5.6332811E-03   6.1571438E-04   4.2014347E-03
   3.5000000E-01   1.3196218E+04   5.5476866E+03   1.8743905E+04   4.5074964E-03   3.3842420E-03   4.1378566E-03
   4.0000000E-01   1.1132888E+04   4.4245074E+03   1.5557396E+04   1.0983999E-02   4.2800547E-03   9.0720053E-03
   4.5000000E-01   9.6483263E+03   3.5933649E+03   1.3241691E+04   6.7662452E-03   6.5360696E-03   6.5723393E-03
   5.0000000E-01   8.1487331E+03   2.9921129E+03   1.1140846E+04   1.2726716E-02   2.5289541E-03   9.7318932E-03
   5.5000000E-01   6.8928559E+03   2.4365175E+03   9.3293734E+03   1.6210873E-03   1.6904074E-03   1.6333876E-03
   6.0000000E-01   5.9789207E+03   1.9310800E+03   7.9100007E+03   1.2286504E-02   1.0682058E-02   1.1720232E-02
   6.5000000E-01   5.4161651E+03   1.7335646E+03   7.1546268E+03   1.9318234E-02   2.7835621E-03   1.3964957E-02
   7.0000000E-01   4.5700205E+03   1.5551712E+03   6.1251917E+03   1.4412988E-02   3.6792802E-03   9.8375585E-03
   7.5000000E-01   3.9258219E+03   1.2223100E+03   5.1481319E+03   6.8016316E-03   1.1492770E-03   5.4384835E-03
   8.0000000E-01   3.2547186E+03   1.0742959E+03   4.3290145E+03   1.7315633E-02   2.9134064E-03   1.2597117E-02
   8.5000000E-01   2.6251204E+03   8.5756428E+02   3.4826846E+03   2.8881323E-02   8.3209082E-03   2.1070782E-02
   9.0000000E-01   1.8320502E+03   6.3308300E+02   2.4651332E+03   6.0687842E-03   2.5866816E-03   3.8791527E-03
   9.5000000E-01   1.0554486E+03   2.8480358E+02   1.3402522E+03   2.7589700E-02   1.0189941E-04   2.1706406E-02
   1.0000000E+00   4.0240657E+02   1.5090246E+02   5.5330904E+02   7.5056604E-02   4.5642217E-03   5.5831359E-02
