   0.0000000E+00   7.3914102E+06   8.9972199E+06   1.6375898E+07   2.6702885E-04   9.7655061E-05   1.7376801E-04
   5.0000000E-02   1.3528170E+05   9.6256910E+04   2.3147495E+05   3.1511644E-03   1.8967408E-03   2.5976468E-03
   1.0000000E-01   7.2988457E+04   4.1380285E+04   1.1433691E+05   3.2499016E-03   2.0624076E-03   2.2538879E-03
   1.5000000E-01   5.4346108E+04   2.4891833E+04   7.9216720E+04   3.2607762E-03   3.3658815E-03   1.3187413E-03
   2.0000000E-01   4.3194652E+04   1.7889016E+04   6.1083667E+04   4.4761392E-03   2.9417061E-03   3.0406128E-03
   2.5000000E-01   3.7140398E+04   1.3381748E+04   5.0496680E+04   1.2310092E-03   4.8652598E-04   7.8161887E-04
   3.0000000E-01   3.0324322E+04   1.0822536E+04   4.1146858E+04   2.6477024E-03   2.7773703E-03   2.5536869E-03
   3.5000000E-01   2.7602014E+04   8.7216909E+03   3.6323705E+04   5.4840193E-03   1.3482930E-03   4.4557798E-03
   4.0000000E-01   2.4302960E+04   6.7800006E+03   3.1082960E+04   1.5344003E-03   1.9911397E-03   1.4707930E-03
   4.5000000E-01   2.1284321E+04   5.9983730E+03   2.7275620E+04   1.7043622E-03   3.1474992E-03   9.1618525E-04
   5.0000000E-01   1.9270481E+04   4.7682821E+03   2.4038763E+04   1.5989442E-03   3.5979149E-03   1.5060609E-03
   5.5000000E-01   1.8091576E+04   4.1669658E+03   2.2258542E+04   2.2261691E-03   1.4736436E-03   1.6317201E-03
   6.0000000E-01   1.5899579E+04   3.5809862E+03   1.9480565E+04   2.0890725E-03   2.1089502E-03   1.9890598E-03
   6.5000000E-01   1.5161345E+04   3.1488193E+03   1.8310164E+04   2.7978528E-03   4.2892908E-03   2.0594516E-03
   7.0000000E-01   1.3901047E+04   2.6828976E+03   1.6583945E+04   3.0830017E-03   6.0692518E-03   1.6820615E-03
   7.5000000E-01   1.2643269E+04   2.3257842E+03   1.4969053E+04   2.9334185E-03   7.9478694E-04   2.3711908E-03
   8.0000000E-01   1.1196550E+04   2.0849298E+03   1.3285459E+04   2.2260332E-03   3.1471802E-03   2.3582359E-03
   8.5000000E-01   1.0818791E+04   1.9023697E+03   1.2721161E+04   1.2119636E-03   1.3145073E-03   8.4003395E-04
   9.0000000E-01   9.2840383E+03   1.5491081E+03   1.0833146E+04   1.2471060E-03   3.0371566E-03   1.1415006E-03
   9.5000000E-01   3.5952264E+03   4.0877691E+02   4.0040033E+03   5.2129103E-03   3.7265468E-03   4.8233471E-03
   1.0000000E+00   9.8086602E+02   9.4314040E+01   1.0751801E+03   6.4249183E-03   2.9383821E-02   6.5475835E-03
