   0.0000000E+00   2.9674630E+07   1.5518244E+07   4.4918873E+07   4.2592449E-04   2.8231872E-04   3.6683379E-04
   5.0000000E-02   4.3290145E+04   1.8080002E+04   6.1370146E+04   1.2063543E-01   9.2960040E-02   1.1247453E-01
   1.0000000E-01   1.9767044E+04   8.7535219E+03   2.8520566E+04   1.2073274E-01   8.7205285E-02   1.1038050E-01
   1.5000000E-01   1.2244320E+04   5.1778408E+03   1.7422161E+04   1.1377254E-01   7.9309794E-02   1.0352964E-01
   2.0000000E-01   8.9285923E+03   3.4218313E+03   1.2350424E+04   1.4030594E-01   1.0998814E-01   1.3190120E-01
   2.5000000E-01   6.9900851E+03   2.5082819E+03   9.4983670E+03   1.3456004E-01   9.9350959E-02   1.2526208E-01
   3.0000000E-01   5.9099536E+03   2.1114556E+03   8.0214091E+03   1.2044427E-01   1.0185714E-01   1.1554776E-01
   3.5000000E-01   4.2653525E+03   1.6188331E+03   5.8841856E+03   1.5836610E-01   1.0483378E-01   1.4363840E-01
   4.0000000E-01   3.7480989E+03   1.2573241E+03   5.0054230E+03   1.4370543E-01   1.2452148E-01   1.3888591E-01
   4.5000000E-01   3.2184666E+03   1.2166511E+03   4.4351177E+03   1.4455164E-01   1.0943352E-01   1.3489623E-01
   5.0000000E-01   2.5974087E+03   8.3397190E+02   3.4313806E+03   1.5443800E-01   8.2227892E-02   1.3687627E-01
   5.5000000E-01   2.3728555E+03   6.5398213E+02   3.0268376E+03   1.4600445E-01   1.1913015E-01   1.4019429E-01
   6.0000000E-01   1.8833335E+03   6.1009395E+02   2.4934274E+03   1.5513948E-01   1.3648880E-01   1.5057239E-01
   6.5000000E-01   1.6552114E+03   5.3378119E+02   2.1889926E+03   1.6522537E-01   1.4781681E-01   1.6097276E-01
   7.0000000E-01   1.3550907E+03   3.9561372E+02   1.7507044E+03   1.8076102E-01   1.1955747E-01   1.6692155E-01
   7.5000000E-01   1.2265541E+03   3.3953055E+02   1.5660846E+03   1.7474205E-01   1.2288338E-01   1.6349486E-01
   8.0000000E-01   1.1578522E+03   3.1433101E+02   1.4721832E+03   1.7606320E-01   1.6652374E-01   1.7401954E-01
   8.5000000E-01   8.5007464E+02   2.3966862E+02   1.0897433E+03   1.5417791E-01   1.3042660E-01   1.4895425E-01
   9.0000000E-01   6.5784043E+02   2.0159626E+02   8.5943669E+02   1.8531176E-01   1.4171211E-01   1.7507259E-01
   9.5000000E-01   3.9872502E+02   1.8428467E+02   5.8300969E+02   1.7613773E-01   1.1547353E-01   1.5683335E-01
   1.0000000E+00   1.5090246E+02   5.6588424E+01   2.0749089E+02   1.1208413E-01   1.4025316E-01   1.1971573E-01
