   0.0000000E+00   3.2519557E+07   1.6488452E+07   4.8490055E+07   1.4332427E-04   6.3940519E-05   1.1783687E-04
   5.0000000E-02   1.3241691E+04   3.8833806E+03   1.7125072E+04   1.6065765E-01   4.7212036E-02   1.3493206E-01
   1.0000000E-01   6.3025357E+03   1.9416903E+03   8.2442261E+03   1.6660809E-01   3.9209718E-02   1.3660167E-01
   1.5000000E-01   3.5650707E+03   8.2760570E+02   4.3926764E+03   1.6101940E-01   5.9012264E-02   1.4180053E-01
   2.0000000E-01   2.2759157E+03   6.3661977E+02   2.9125355E+03   1.6717778E-01   3.6807175E-02   1.3868108E-01
   2.5000000E-01   1.8334649E+03   4.4563384E+02   2.2790988E+03   1.7483453E-01   3.1380246E-02   1.4678401E-01
   3.0000000E-01   1.9310800E+03   3.7136153E+02   2.3024415E+03   1.6353341E-01   1.9003307E-02   1.4022153E-01
   3.5000000E-01   1.4005635E+03   3.5468816E+02   1.7552517E+03   1.9807944E-01   2.3507313E-02   1.6279310E-01
   4.0000000E-01   1.0185916E+03   2.3873241E+02   1.2573241E+03   1.9789038E-01   2.3987635E-02   1.6486939E-01
   4.5000000E-01   9.5492966E+02   1.9805948E+02   1.1529891E+03   1.7359488E-01   3.9483385E-02   1.5055705E-01
   5.0000000E-01   8.5943669E+02   1.2732395E+02   9.8676065E+02   1.7948912E-01   3.0020321E-02   1.6020258E-01
   5.5000000E-01   5.4980799E+02   1.1574905E+02   6.6555703E+02   1.7855001E-01   5.0711702E-07   1.4749793E-01
   6.0000000E-01   5.1460098E+02   9.0187801E+01   6.0478878E+02   2.1451480E-01   2.2349347E-02   1.8585817E-01
   6.5000000E-01   4.7991337E+02   9.3044428E+01   5.7295780E+02   1.8725922E-01   2.2352457E-02   1.6047949E-01
   7.0000000E-01   3.0921532E+02   7.7303830E+01   3.8651915E+02   1.9664474E-01   5.7430356E-06   1.5731694E-01
   7.5000000E-01   2.6738030E+02   5.9417845E+01   3.2679815E+02   1.9695053E-01   1.2394150E-05   1.6113909E-01
   8.0000000E-01   2.6658453E+02   4.7746483E+01   3.1433101E+02   1.5949166E-01   3.0970862E-02   1.3996951E-01
   8.5000000E-01   2.8460649E+02   4.1193044E+01   3.2579953E+02   1.8704071E-01   9.0545052E-05   1.6340333E-01
   9.0000000E-01   1.5915494E+02   1.0610330E+01   1.6976527E+02   1.7827322E-01   9.5799001E-07   1.6713108E-01
   9.5000000E-01   1.2062269E+02   1.6753152E+01   1.3737585E+02   2.2748531E-01   1.1049705E-05   1.9974455E-01
   1.0000000E+00   3.1438013E+01   0.0000000E+00   3.1438013E+01   2.5659504E-01   0.0000000E+00   2.5659504E-01
