   0.0000000E+00   3.1572776E+07   1.5844193E+07   4.7179637E+07   3.8498935E-05   7.0291027E-06   2.6402945E-05
   5.0000000E-02   8.5943669E+03   3.8197186E+03   1.2414086E+04   4.9241518E-02   3.2406749E-02   4.2596196E-02
   1.0000000E-01   5.3476061E+03   2.6101411E+03   7.9577472E+03   5.4181968E-02   1.7892844E-02   4.2278410E-02
   1.5000000E-01   4.3502351E+03   1.7400940E+03   6.0903292E+03   1.0797264E-02   1.4665485E-02   1.1773065E-02
   2.0000000E-01   3.4377468E+03   1.7188734E+03   5.1566202E+03   6.3287705E-03   1.8894542E-02   1.0379373E-02
   2.5000000E-01   3.0685073E+03   1.2605071E+03   4.3290145E+03   1.3130996E-02   1.1767682E-02   9.3150282E-03
   3.0000000E-01   2.8223477E+03   1.2944602E+03   4.1168079E+03   1.4713787E-02   2.5005777E-02   1.2107660E-02
   3.5000000E-01   2.2008855E+03   1.2459558E+03   3.4468413E+03   1.5595082E-02   3.7102984E-03   9.3826987E-03
   4.0000000E-01   2.0769720E+03   1.1061269E+03   3.1751411E+03   2.0923428E-02   1.0698957E-02   1.0854715E-02
   4.5000000E-01   1.9381535E+03   1.0185916E+03   2.9567452E+03   2.3051397E-02   8.6730740E-03   1.6273488E-02
   5.0000000E-01   1.7443382E+03   8.5307049E+02   2.5974087E+03   6.0454008E-03   1.8394992E-02   9.1262511E-03
   5.5000000E-01   1.6494240E+03   7.0606920E+02   2.3554932E+03   1.2033616E-02   9.0227380E-03   1.0173039E-02
   6.0000000E-01   1.3634273E+03   6.3131461E+02   1.9947420E+03   2.2735098E-02   8.0073961E-03   1.7816315E-02
   6.5000000E-01   1.3417986E+03   5.9254610E+02   1.9343447E+03   2.5494809E-02   2.0872090E-02   1.1612453E-02
   7.0000000E-01   9.6402423E+02   5.2293767E+02   1.4869619E+03   6.0706910E-03   5.5598719E-03   2.2923339E-03
   7.5000000E-01   9.2097660E+02   5.5173714E+02   1.4727137E+03   7.5161005E-03   3.3308301E-03   5.6645487E-03
   8.0000000E-01   9.1514092E+02   2.8250002E+02   1.1976409E+03   2.9700492E-02   2.9026283E-02   2.9538830E-02
   8.5000000E-01   6.9279211E+02   2.6962720E+02   9.6241930E+02   3.1451467E-02   1.5059974E-02   2.4229050E-02
   9.0000000E-01   5.9417845E+02   3.1123633E+02   9.0541479E+02   4.6649064E-02   2.6143777E-02   3.8305989E-02
   9.5000000E-01   4.7914014E+02   2.0773908E+02   6.8687923E+02   4.4391202E-02   2.2172421E-02   3.5982733E-02
   1.0000000E+00   2.3892890E+02   1.1946445E+02   3.5839335E+02   1.1890723E-01   2.0804778E-03   7.9731126E-02
