   0.0000000E+00   3.1612501E+07   1.6391686E+07   4.7296265E+07   7.5989968E-03   1.8843863E-08   5.0344593E-03
   5.0000000E-02   1.8022706E+05   4.7364511E+04   2.2740058E+05   2.6116607E-01   3.2282067E-06   2.0677391E-01
   1.0000000E-01   1.2987043E+04   4.2016905E+03   1.7188734E+04   3.2205057E-01   7.5434047E-06   2.4332894E-01
   1.5000000E-01   7.0028175E+02   4.2441318E+01   7.4272307E+02   3.6807167E-01   9.5207954E-06   3.4703846E-01
   2.0000000E-01   0.0000000E+00   0.0000000E+00   0.0000000E+00   0.0000000E+00   0.0000000E+00   0.0000000E+00
   2.5000000E-01   0.0000000E+00   0.0000000E+00   0.0000000E+00   0.0000000E+00   0.0000000E+00   0.0000000E+00
   3.0000000E-01   0.0000000E+00   0.0000000E+00   0.0000000E+00   0.0000000E+00   0.0000000E+00   0.0000000E+00
   3.5000000E-01   0.0000000E+00   0.0000000E+00   0.0000000E+00   0.0000000E+00   0.0000000E+00   0.0000000E+00
   4.0000000E-01   7.9577472E+00   0.0000000E+00   7.9577472E+00   1.0387415E-06   0.0000000E+00   1.0387415E-06
   4.5000000E-01   0.0000000E+00   0.0000000E+00   0.0000000E+00   0.0000000E+00   0.0000000E+00   0.0000000E+00
   5.0000000E-01   0.0000000E+00   0.0000000E+00   0.0000000E+00   0.0000000E+00   0.0000000E+00   0.0000000E+00
   5.5000000E-01   0.0000000E+00   0.0000000E+00   0.0000000E+00   0.0000000E+00   0.0000000E+00   0.0000000E+00
   6.0000000E-01   5.3051648E+00   0.0000000E+00   5.3051648E+00   1.2485171E-06   0.0000000E+00   1.2485171E-06
   6.5000000E-01   9.7941503E+00   0.0000000E+00   9.7941503E+00   8.9799685E-06   0.0000000E+00   8.9799685E-06
   7.0000000E-01   4.5472841E+00   0.0000000E+00   4.5472841E+00   8.8527991E-06   0.0000000E+00   8.8527991E-06
   7.5000000E-01   0.0000000E+00   0.0000000E+00   0.0000000E+00   0.0000000E+00   0.0000000E+00   0.0000000E+00
   8.0000000E-01   7.9577472E+00   0.0000000E+00   7.9577472E+00   7.4104068E-06   0.0000000E+00   7.4104068E-06
   8.5000000E-01   3.7448222E+00   0.0000000E+00   3.7448222E+00   6.1180714E-07   0.0000000E+00   6.1180714E-07
   9.0000000E-01   7.0735530E+00   0.0000000E+00   7.0735530E+00   3.3917140E-05   0.0000000E+00   3.3917140E-05
   9.5000000E-01   2.6805043E+01   0.0000000E+00   2.6805043E+01   1.0832125E-06   0.0000000E+00   1.0832125E-06
   1.0000000E+00   1.2575205E+01   0.0000000E+00   1.2575205E+01   6.0564071E-06   0.0000000E+00   6.0564071E-06
