   0.0000000E+00   1.9012013E+07   9.7810262E+06   2.8786418E+07   8.7292653E-04   4.5703342E-05   5.9214060E-04
   5.0000000E-02   5.4061751E+05   2.7253692E+05   8.1315444E+05   7.7074817E-03   1.3736399E-03   5.5837941E-03
   1.0000000E-01   1.0978508E+05   5.9110146E+04   1.6889523E+05   7.4622657E-03   1.6792545E-03   5.4369563E-03
   1.5000000E-01   4.7513056E+04   2.3915683E+04   7.1428738E+04   2.9822820E-02   5.9203346E-03   2.1768062E-02
   2.0000000E-01   2.8695636E+04   1.3560001E+04   4.2255637E+04   2.4369654E-02   6.7025890E-03   1.8676505E-02
   2.5000000E-01   2.1696002E+04   1.0682480E+04   3.2378482E+04   2.1118358E-02   8.2369417E-03   1.6866488E-02
   3.0000000E-01   1.5215213E+04   7.6394373E+03   2.2854650E+04   1.4715884E-02   6.7985011E-03   1.1739014E-02
   3.5000000E-01   1.2595977E+04   5.9205639E+03   1.8516541E+04   1.5728926E-02   7.0895892E-03   1.2947087E-02
   4.0000000E-01   1.0170001E+04   4.5359159E+03   1.4705917E+04   1.5425864E-02   7.6161549E-03   1.3013415E-02
   4.5000000E-01   7.8374968E+03   3.6428798E+03   1.1480377E+04   2.3063764E-02   7.9434941E-03   1.8190965E-02
   5.0000000E-01   6.4616907E+03   3.1576341E+03   9.6193248E+03   1.5473675E-02   7.5335548E-03   1.2713290E-02
   5.5000000E-01   5.4228430E+03   2.6795905E+03   8.1024335E+03   1.1196045E-02   5.9003699E-03   9.4273086E-03
   6.0000000E-01   4.2759628E+03   2.0796246E+03   6.3555874E+03   1.5042646E-02   7.8385683E-03   1.1953186E-02
   6.5000000E-01   3.3936731E+03   1.9735213E+03   5.3671944E+03   1.6753231E-02   9.3761744E-03   1.3573174E-02
   7.0000000E-01   2.9602819E+03   1.4915092E+03   4.4517911E+03   1.3684248E-02   9.1727907E-03   1.2136024E-02
   7.5000000E-01   2.4743288E+03   1.1331832E+03   3.6075120E+03   2.1331295E-02   1.3822312E-02   1.8875799E-02
   8.0000000E-01   2.0849298E+03   9.5095078E+02   3.0358805E+03   1.9160760E-02   9.6452562E-03   1.6069950E-02
   8.5000000E-01   1.4642255E+03   6.9653693E+02   2.1607624E+03   8.5828180E-03   1.3319924E-02   6.9281935E-03
   9.0000000E-01   1.0256652E+03   4.9514871E+02   1.5208139E+03   2.5221436E-02   1.7757764E-02   2.1590720E-02
   9.5000000E-01   6.4332103E+02   3.3171241E+02   9.7503344E+02   3.1955795E-02   1.5493198E-02   2.6019736E-02
   1.0000000E+00   2.2006609E+02   8.8026438E+01   3.0809253E+02   9.0073703E-02   4.0663003E-02   7.1968593E-02
