   0.0000000E+00   2.0734961E+07   1.1613473E+07   3.2228239E+07   4.9747255E-04   3.6795741E-04   3.4142062E-04
   5.0000000E-02   1.9124058E+05   8.7535219E+04   2.7864847E+05   7.9051505E-03   5.9957226E-03   4.2450837E-03
   1.0000000E-01   6.0510709E+04   2.7470143E+04   8.7980853E+04   2.7836233E-03   3.9579537E-03   2.2132452E-03
   1.5000000E-01   3.7730332E+04   1.5109109E+04   5.2797000E+04   3.1429144E-03   9.8480211E-03   4.9133269E-03
   2.0000000E-01   2.7836200E+04   1.1745635E+04   3.9581834E+04   1.2256541E-02   9.4243764E-03   7.8851634E-03
   2.5000000E-01   2.0842931E+04   8.9126768E+03   2.9755608E+04   3.9554534E-03   1.0396611E-03   3.0720976E-03
   3.0000000E-01   1.6647607E+04   7.0134278E+03   2.3661035E+04   3.6687494E-03   5.4505189E-03   1.4966973E-03
   3.5000000E-01   1.4014730E+04   5.9205639E+03   1.9935293E+04   7.5133497E-03   7.8932314E-03   4.6820463E-03
   4.0000000E-01   1.2334508E+04   4.6075356E+03   1.6934086E+04   6.3039550E-03   5.2706177E-03   5.1854571E-03
   4.5000000E-01   1.0002004E+04   3.7560567E+03   1.3758061E+04   4.5589777E-03   1.6017460E-02   6.3857049E-03
   5.0000000E-01   8.1614655E+03   3.0621411E+03   1.1223607E+04   2.6322176E-03   4.6363778E-03   2.7197633E-03
   5.5000000E-01   7.4600262E+03   2.9110886E+03   1.0371115E+04   6.2793823E-03   4.4125189E-03   5.7495075E-03
   6.0000000E-01   6.4988268E+03   2.2971363E+03   8.7959632E+03   1.3613386E-02   1.0152784E-02   9.1212445E-03
   6.5000000E-01   5.4455476E+03   1.9441388E+03   7.3847894E+03   5.0461094E-03   1.0203684E-02   4.9161413E-03
   7.0000000E-01   5.0747690E+03   1.7870826E+03   6.8618517E+03   3.6858454E-03   4.7282976E-03   3.1501973E-03
   7.5000000E-01   4.1634933E+03   1.5024227E+03   5.6659160E+03   1.1561818E-02   5.4000118E-03   7.0811787E-03
   8.0000000E-01   3.3860214E+03   1.1896832E+03   4.5717257E+03   2.3108170E-03   6.9479715E-03   2.7515204E-03
   8.5000000E-01   2.8910027E+03   9.7739859E+02   3.8684013E+03   6.4203224E-03   7.0574220E-03   5.4178142E-03
   9.0000000E-01   2.3590299E+03   7.3564951E+02   3.0946794E+03   8.5334803E-03   1.3968416E-02   9.7444605E-03
   9.5000000E-01   1.4273685E+03   4.6238699E+02   1.8897555E+03   2.4005118E-02   1.2249060E-02   1.7897128E-02
   1.0000000E+00   5.0300822E+02   1.1946445E+02   6.2247267E+02   1.2550928E-02   4.7193518E-02   1.7593121E-02
