   0.0000000E+00   2.4724784E+07   1.4431916E+07   3.8833297E+07   1.5407020E-03   1.6180518E-04   1.0319468E-03
   5.0000000E-02   1.0166818E+05   3.3167890E+04   1.3483607E+05   1.4354334E-01   2.1001709E-02   1.1339902E-01
   1.0000000E-01   4.8510427E+04   1.4801410E+04   6.3311836E+04   1.2536464E-01   2.2700853E-02   1.0136304E-01
   1.5000000E-01   2.8584228E+04   8.4670430E+03   3.7051271E+04   1.3392367E-01   2.0521778E-02   1.0800608E-01
   2.0000000E-01   2.1326762E+04   6.3343667E+03   2.7661129E+04   1.4011335E-01   1.7200658E-02   1.1190588E-01
   2.5000000E-01   1.5558987E+04   4.8383103E+03   2.0397298E+04   1.4522960E-01   1.4376503E-02   1.1417485E-01
   3.0000000E-01   1.2965823E+04   3.4483571E+03   1.6424790E+04   1.4777792E-01   6.7538196E-03   1.1797149E-01
   3.5000000E-01   9.6766205E+03   2.8647890E+03   1.2541410E+04   1.5307510E-01   1.4537605E-02   1.2142527E-01
   4.0000000E-01   8.4750007E+03   2.3316199E+03   1.0814578E+04   1.3969218E-01   1.2170585E-02   1.1208632E-01
   4.5000000E-01   6.8118316E+03   1.8108296E+03   8.6226611E+03   1.4688725E-01   1.3119856E-02   1.1877217E-01
   5.0000000E-01   5.9651273E+03   1.4642255E+03   7.4293527E+03   1.5374931E-01   1.3569093E-02   1.2611596E-01
   5.5000000E-01   4.9598468E+03   1.3195392E+03   6.2793859E+03   1.5796794E-01   7.8722048E-03   1.2640800E-01
   6.0000000E-01   4.3926764E+03   1.1406104E+03   5.5332869E+03   1.6530158E-01   1.0677053E-02   1.3272522E-01
   6.5000000E-01   3.4622321E+03   9.3534136E+02   4.3975735E+03   1.6429552E-01   1.6691368E-02   1.3283999E-01
   7.0000000E-01   3.1921934E+03   7.0028175E+02   3.8879279E+03   1.5422033E-01   1.3820253E-02   1.2898921E-01
   7.5000000E-01   2.5040378E+03   5.8993432E+02   3.0939721E+03   1.5420505E-01   4.1321927E-03   1.2528939E-01
   8.0000000E-01   1.9973945E+03   5.2521131E+02   2.5226058E+03   1.9035995E-01   1.9626032E-03   1.5106505E-01
   8.5000000E-01   1.5878046E+03   4.0818562E+02   1.9959902E+03   1.7981431E-01   2.5466730E-03   1.4356231E-01
   9.0000000E-01   1.3227544E+03   2.6172146E+02   1.5844759E+03   1.6561694E-01   1.0607636E-02   1.4000932E-01
   9.5000000E-01   8.1755381E+02   1.5747963E+02   9.7503344E+02   2.0628078E-01   9.0690614E-03   1.7442865E-01
   1.0000000E+00   3.6468096E+02   5.6588424E+01   4.2126938E+02   1.3889050E-01   1.6418646E-05   1.2023137E-01
