   0.0000000E+00   8.7334047E+06   9.3409946E+06   1.8064723E+07   6.9571038E-05   4.4180147E-05   5.5650281E-05
   5.0000000E-02   1.8544734E+05   1.0637916E+05   2.9182650E+05   1.5544471E-03   2.1544155E-03   1.7468893E-03
   1.0000000E-01   1.0262311E+05   5.1088737E+04   1.5371184E+05   8.9548709E-04   2.0332978E-03   1.0025262E-03
   1.5000000E-01   7.5757753E+04   3.2403946E+04   1.0816170E+05   1.3197141E-03   1.8461995E-03   9.7673558E-04
   2.0000000E-01   6.0829019E+04   2.2822819E+04   8.3651838E+04   1.4529814E-03   9.3370345E-04   9.7958994E-04
   2.5000000E-01   5.1528004E+04   1.7468847E+04   6.8996851E+04   9.4112371E-04   2.3370410E-03   9.8794963E-04
   3.0000000E-01   4.4383008E+04   1.4260283E+04   5.8643291E+04   1.0607187E-03   8.9174726E-04   8.7417233E-04
   3.5000000E-01   4.0834611E+04   1.1131751E+04   5.1966363E+04   1.3600209E-03   3.4849633E-03   1.6697600E-03
   4.0000000E-01   3.5356271E+04   9.8755642E+03   4.5223877E+04   1.2726855E-03   1.4002445E-03   7.4473043E-04
   4.5000000E-01   3.1781474E+04   8.8419413E+03   4.0623415E+04   4.8612436E-04   1.4067232E-03   5.2856817E-04
   5.0000000E-01   2.4809073E+04   6.4489583E+03   3.1258031E+04   4.6883189E-04   1.9700467E-03   7.4933322E-04
   5.5000000E-01   1.2234675E+04   2.2744688E+03   1.4509143E+04   5.0635658E-04   4.5037593E-03   5.3510189E-04
   6.0000000E-01   9.2203764E+03   1.6233804E+03   1.0843757E+04   1.5770263E-03   1.3472522E-03   1.4509204E-03
   6.5000000E-01   7.2525683E+03   1.1067390E+03   8.3593073E+03   2.1254059E-03   5.9400408E-03   1.1406179E-03
   7.0000000E-01   5.6568214E+03   9.2764595E+02   6.5844674E+03   2.4598513E-03   5.0384691E-03   2.8090278E-03
   7.5000000E-01   4.2483759E+03   6.6208456E+02   4.9104605E+03   2.8291244E-03   1.7371105E-02   2.0152442E-03
   8.0000000E-01   3.4536623E+03   4.8144370E+02   3.9351060E+03   4.0364093E-03   3.4965842E-03   3.3036606E-03
   8.5000000E-01   2.5539687E+03   2.5839273E+02   2.8123615E+03   6.8602095E-03   1.8661710E-02   7.4871658E-03
   9.0000000E-01   1.9593742E+03   2.1928014E+02   2.1786543E+03   5.6482665E-03   1.1388432E-02   3.9814102E-03
   9.5000000E-01   1.3234990E+03   1.0722017E+02   1.4307192E+03   7.2103866E-03   2.7221185E-02   6.0115514E-03
   1.0000000E+00   5.0300822E+02   5.0300822E+01   5.5330904E+02   3.5246064E-02   7.6344000E-02   3.2008669E-02
