   0.0000000E+00   2.5313530E+07   1.3139323E+07   3.8179361E+07   5.8727981E-04   2.1435619E-04   4.5945320E-04
   5.0000000E-02   1.2490480E+05   6.0988174E+04   1.8582931E+05   2.3862427E-02   1.7814013E-02   2.1724418E-02
   1.0000000E-01   4.3894933E+04   2.1772396E+04   6.5635499E+04   1.3423159E-02   5.3962349E-03   1.0705437E-02
   1.5000000E-01   2.6610706E+04   1.2201879E+04   3.8791365E+04   2.3236045E-02   8.5841485E-03   1.8289745E-02
   2.0000000E-01   1.7825354E+04   8.0691556E+03   2.5894509E+04   1.2514244E-02   1.3001521E-02   1.2616868E-02
   2.5000000E-01   1.3267156E+04   6.1879442E+03   1.9455100E+04   1.2180170E-02   9.8621037E-03   1.0614168E-02
   3.0000000E-01   1.0790705E+04   4.8595309E+03   1.5650236E+04   1.5552435E-02   8.3444177E-03   1.3178727E-02
   3.5000000E-01   8.6944072E+03   4.1016502E+03   1.2786963E+04   1.5302377E-02   1.3476278E-02   1.4599570E-02
   4.0000000E-01   7.6553528E+03   3.0955636E+03   1.0750916E+04   2.5237475E-02   1.7739430E-02   2.3043929E-02
   4.5000000E-01   6.4652275E+03   2.6455088E+03   9.1107363E+03   1.2909589E-02   2.0462041E-02   1.4873427E-02
   5.0000000E-01   5.4176343E+03   2.2727326E+03   7.6903669E+03   1.0410639E-02   1.4723431E-02   1.1315783E-02
   5.5000000E-01   4.5720875E+03   1.8056852E+03   6.3777726E+03   2.2047270E-02   2.1026382E-02   2.1698912E-02
   6.0000000E-01   4.1221130E+03   1.5172771E+03   5.6393902E+03   2.1425362E-02   7.2350404E-03   1.7494876E-02
   6.5000000E-01   3.6287327E+03   1.4593284E+03   5.0831640E+03   1.9071304E-02   1.0959554E-02   1.6870258E-02
   7.0000000E-01   2.9693765E+03   1.2050303E+03   4.1744068E+03   7.6792517E-03   2.6472074E-02   1.3042039E-02
   7.5000000E-01   2.6143852E+03   9.6341792E+02   3.5778031E+03   2.7686827E-02   1.6436996E-02   2.4653695E-02
   8.0000000E-01   2.0968664E+03   9.0320430E+02   3.0000707E+03   1.3256393E-02   7.7996292E-03   1.1452275E-02
   8.5000000E-01   1.7563216E+03   6.6283353E+02   2.4191551E+03   1.2612144E-02   1.9472468E-02   1.3104082E-02
   9.0000000E-01   1.2095776E+03   5.3405325E+02   1.7436308E+03   2.4934228E-02   1.5061672E-02   2.0635912E-02
   9.5000000E-01   7.2038553E+02   3.1495926E+02   1.0353448E+03   5.4915359E-02   2.8104073E-02   4.6730989E-02
   1.0000000E+00   3.3953055E+02   1.0688925E+02   4.4641979E+02   4.7881506E-02   1.1287460E-01   6.3138901E-02
