   0.0000000E+00   3.3323735E+07   1.6990108E+07   4.9952243E+07   6.0952100E-04   2.0607969E-09   4.0661800E-04
   5.0000000E-02   1.0185916E+03   1.9098593E+02   1.2095776E+03   1.5809315E-01   8.2504057E-06   1.3313238E-01
   1.0000000E-01   9.5492966E+01   0.0000000E+00   9.5492966E+01   1.2391377E-07   0.0000000E+00   1.2391377E-07
   1.5000000E-01   3.1830989E+02   0.0000000E+00   3.1830989E+02   7.1699132E-07   0.0000000E+00   7.1699132E-07
   2.0000000E-01   1.2732395E+02   0.0000000E+00   1.2732395E+02   5.5937899E-08   0.0000000E+00   5.5937899E-08
   2.5000000E-01   1.7825354E+02   0.0000000E+00   1.7825354E+02   4.5775590E-07   0.0000000E+00   4.5775590E-07
   3.0000000E-01   1.3793428E+02   0.0000000E+00   1.3793428E+02   4.3656175E-05   0.0000000E+00   4.3656175E-05
   3.5000000E-01   6.3661977E+01   0.0000000E+00   6.3661977E+01   1.5420068E-06   0.0000000E+00   1.5420068E-06
   4.0000000E-01   1.9894368E+02   0.0000000E+00   1.9894368E+02   7.7783005E-07   0.0000000E+00   7.7783005E-07
   4.5000000E-01   1.9805948E+02   0.0000000E+00   1.9805948E+02   2.5523671E-06   0.0000000E+00   2.5523671E-06
   5.0000000E-01   2.1645072E+02   0.0000000E+00   2.1645072E+02   3.5733848E-06   0.0000000E+00   3.5733848E-06
   5.5000000E-01   2.1992319E+02   0.0000000E+00   2.1992319E+02   3.2659459E-06   0.0000000E+00   3.2659459E-06
   6.0000000E-01   2.7586857E+02   0.0000000E+00   2.7586857E+02   1.1859074E-05   0.0000000E+00   1.1859074E-05
   6.5000000E-01   4.7011922E+02   0.0000000E+00   4.7011922E+02   1.2836523E-06   0.0000000E+00   1.2836523E-06
   7.0000000E-01   5.2748495E+02   0.0000000E+00   5.2748495E+02   1.6147038E-05   0.0000000E+00   1.6147038E-05
   7.5000000E-01   4.6685450E+01   0.0000000E+00   4.6685450E+01   7.3675253E-07   0.0000000E+00   7.3675253E-07
   8.0000000E-01   0.0000000E+00   0.0000000E+00   0.0000000E+00   0.0000000E+00   0.0000000E+00   0.0000000E+00
   8.5000000E-01   0.0000000E+00   0.0000000E+00   0.0000000E+00   0.0000000E+00   0.0000000E+00   0.0000000E+00
   9.0000000E-01   0.0000000E+00   0.0000000E+00   0.0000000E+00   0.0000000E+00   0.0000000E+00   0.0000000E+00
   9.5000000E-01   0.0000000E+00   0.0000000E+00   0.0000000E+00   0.0000000E+00   0.0000000E+00   0.0000000E+00
   1.0000000E+00   0.0000000E+00   0.0000000E+00   0.0000000E+00   0.0000000E+00   0.0000000E+00   0.0000000E+00
