   0.0000000E+00   2.5849309E+07   1.4927460E+07   4.0310764E+07   1.0319528E-03   4.8354487E-04   8.3283272E-04
   5.0000000E-02   7.6203387E+04   3.1830989E+04   1.0797071E+05   1.2462634E-01   7.7079445E-02   1.1082779E-01
   1.0000000E-01   3.6223665E+04   1.2414086E+04   4.8637751E+04   1.2512958E-01   6.7195424E-02   1.1034240E-01
   1.5000000E-01   2.1666293E+04   7.8728645E+03   2.9539157E+04   1.3519257E-01   7.2271196E-02   1.1841297E-01
   2.0000000E-01   1.7475213E+04   5.6181695E+03   2.3093382E+04   1.2200038E-01   6.1087010E-02   1.0717955E-01
   2.5000000E-01   1.3318086E+04   3.9215778E+03   1.7239663E+04   1.3039776E-01   7.7727048E-02   1.1841619E-01
   3.0000000E-01   1.0185916E+04   3.1512679E+03   1.3337184E+04   1.3133352E-01   7.5176339E-02   1.1805129E-01
   3.5000000E-01   8.5216104E+03   2.5101008E+03   1.1031711E+04   1.2173945E-01   8.2196100E-02   1.1272933E-01
   4.0000000E-01   7.4643668E+03   1.9576058E+03   9.4219726E+03   1.3384169E-01   6.7986430E-02   1.2029101E-01
   4.5000000E-01   6.0125201E+03   1.4217842E+03   7.4343042E+03   1.3704557E-01   6.8708753E-02   1.2397467E-01
   5.0000000E-01   5.0865920E+03   1.2541410E+03   6.3407329E+03   1.3132504E-01   5.9611687E-02   1.1707975E-01
   5.5000000E-01   4.1380285E+03   1.0648913E+03   5.2029198E+03   1.3666763E-01   5.7535769E-02   1.2047097E-01
   6.0000000E-01   3.8515496E+03   9.4962449E+02   4.8011741E+03   1.4104912E-01   7.2293675E-02   1.2744182E-01
   6.5000000E-01   3.2320696E+03   6.8559052E+02   3.9176601E+03   1.2921538E-01   6.1271066E-02   1.1731507E-01
   7.0000000E-01   2.9057145E+03   6.1843064E+02   3.5241452E+03   1.2995163E-01   7.7643300E-02   1.2076354E-01
   7.5000000E-01   2.3003194E+03   5.6446953E+02   2.8605448E+03   1.3644342E-01   4.7235616E-02   1.1903785E-01
   8.0000000E-01   1.9217959E+03   3.6605637E+02   2.2878523E+03   1.3313697E-01   4.6748096E-02   1.1928586E-01
   8.5000000E-01   1.7675561E+03   3.3328917E+02   2.1008452E+03   1.3768384E-01   5.4118754E-02   1.2396676E-01
   9.0000000E-01   1.1034743E+03   2.1220659E+02   1.3156809E+03   1.1388367E-01   8.7825082E-02   1.0967835E-01
   9.5000000E-01   7.9745003E+02   1.6418089E+02   9.6163092E+02   1.2150414E-01   6.6143870E-02   1.1199762E-01
   1.0000000E+00   3.5210575E+02   2.5150411E+01   3.7725616E+02   1.1800417E-01   1.9761874E-04   1.1012406E-01
