   0.0000000E+00   3.3215255E+07   1.6875008E+07   4.9467903E+07   8.2397969E-05   6.0918855E-09   5.5328024E-05
   5.0000000E-02   3.9470426E+03   1.2732395E+03   5.2202821E+03   1.8587359E-01   9.7933651E-06   1.4054096E-01
   1.0000000E-01   1.3687325E+03   5.7295780E+02   1.9416903E+03   2.3656770E-01   6.1977973E-07   1.6676065E-01
   1.5000000E-01   7.2150241E+02   1.9098593E+02   9.1248834E+02   2.8606545E-01   1.2731756E-06   2.2619102E-01
   2.0000000E-01   3.9788736E+02   3.1830989E+01   4.2971835E+02   2.7948251E-01   2.2501714E-06   2.5877994E-01
   2.5000000E-01   1.9098593E+02   5.0929582E+01   2.4191551E+02   3.1526766E-01   1.2446262E-05   2.4889290E-01
   3.0000000E-01   7.4272307E+01   1.0610330E+01   8.4882636E+01   3.6407202E-01   8.9168097E-05   3.1857417E-01
   3.5000000E-01   3.6378273E+01   1.8189136E+01   5.4567409E+01   3.9127499E-01   7.9537158E-06   2.6084735E-01
   4.0000000E-01   1.5915494E+01   1.5915494E+01   3.1830989E+01   2.2095767E-01   1.4185533E-05   1.1047174E-01
   4.5000000E-01   1.4147106E+01   7.0735530E+00   2.1220659E+01   2.1425743E-01   1.8035180E-05   1.4283227E-01
   5.0000000E-01   0.0000000E+00   0.0000000E+00   0.0000000E+00   0.0000000E+00   0.0000000E+00   0.0000000E+00
   5.5000000E-01   0.0000000E+00   0.0000000E+00   0.0000000E+00   0.0000000E+00   0.0000000E+00   0.0000000E+00
   6.0000000E-01   0.0000000E+00   0.0000000E+00   0.0000000E+00   0.0000000E+00   0.0000000E+00   0.0000000E+00
   6.5000000E-01   0.0000000E+00   0.0000000E+00   0.0000000E+00   0.0000000E+00   0.0000000E+00   0.0000000E+00
   7.0000000E-01   0.0000000E+00   0.0000000E+00   0.0000000E+00   0.0000000E+00   0.0000000E+00   0.0000000E+00
   7.5000000E-01   4.2441318E+00   0.0000000E+00   4.2441318E+00   1.5902826E-06   0.0000000E+00   1.5902826E-06
   8.0000000E-01   0.0000000E+00   0.0000000E+00   0.0000000E+00   0.0000000E+00   0.0000000E+00   0.0000000E+00
   8.5000000E-01   0.0000000E+00   0.0000000E+00   0.0000000E+00   0.0000000E+00   0.0000000E+00   0.0000000E+00
   9.0000000E-01   0.0000000E+00   0.0000000E+00   0.0000000E+00   0.0000000E+00   0.0000000E+00   0.0000000E+00
   9.5000000E-01   3.3506304E+00   0.0000000E+00   3.3506304E+00   1.6692262E-04   0.0000000E+00   1.6692262E-04
   1.0000000E+00   0.0000000E+00   0.0000000E+00   0.0000000E+00   0.0000000E+00   0.0000000E+00   0.0000000E+00
