   0.0000000E+00   2.7284505E+07   1.5306377E+07   4.2327575E+07   1.2112558E-03   9.9233394E-05   8.1227006E-04
   5.0000000E-02   8.0341415E+04   2.2409016E+04   1.0268677E+05   1.5885520E-01   3.7516036E-02   1.3242966E-01
   1.0000000E-01   3.3677186E+04   9.4856346E+03   4.3162821E+04   1.4492100E-01   3.9383687E-02   1.2172176E-01
   1.5000000E-01   2.0923570E+04   5.9630052E+03   2.6886575E+04   1.5234255E-01   1.5645125E-02   1.2202496E-01
   2.0000000E-01   1.4817325E+04   4.2016905E+03   1.9019016E+04   1.4984881E-01   2.4259097E-02   1.2210319E-01
   2.5000000E-01   1.1828395E+04   2.6992678E+03   1.4527663E+04   1.5645097E-01   9.1458690E-03   1.2903708E-01
   3.0000000E-01   9.3264797E+03   2.5570894E+03   1.1872959E+04   1.6794819E-01   1.4253316E-02   1.3499687E-01
   3.5000000E-01   7.3847894E+03   1.9098593E+03   9.2946487E+03   1.7730551E-01   1.4315048E-02   1.4379628E-01
   4.0000000E-01   5.8569019E+03   1.4164790E+03   7.2733809E+03   1.6784722E-01   1.3715671E-02   1.3782995E-01
   4.5000000E-01   4.9797813E+03   1.0115181E+03   5.9912994E+03   1.5971093E-01   1.7165807E-02   1.3563914E-01
   5.0000000E-01   3.9725074E+03   8.9763388E+02   4.8701413E+03   1.6994489E-01   1.5933452E-02   1.4155453E-01
   5.5000000E-01   3.8544433E+03   7.3500646E+02   4.5894498E+03   1.8471700E-01   1.0064936E-02   1.5674563E-01
   6.0000000E-01   3.1671834E+03   5.8356812E+02   3.7507515E+03   1.7007925E-01   4.2983399E-03   1.4428558E-01
   6.5000000E-01   2.5366849E+03   4.9460459E+02   3.0312895E+03   1.7654941E-01   2.3816645E-02   1.5162018E-01
   7.0000000E-01   2.4009660E+03   4.0470828E+02   2.8056743E+03   1.7493822E-01   4.2564676E-03   1.5000747E-01
   7.5000000E-01   1.7570706E+03   2.9708923E+02   2.0541598E+03   1.7756241E-01   6.4353546E-07   1.5188199E-01
   8.0000000E-01   1.5597184E+03   3.1433101E+02   1.8700706E+03   1.8143953E-01   1.0007393E-05   1.5132673E-01
   8.5000000E-01   1.1721293E+03   1.4979289E+02   1.3219222E+03   1.7119323E-01   2.4190973E-02   1.5446381E-01
   9.0000000E-01   8.6651025E+02   1.7330205E+02   1.0398123E+03   1.6338658E-01   8.6868202E-03   1.3760288E-01
   9.5000000E-01   6.0981473E+02   9.7168281E+01   7.0698301E+02   1.7264536E-01   3.4560600E-02   1.5257409E-01
   1.0000000E+00   2.6407931E+02   3.7725616E+01   3.0180493E+02   1.8462547E-01   7.0872692E-02   1.7039371E-01
