   0.0000000E+00   5.3781638E+05   2.2816453E+05   7.6598091E+05   6.5397293E-02   4.2255953E-05   4.5921154E-02
   5.0000000E-02   2.0161748E+05   9.5429304E+04   2.9698312E+05   2.9920598E-02   2.4107066E-05   2.0308812E-02
   1.0000000E-01   1.1188592E+05   5.2966765E+04   1.6485269E+05   1.2535708E-02   3.6185863E-05   8.4986015E-03
   1.5000000E-01   8.0553622E+04   3.9024792E+04   1.1955719E+05   1.1969421E-02   8.8936114E-06   8.0626465E-03
   2.0000000E-01   6.1831695E+04   3.0032538E+04   9.1864233E+04   9.7619043E-03   4.5745565E-06   6.5702587E-03
   2.5000000E-01   5.0203835E+04   2.4573523E+04   7.4777358E+04   4.6640665E-03   1.3691384E-05   3.1328727E-03
   3.0000000E-01   4.2950614E+04   2.2366575E+04   6.5327799E+04   6.1039838E-03   1.8881537E-05   3.9496912E-03
   3.5000000E-01   3.6114530E+04   1.8189136E+04   5.4294572E+04   5.5018518E-03   6.5659576E-05   3.7093076E-03
   4.0000000E-01   3.1528594E+04   1.6273593E+04   4.7794229E+04   2.1437233E-03   5.9861595E-05   1.4210221E-03
   4.5000000E-01   2.7834431E+04   1.4253209E+04   4.2087641E+04   2.1698080E-03   3.5387521E-05   1.4233378E-03
   5.0000000E-01   2.4866368E+04   1.2611438E+04   3.7477806E+04   3.9954598E-03   3.9109707E-05   2.6575173E-03
   5.5000000E-01   2.1940232E+04   1.1181358E+04   3.3115803E+04   4.5792626E-03   2.8998991E-05   3.0274350E-03
   6.0000000E-01   1.9512396E+04   9.8463858E+03   2.9353477E+04   6.5012820E-03   2.3032793E-05   4.2652850E-03
   6.5000000E-01   1.7379720E+04   9.1183540E+03   2.6483383E+04   1.5423285E-03   2.2690445E-05   9.4784405E-04
   7.0000000E-01   1.4828693E+04   7.5484916E+03   2.2377185E+04   4.1178883E-04   6.8598976E-05   2.8864151E-04
   7.5000000E-01   1.3360527E+04   6.8033433E+03   2.0163870E+04   9.7669664E-03   5.5675977E-05   6.4832841E-03
   8.0000000E-01   1.1212466E+04   5.9444371E+03   1.7156903E+04   7.2392716E-03   1.5110705E-06   4.7305739E-03
   8.5000000E-01   9.7215584E+03   5.1453857E+03   1.4866944E+04   9.0423630E-03   6.4447262E-05   5.9236913E-03
   9.0000000E-01   7.8374968E+03   3.8904542E+03   1.1724414E+04   1.4098931E-02   6.7251589E-06   9.4266126E-03
   9.5000000E-01   5.6156565E+03   2.9552560E+03   8.5709125E+03   1.7891567E-02   6.3331978E-05   1.1703098E-02
   1.0000000E+00   3.4015931E+03   1.9114312E+03   5.3130243E+03   3.4002580E-02   2.3287184E-06   2.1769581E-02
