   0.0000000E+00   1.3375127E+07   6.8790586E+06   2.0163021E+07   6.6857277E-02   6.5136361E-06   4.4119034E-02
   5.0000000E-02   1.9926199E+06   9.4009642E+05   2.9173101E+06   4.3922734E-02   9.7824461E-06   2.9834540E-02
   1.0000000E-01   2.2068424E+05   1.2487297E+05   3.4501609E+05   2.8361254E-02   9.3963396E-06   1.8128953E-02
   1.5000000E-01   2.8117373E+04   1.9501786E+04   4.7576718E+04   3.1186203E-02   2.6532243E-04   1.8542740E-02
   2.0000000E-01   3.9152116E+03   3.3740848E+03   7.2892964E+03   2.5271705E-02   2.1162211E-03   1.4464598E-02
   2.5000000E-01   5.3476061E+02   5.3476061E+02   1.0695212E+03   1.3854322E-02   5.0815750E-03   9.4306564E-03
   3.0000000E-01   1.1671362E+02   8.4882636E+01   2.0159626E+02   6.9277311E-02   1.3663110E-06   4.0107351E-02
   3.5000000E-01   1.8189136E+01   1.8189136E+01   3.6378273E+01   2.4326729E-01   1.3460729E-06   1.2163393E-01
   4.0000000E-01   0.0000000E+00   0.0000000E+00   0.0000000E+00   0.0000000E+00   0.0000000E+00   0.0000000E+00
   4.5000000E-01   0.0000000E+00   0.0000000E+00   0.0000000E+00   0.0000000E+00   0.0000000E+00   0.0000000E+00
   5.0000000E-01   6.3661977E+00   0.0000000E+00   6.3661977E+00   1.6011587E-01   0.0000000E+00   1.6011587E-01
   5.5000000E-01   1.1574905E+01   5.7874525E+00   1.7362357E+01   1.2747471E-01   2.7255999E-01   1.7522805E-01
   6.0000000E-01   0.0000000E+00   0.0000000E+00   0.0000000E+00   0.0000000E+00   0.0000000E+00   0.0000000E+00
   6.5000000E-01   0.0000000E+00   0.0000000E+00   0.0000000E+00   0.0000000E+00   0.0000000E+00   0.0000000E+00
   7.0000000E-01   9.0945682E+00   0.0000000E+00   9.0945682E+00   2.4861870E-02   0.0000000E+00   2.4861870E-02
   7.5000000E-01   0.0000000E+00   0.0000000E+00   0.0000000E+00   0.0000000E+00   0.0000000E+00   0.0000000E+00
   8.0000000E-01   0.0000000E+00   0.0000000E+00   0.0000000E+00   0.0000000E+00   0.0000000E+00   0.0000000E+00
   8.5000000E-01   0.0000000E+00   0.0000000E+00   0.0000000E+00   0.0000000E+00   0.0000000E+00   0.0000000E+00
   9.0000000E-01   0.0000000E+00   0.0000000E+00   0.0000000E+00   0.0000000E+00   0.0000000E+00   0.0000000E+00
   9.5000000E-01   0.0000000E+00   0.0000000E+00   0.0000000E+00   0.0000000E+00   0.0000000E+00   0.0000000E+00
   1.0000000E+00   0.0000000E+00   0.0000000E+00   0.0000000E+00   0.0000000E+00   0.0000000E+00   0.0000000E+00
