   0.0000000E+00   2.9086393E+07   1.6148242E+07   4.4877620E+07   1.2158752E-03   6.6388672E-09   7.7493225E-04
   5.0000000E-02   6.9709865E+04   1.8080002E+04   8.7789867E+04   1.9444689E-01   1.1780623E-03   1.5464386E-01
   1.0000000E-01   3.1894651E+04   7.7667612E+03   3.9661412E+04   1.9569362E-01   3.0325336E-03   1.5796543E-01
   1.5000000E-01   1.7146293E+04   4.2865731E+03   2.1432866E+04   2.1531955E-01   9.5533449E-04   1.7244629E-01
   2.0000000E-01   1.1284085E+04   2.9284510E+03   1.4212536E+04   2.1181192E-01   2.5352812E-03   1.6869109E-01
   2.5000000E-01   8.3015218E+03   1.7698030E+03   1.0071325E+04   2.1482706E-01   1.2318641E-03   1.7729263E-01
   3.0000000E-01   6.0054465E+03   1.3369015E+03   7.3423480E+03   2.1975880E-01   7.4452770E-07   1.7974505E-01
   3.5000000E-01   4.2198796E+03   8.7307854E+02   5.0929582E+03   2.0556775E-01   3.5580503E-06   1.7032818E-01
   4.0000000E-01   3.3661270E+03   5.9683104E+02   3.9629581E+03   1.8654993E-01   1.5035662E-06   1.5845528E-01
   4.5000000E-01   2.6950237E+03   4.8807516E+02   3.1830989E+03   1.6833425E-01   5.1059009E-05   1.4253059E-01
   5.0000000E-01   2.0690143E+03   2.6101411E+02   2.3300284E+03   1.3418503E-01   3.8731022E-05   1.1915771E-01
   5.5000000E-01   2.0371833E+03   2.4307300E+02   2.2802563E+03   1.0707761E-01   4.1287733E-05   9.5658849E-02
   6.0000000E-01   1.7294837E+03   1.7507044E+02   1.9045542E+03   9.6388285E-02   1.2128092E-05   8.7526977E-02
   6.5000000E-01   1.4495343E+03   1.1263273E+02   1.5621670E+03   8.3391797E-02   8.2305452E-06   7.7379508E-02
   7.0000000E-01   1.3278070E+03   5.9114693E+01   1.3869216E+03   5.3758710E-02   8.1516896E-06   5.1467702E-02
   7.5000000E-01   1.0483006E+03   5.0929582E+01   1.0992301E+03   4.9554819E-02   2.1257036E-06   4.7258750E-02
   8.0000000E-01   1.0026761E+03   3.5809862E+01   1.0384860E+03   2.0376069E-02   6.3603865E-06   1.9673665E-02
   8.5000000E-01   8.5381946E+02   7.4896444E+00   8.6130910E+02   2.0913580E-02   7.9930745E-06   2.0731792E-02
   9.0000000E-01   6.9320820E+02   1.0610330E+01   7.0381853E+02   1.0768962E-02   1.6040508E-06   1.0606592E-02
   9.5000000E-01   4.8249077E+02   1.0051891E+01   4.9254267E+02   1.6678516E-02   3.4082280E-05   1.6337443E-02
   1.0000000E+00   2.0120329E+02   0.0000000E+00   2.0120329E+02   1.4620791E-02   0.0000000E+00   1.4620791E-02
