   0.0000000E+00   2.8358100E+07   1.5529957E+07   4.3291672E+07   1.7435754E-03   4.2168528E-08   1.1290602E-03
   5.0000000E-02   1.1147212E+05   2.6738030E+04   1.3821015E+05   1.7671443E-01   5.0899430E-06   1.4252642E-01
   1.0000000E-01   4.5932117E+04   1.1681973E+04   5.7582258E+04   1.8899203E-01   1.6619772E-05   1.5075821E-01
   1.5000000E-01   2.6016528E+04   6.4510804E+03   3.2446388E+04   2.0955728E-01   1.2013850E-06   1.6776227E-01
   2.0000000E-01   1.6201973E+04   4.9019722E+03   2.1103945E+04   2.1106305E-01   7.5793280E-06   1.6203611E-01
   2.5000000E-01   1.2248564E+04   3.5396059E+03   1.5788170E+04   2.2707620E-01   6.0403752E-05   1.7615364E-01
   3.0000000E-01   7.9046955E+03   2.1432866E+03   1.0047982E+04   2.4870891E-01   1.3525226E-06   1.9565830E-01
   3.5000000E-01   5.5749703E+03   1.4005635E+03   6.9755338E+03   2.4921215E-01   8.9605127E-07   1.9917494E-01
   4.0000000E-01   3.8515496E+03   1.1140846E+03   4.9656342E+03   2.6398602E-01   2.6505579E-05   2.0475244E-01
   4.5000000E-01   2.8152741E+03   8.7004702E+02   3.6853211E+03   2.7094805E-01   1.5406222E-05   2.0697780E-01
   5.0000000E-01   2.1135776E+03   6.5571837E+02   2.7692960E+03   2.6944616E-01   7.6517351E-06   2.0564790E-01
   5.5000000E-01   1.4931627E+03   3.4724715E+02   1.8404099E+03   2.6903228E-01   1.5906770E-06   2.1827177E-01
   6.0000000E-01   1.1034743E+03   3.2892022E+02   1.4323945E+03   2.8134293E-01   1.4126296E-05   2.1673501E-01
   6.5000000E-01   7.4925250E+02   2.5464791E+02   1.0039004E+03   2.8173469E-01   3.0942848E-06   2.1027107E-01
   7.0000000E-01   5.3657952E+02   1.1368210E+02   6.5026162E+02   3.0146384E-01   2.4658705E-06   2.4875994E-01
   7.5000000E-01   3.3528641E+02   8.4882636E+01   4.2016905E+02   3.0723429E-01   3.0149851E-07   2.4516670E-01
   8.0000000E-01   2.7454228E+02   1.1538733E+02   3.8992961E+02   2.7036913E-01   1.3272325E-05   1.9036554E-01
   8.5000000E-01   2.3592380E+02   4.8682688E+01   2.8460649E+02   2.6069508E-01   1.4346895E-04   2.1612703E-01
   9.0000000E-01   8.1345860E+01   1.7683883E+01   9.9029742E+01   2.4926834E-01   8.7310904E-06   2.0475769E-01
   9.5000000E-01   7.3713868E+01   1.3402522E+01   8.7116390E+01   2.4550860E-01   2.9664550E-06   2.0773759E-01
   1.0000000E+00   2.5150411E+01   0.0000000E+00   2.5150411E+01   3.1697322E-01   0.0000000E+00   3.1697322E-01
