   0.0000000E+00   1.0558212E+07   9.6379141E+06   2.0136029E+07   8.4491460E-04   5.3948394E-04   6.6192298E-04
   5.0000000E-02   2.4497129E+05   1.1726536E+05   3.6217299E+05   6.8527238E-03   6.1504127E-03   6.4357085E-03
   1.0000000E-01   8.9731557E+04   4.1157468E+04   1.3088903E+05   4.3556989E-03   1.8845562E-03   3.2615313E-03
   1.5000000E-01   5.6892587E+04   2.4976716E+04   8.1848082E+04   4.3654506E-03   4.7827928E-03   3.8633868E-03
   2.0000000E-01   4.3512961E+04   1.7188734E+04   6.0685780E+04   3.4624189E-03   2.2742722E-03   3.1227926E-03
   2.5000000E-01   3.3104228E+04   1.2745128E+04   4.5798426E+04   1.0483600E-02   4.3335081E-03   7.0201033E-03
   3.0000000E-01   2.8064322E+04   9.5917379E+03   3.7666670E+04   4.2998253E-03   7.2860746E-03   1.9125016E-03
   3.5000000E-01   2.3827769E+04   8.3124353E+03   3.2122015E+04   4.9222108E-03   1.7739045E-03   3.2858671E-03
   4.0000000E-01   2.0260424E+04   6.0399301E+03   2.6292397E+04   6.0373697E-03   4.3483505E-03   5.5220549E-03
   4.5000000E-01   1.7995119E+04   5.3051648E+03   2.3300284E+04   3.7061055E-03   2.7789965E-03   2.2476619E-03
   5.0000000E-01   1.4973297E+04   4.3863102E+03   1.9359607E+04   6.3905658E-03   3.3556204E-03   4.2094589E-03
   5.5000000E-01   1.4381819E+04   3.6808198E+03   1.8056852E+04   6.5802468E-03   3.7160860E-03   5.4216887E-03
   6.0000000E-01   1.2790752E+04   3.0929111E+03   1.5883663E+04   2.9552942E-03   1.7278530E-03   2.0791695E-03
   6.5000000E-01   1.1625656E+04   2.7031855E+03   1.4309254E+04   5.3912862E-03   3.2213649E-03   4.2397452E-03
   7.0000000E-01   1.0285957E+04   2.2463583E+03   1.2532315E+04   5.9073191E-03   3.5641906E-03   5.4366132E-03
   7.5000000E-01   8.8277942E+03   1.9395682E+03   1.0763118E+04   3.8560452E-03   4.5525226E-03   3.6766712E-03
   8.0000000E-01   8.0532401E+03   1.5079931E+03   9.5612332E+03   6.1932014E-03   4.4627068E-03   5.9049467E-03
   8.5000000E-01   6.6994869E+03   1.4267773E+03   8.1225193E+03   5.6876027E-03   3.7336221E-03   5.2628915E-03
   9.0000000E-01   5.7897032E+03   1.0504226E+03   6.8401258E+03   3.9925514E-03   1.8780439E-03   3.0976225E-03
   9.5000000E-01   3.6387846E+03   7.4048931E+02   4.3792739E+03   5.9662315E-03   4.9619287E-03   4.5027349E-03
   1.0000000E+00   1.3518346E+03   3.7725616E+02   1.7290907E+03   9.5371926E-03   5.3203810E-03   7.6949834E-03
