   0.0000000E+00   1.6011242E+07   1.0618309E+07   2.6513431E+07   7.9664372E-04   5.2058470E-04   6.0778411E-04
   5.0000000E-02   2.2701861E+05   1.0676114E+05   3.3352510E+05   1.5776096E-03   6.7727006E-03   2.4996520E-03
   1.0000000E-01   7.7890429E+04   3.3136059E+04   1.1096283E+05   5.7280246E-03   9.8548816E-03   6.4967540E-03
   1.5000000E-01   5.0674934E+04   2.0562819E+04   7.1195311E+04   1.9834279E-03   3.9116738E-03   2.2723203E-03
   2.0000000E-01   3.5555214E+04   1.4880987E+04   5.0436201E+04   2.4366681E-03   5.0854449E-03   6.2283655E-04
   2.5000000E-01   2.8189524E+04   1.1204508E+04   3.9368567E+04   4.2534927E-03   9.1611792E-03   4.9793461E-03
   3.0000000E-01   2.2196809E+04   8.3821603E+03   3.0568359E+04   3.1479134E-03   1.3164894E-03   2.4816325E-03
   3.5000000E-01   1.7779881E+04   6.8027370E+03   2.4582618E+04   6.7437755E-03   3.4748116E-03   5.7545809E-03
   4.0000000E-01   1.5987114E+04   5.5545075E+03   2.1541622E+04   4.2964278E-03   1.5347240E-03   3.3332793E-03
   4.5000000E-01   1.3269985E+04   4.6473243E+03   1.7917310E+04   1.7997054E-03   5.0732501E-03   1.0109912E-03
   5.0000000E-01   1.1764733E+04   3.9597750E+03   1.5724508E+04   1.2249956E-02   5.3150516E-03   9.3547765E-03
   5.5000000E-01   1.0706787E+04   3.4377468E+03   1.4144534E+04   2.0159939E-03   4.6624066E-03   6.0966235E-04
   6.0000000E-01   9.2203764E+03   2.9549768E+03   1.2175353E+04   3.6443711E-03   7.3338866E-03   4.2923392E-03
   6.5000000E-01   7.9234676E+03   2.3261107E+03   1.0244681E+04   4.0862340E-03   7.4071828E-03   4.3545185E-03
   7.0000000E-01   7.0391958E+03   2.0417306E+03   9.0809263E+03   2.8047615E-03   5.6452419E-03   1.1713620E-03
   7.5000000E-01   6.5486954E+03   1.5660846E+03   8.1147800E+03   2.8849251E-03   7.9464467E-03   3.8468590E-03
   8.0000000E-01   5.1367258E+03   1.3488381E+03   6.4855639E+03   9.7729104E-03   2.8366166E-03   7.6154863E-03
   8.5000000E-01   4.1305389E+03   1.1496604E+03   5.2801993E+03   1.0311726E-02   5.8868263E-03   8.6633885E-03
   9.0000000E-01   3.2609079E+03   8.4175281E+02   4.1026608E+03   3.6131906E-03   7.9064721E-03   2.4746076E-03
   9.5000000E-01   2.0405339E+03   5.2939960E+02   2.5699335E+03   6.8368167E-03   1.8629757E-02   5.6421376E-03
   1.0000000E+00   7.4193712E+02   1.3832726E+02   8.8026438E+02   1.7519139E-02   7.4214855E-03   1.3702041E-02
