   0.0000000E+00   1.1486658E+07   9.3252064E+06   2.0765009E+07   5.6022969E-05   8.3098218E-06   3.2254079E-05
   5.0000000E-02   1.4177522E+05   8.2569584E+04   2.2434481E+05   1.0741461E-03   5.2497641E-04   5.1701950E-04
   1.0000000E-01   7.0855781E+04   3.7114933E+04   1.0793888E+05   1.1858833E-03   1.2679612E-03   4.6712026E-04
   1.5000000E-01   5.1651084E+04   2.4615965E+04   7.6245828E+04   1.0178924E-03   3.6776059E-04   6.9648099E-04
   2.0000000E-01   4.1969158E+04   1.7650283E+04   5.9619442E+04   1.4791031E-03   2.0530853E-03   8.9853268E-04
   2.5000000E-01   3.6452848E+04   1.4604058E+04   5.1018709E+04   1.9916382E-03   1.0598140E-03   1.7170597E-03
   3.0000000E-01   2.9857467E+04   1.1437935E+04   4.1295403E+04   1.3172407E-03   8.4479075E-04   1.0584091E-03
   3.5000000E-01   2.7765717E+04   9.1309464E+03   3.6905758E+04   1.7568607E-03   4.0055146E-03   3.3659327E-04
   4.0000000E-01   2.4024439E+04   8.1885218E+03   3.2212960E+04   1.7708950E-03   1.5327772E-03   1.7103498E-03
   4.5000000E-01   2.2104853E+04   6.7340225E+03   2.8838876E+04   6.8558253E-04   4.2791677E-03   1.5174012E-03
   5.0000000E-01   1.9894368E+04   5.9332963E+03   2.5827664E+04   2.2453386E-03   1.2539532E-03   1.4473402E-03
   5.5000000E-01   1.7975827E+04   5.6254038E+03   2.3601231E+04   9.9004095E-04   4.4161969E-03   1.7888256E-03
   6.0000000E-01   1.7294837E+04   4.7215966E+03   2.2016434E+04   9.2436830E-05   3.0996168E-03   7.0104330E-04
   6.5000000E-01   1.4936079E+04   4.2996320E+03   1.9235711E+04   3.3872134E-03   2.9102239E-03   3.2354022E-03
   7.0000000E-01   8.7307854E+03   2.2145274E+03   1.0945313E+04   4.8257581E-03   2.8875182E-03   4.4252043E-03
   7.5000000E-01   5.9205639E+03   1.3666104E+03   7.2871743E+03   2.6807549E-03   2.3266676E-03   2.4669200E-03
   8.0000000E-01   4.5916201E+03   1.0066550E+03   5.5982751E+03   4.5219660E-03   8.2334784E-03   3.4025361E-03
   8.5000000E-01   3.7036291E+03   7.4521962E+02   4.4488488E+03   9.7604359E-03   9.6518158E-03   6.7328598E-03
   9.0000000E-01   2.8577154E+03   5.3051648E+02   3.3882319E+03   5.8769471E-03   1.4385264E-02   6.7788832E-03
   9.5000000E-01   1.9936251E+03   3.2836178E+02   2.3219869E+03   1.1512595E-02   1.2405897E-02   1.0805222E-02
   1.0000000E+00   6.4762308E+02   1.0688925E+02   7.5451232E+02   2.5783526E-02   6.2378103E-02   2.6711428E-02
