   0.0000000E+00   2.6963648E+07   1.4392700E+07   4.0892889E+07   8.8520287E-04   9.3380166E-05   6.1788740E-04
   5.0000000E-02   8.0787049E+04   2.7438312E+04   1.0816170E+05   1.2815370E-01   1.3685076E-02   9.8973017E-02
   1.0000000E-01   3.7465074E+04   1.2700564E+04   5.0165638E+04   1.0762851E-01   2.5217434E-02   8.6743039E-02
   1.5000000E-01   2.3512490E+04   7.7455406E+03   3.1258031E+04   1.1276060E-01   1.1285324E-02   8.7023312E-02
   2.0000000E-01   1.5358452E+04   5.0929582E+03   2.0435495E+04   1.0353998E-01   1.5993525E-02   8.1680407E-02
   2.5000000E-01   1.1662874E+04   3.8833806E+03   1.5533522E+04   1.0507153E-01   6.8239421E-03   8.0552018E-02
   3.0000000E-01   8.8171838E+03   3.2361505E+03   1.2042724E+04   1.0923014E-01   1.1758211E-02   8.3036782E-02
   3.5000000E-01   7.5303025E+03   2.5101008E+03   1.0040403E+04   1.1336878E-01   4.3333614E-03   8.5780774E-02
   4.0000000E-01   6.0080991E+03   2.2520424E+03   8.2601415E+03   1.0456270E-01   7.2451904E-03   7.8029176E-02
   4.5000000E-01   5.0788111E+03   1.5915494E+03   6.6703605E+03   1.1751311E-01   2.0177041E-02   9.4155896E-02
   5.0000000E-01   4.5200004E+03   1.5597184E+03   6.0797188E+03   1.2698038E-01   2.4661916E-02   1.0068402E-01
   5.5000000E-01   3.3046354E+03   1.1980027E+03   4.5026380E+03   1.3986382E-01   1.1360512E-02   1.0514636E-01
   6.0000000E-01   3.1088266E+03   1.2573241E+03   4.3661506E+03   1.2955725E-01   1.6614689E-02   9.7001724E-02
   6.5000000E-01   2.7864358E+03   9.5492966E+02   3.7364684E+03   1.3684919E-01   1.2175422E-02   1.0497230E-01
   7.0000000E-01   2.4100606E+03   7.8213286E+02   3.1921934E+03   1.5757750E-01   1.2729170E-02   1.2197100E-01
   7.5000000E-01   2.0881129E+03   6.7906109E+02   2.7671739E+03   1.6035701E-01   1.9143142E-03   1.2146764E-01
   8.0000000E-01   1.5796128E+03   4.9735920E+02   2.0769720E+03   1.4708163E-01   9.2631711E-03   1.1401010E-01
   8.5000000E-01   1.2732395E+03   3.9695115E+02   1.6701907E+03   1.4692682E-01   1.0101371E-02   1.1428891E-01
   9.0000000E-01   9.8322387E+02   3.5014087E+02   1.3333647E+03   1.5081407E-01   6.2850921E-03   1.1286030E-01
   9.5000000E-01   6.0646410E+02   2.1779097E+02   8.2425507E+02   1.8230058E-01   2.0737968E-05   1.3413721E-01
   1.0000000E+00   2.3892890E+02   1.0060164E+02   3.3953055E+02   2.1736705E-01   2.7453719E-02   1.5725577E-01
