   0.0000000E+00   1.9516216E+07   1.0199158E+07   2.9693983E+07   1.5514380E-04   3.5857501E-07   1.0193705E-04
   5.0000000E-02   7.7794936E+04   3.4441130E+04   1.1223607E+05   4.4147209E-03   7.3932956E-05   3.0461619E-03
   1.0000000E-01   4.8510427E+04   1.9894368E+04   6.8404795E+04   4.9548405E-03   2.2092122E-04   3.5780587E-03
   1.5000000E-01   3.2488829E+04   1.5703288E+04   4.8192117E+04   4.5291656E-03   8.2510862E-05   3.0624073E-03
   2.0000000E-01   2.6244650E+04   1.2318593E+04   3.8563243E+04   7.5179486E-03   9.9875147E-05   5.0848017E-03
   2.5000000E-01   2.0893861E+04   9.9567332E+03   3.0850594E+04   1.7342358E-02   1.3696339E-04   1.1727209E-02
   3.0000000E-01   1.8398311E+04   8.6580289E+03   2.7056340E+04   1.6116602E-02   1.0111883E-04   1.0972150E-02
   3.5000000E-01   1.5933683E+04   7.1938034E+03   2.3127487E+04   7.6487600E-03   5.1822180E-05   5.2650279E-03
   4.0000000E-01   1.4586551E+04   6.7163386E+03   2.1302889E+04   7.5828885E-03   5.2557495E-06   5.1910240E-03
   4.5000000E-01   1.1834054E+04   5.9842259E+03   1.7818280E+04   4.7785556E-03   1.7617149E-04   3.1465517E-03
   5.0000000E-01   1.0911663E+04   5.1375216E+03   1.6049184E+04   3.7990232E-03   5.6011399E-05   2.5683401E-03
   5.5000000E-01   9.9196935E+03   4.4737008E+03   1.4387607E+04   1.1670990E-02   1.4133005E-04   8.1993131E-03
   6.0000000E-01   8.5784514E+03   3.9788736E+03   1.2557325E+04   3.5883182E-03   1.5262581E-04   2.4058277E-03
   6.5000000E-01   7.5268045E+03   3.6140415E+03   1.1140846E+04   2.7259143E-03   1.4759359E-04   1.7973727E-03
   7.0000000E-01   6.4525961E+03   3.0967005E+03   9.5492966E+03   5.1978760E-03   3.5815146E-05   3.5012363E-03
   7.5000000E-01   5.7762634E+03   2.6992678E+03   8.4755312E+03   7.4678434E-03   8.4388586E-05   5.0813553E-03
   8.0000000E-01   5.3078174E+03   2.6260566E+03   7.9338739E+03   2.4037017E-02   1.5138498E-04   1.6130361E-02
   8.5000000E-01   4.1305389E+03   2.0109695E+03   6.1415084E+03   8.3495705E-03   4.2245140E-04   5.5117143E-03
   9.0000000E-01   3.6747108E+03   1.6304540E+03   5.3051648E+03   1.3456806E-02   1.7440632E-04   9.2995596E-03
   9.5000000E-01   2.4962196E+03   1.0587992E+03   3.5550188E+03   2.2176336E-02   3.1604052E-04   1.5637883E-02
   1.0000000E+00   1.2763833E+03   6.2247267E+02   1.8988560E+03   2.5337731E-02   2.6420948E-06   1.7031553E-02
