   0.0000000E+00   8.2149415E+06   9.3134926E+06   1.7490746E+07   5.2531541E-05   5.3222492E-07   2.4932434E-05
   5.0000000E-02   2.0429128E+05   1.1293635E+05   3.1697298E+05   1.5247655E-04   1.1468191E-04   6.5095897E-05
   1.0000000E-01   1.1156762E+05   5.3539723E+04   1.6507551E+05   2.0006251E-04   2.9877283E-04   2.2005740E-04
   1.5000000E-01   8.2272495E+04   3.4207702E+04   1.1648020E+05   1.0201805E-03   5.2340089E-04   8.7270136E-04
   2.0000000E-01   6.7720428E+04   2.4175636E+04   9.1864233E+04   2.9501635E-04   1.2529798E-03   5.2814983E-04
   2.5000000E-01   5.7626822E+04   1.7608903E+04   7.5184795E+04   8.4181492E-04   3.6765829E-04   6.2893766E-04
   3.0000000E-01   4.8765075E+04   1.4058687E+04   6.2823761E+04   1.0963694E-03   1.4007323E-03   1.1093497E-03
   3.5000000E-01   4.2271553E+04   1.2459558E+04   5.4731111E+04   5.2187540E-04   1.1101165E-03   2.2033262E-04
   4.0000000E-01   3.8857679E+04   1.0886198E+04   4.9735920E+04   1.9308410E-04   1.3984648E-03   4.4416166E-04
   4.5000000E-01   3.3033493E+04   8.6933967E+03   4.1712742E+04   3.1390682E-04   1.7769964E-03   2.4763405E-04
   5.0000000E-01   1.7443382E+04   3.4377468E+03   2.0874762E+04   1.1435529E-03   8.4921636E-04   1.0741990E-03
   5.5000000E-01   1.1702229E+04   1.8693471E+03   1.3571576E+04   1.6692322E-03   4.0838085E-03   1.7251757E-03
   6.0000000E-01   8.5996721E+03   1.3846480E+03   9.9843201E+03   3.6171338E-03   5.7411291E-03   3.2345441E-03
   6.5000000E-01   6.4886246E+03   9.6472381E+02   7.4533484E+03   3.0275613E-03   6.0941393E-03   2.8251633E-03
   7.0000000E-01   5.1929984E+03   6.5935619E+02   5.8523546E+03   2.1170684E-03   1.4667962E-02   1.4191109E-03
   7.5000000E-01   4.2780849E+03   5.9842259E+02   4.8722633E+03   2.6811421E-03   1.8329889E-03   2.1952981E-03
   8.0000000E-01   3.3104228E+03   3.6605637E+02   3.6764792E+03   5.0451677E-03   1.5365889E-02   5.5188956E-03
   8.5000000E-01   2.2581278E+03   2.4715826E+02   2.5052860E+03   9.6920000E-03   7.1581122E-03   8.3558191E-03
   9.0000000E-01   1.7259469E+03   1.6622850E+02   1.8921754E+03   1.4933229E-02   1.8483295E-02   1.5142967E-02
   9.5000000E-01   1.1693700E+03   6.7012608E+01   1.2363826E+03   1.7716928E-02   1.4574124E-02   1.7321874E-02
   1.0000000E+00   5.6588424E+02   2.5150411E+01   5.9103465E+02   1.7834308E-02   1.3051177E-06   1.7075379E-02
