   0.0000000E+00   3.2002621E+07   1.6575032E+07   4.7971592E+07   2.7819322E-04   1.2422243E-05   1.8979743E-04
   5.0000000E-02   1.8716621E+04   5.2202821E+03   2.3936903E+04   1.8649855E-01   8.3196380E-03   1.4764028E-01
   1.0000000E-01   9.2628177E+03   2.0690143E+03   1.1331832E+04   2.1159868E-01   9.0495005E-06   1.7296244E-01
   1.5000000E-01   5.6234747E+03   1.4642255E+03   7.0877001E+03   2.2386032E-01   1.1166538E-05   1.7761142E-01
   2.0000000E-01   3.8197186E+03   8.9126768E+02   4.7109863E+03   2.0492980E-01   5.6589945E-06   1.6615826E-01
   2.5000000E-01   2.6610706E+03   6.8754935E+02   3.3486200E+03   2.2682027E-01   1.0535712E-05   1.8024665E-01
   3.0000000E-01   1.9098593E+03   4.7746483E+02   2.3873241E+03   2.2346010E-01   1.0317307E-05   1.7877014E-01
   3.5000000E-01   1.4551309E+03   4.8201211E+02   1.9371430E+03   2.4275733E-01   6.9265102E-06   1.8235464E-01
   4.0000000E-01   1.1777466E+03   2.9443664E+02   1.4721832E+03   2.5767048E-01   2.5752698E-06   2.0613690E-01
   4.5000000E-01   1.0115181E+03   2.7586857E+02   1.2873867E+03   2.4476484E-01   1.4343205E-04   1.9228451E-01
   5.0000000E-01   6.9391555E+02   7.6394373E+01   7.7030992E+02   2.5732032E-01   3.0374045E-02   2.3481325E-01
   5.5000000E-01   7.0606920E+02   1.5047376E+02   8.5654297E+02   2.6627265E-01   1.1066948E-05   2.1949308E-01
   6.0000000E-01   4.8276999E+02   1.6446011E+02   6.4723010E+02   2.4821265E-01   3.6710728E-05   1.8513289E-01
   6.5000000E-01   3.8197186E+02   7.8353203E+01   4.6032507E+02   2.4122790E-01   1.9831120E-05   2.0017121E-01
   7.0000000E-01   3.0012075E+02   6.8209261E+01   3.6833001E+02   2.0822396E-01   1.9531186E-05   1.6966758E-01
   7.5000000E-01   2.4191551E+02   2.5464791E+01   2.6738030E+02   2.1106690E-01   5.5056398E-07   1.9096534E-01
   8.0000000E-01   2.5862678E+02   3.9788736E+01   2.9841552E+02   2.1392790E-01   1.1507536E-05   1.8540265E-01
   8.5000000E-01   1.8724111E+02   3.3703400E+01   2.2094451E+02   1.9847765E-01   4.9877511E-06   1.6820064E-01
   9.0000000E-01   1.3439751E+02   3.1830989E+01   1.6622850E+02   1.4882716E-01   8.6514122E-07   1.2032851E-01
   9.5000000E-01   9.7168281E+01   1.0051891E+01   1.0722017E+02   1.5718261E-01   7.9716937E-06   1.4244599E-01
   1.0000000E+00   2.5150411E+01   6.2876027E+00   3.1438013E+01   1.0260912E-01   9.2484883E-05   8.2105790E-02
