   0.0000000E+00   3.2140131E+07   1.6182365E+07   4.8047986E+07   2.2978651E-05   2.2105841E-05   2.2514711E-05
   5.0000000E-02   6.1752118E+03   3.3740848E+03   9.5492966E+03   5.3079386E-02   4.4173933E-02   4.7881765E-02
   1.0000000E-01   4.6154933E+03   1.8780283E+03   6.4935217E+03   7.4524197E-02   1.9615425E-02   5.4016186E-02
   1.5000000E-01   3.1194369E+03   1.8461973E+03   4.9656342E+03   5.6079937E-02   1.7310894E-02   3.1138289E-02
   2.0000000E-01   3.0876059E+03   1.2095776E+03   4.2971835E+03   3.8539712E-02   2.2803883E-02   3.3961202E-02
   2.5000000E-01   2.4700847E+03   1.2095776E+03   3.6796623E+03   4.9328704E-02   4.3850862E-02   4.7520960E-02
   3.0000000E-01   2.0690143E+03   1.0398123E+03   3.1088266E+03   3.7506989E-02   2.0980753E-02   3.1777385E-02
   3.5000000E-01   1.6552114E+03   9.8221336E+02   2.6374248E+03   4.6551109E-02   2.6359562E-02   3.8795644E-02
   4.0000000E-01   1.4721832E+03   4.5359159E+02   1.9257748E+03   3.2394654E-02   4.9848280E-02   3.3940408E-02
   4.5000000E-01   1.3934899E+03   6.1539911E+02   2.0088891E+03   2.0276064E-02   3.6884413E-02   2.1723787E-02
   5.0000000E-01   1.1140846E+03   5.9205639E+02   1.7061410E+03   2.6607342E-02   2.1884095E-02   2.0917910E-02
   5.5000000E-01   1.1054034E+03   5.5559544E+02   1.6609989E+03   2.7673363E-02   1.2109019E-02   2.1772755E-02
   6.0000000E-01   9.3901416E+02   3.8727703E+02   1.3262912E+03   1.9291588E-02   3.1855614E-02   2.2904159E-02
   6.5000000E-01   7.8842910E+02   3.8197186E+02   1.1704010E+03   3.5933423E-02   2.2287528E-02   2.4361031E-02
   7.0000000E-01   7.6394373E+02   3.8197186E+02   1.1459156E+03   5.2600295E-02   3.1670754E-02   4.5051495E-02
   7.5000000E-01   7.0877001E+02   2.4615965E+02   9.5492966E+02   5.0076357E-02   4.2457031E-02   4.3701099E-02
   8.0000000E-01   6.2070428E+02   3.2228876E+02   9.4299304E+02   5.1025228E-02   3.7108371E-02   4.5992075E-02
   8.5000000E-01   5.2427511E+02   2.5839273E+02   7.8266784E+02   3.9162908E-02   2.7154813E-02   3.0985574E-02
   9.0000000E-01   3.9258219E+02   2.0159626E+02   5.9417845E+02   4.3391959E-02   3.3340865E-02   3.9951443E-02
   9.5000000E-01   3.1160863E+02   1.4407711E+02   4.5568573E+02   7.5220609E-02   3.9819703E-02   6.2302616E-02
   1.0000000E+00   1.8234048E+02   3.7725616E+01   2.2006609E+02   8.7407251E-02   6.1324929E-02   8.2663736E-02
