   0.0000000E+00   3.0532284E+07   1.5900215E+07   4.5956308E+07   3.6134103E-04   1.6923599E-04   2.9329916E-04
   5.0000000E-02   3.0685073E+04   1.4196621E+04   4.4881694E+04   1.0889960E-01   9.3574763E-02   1.0404732E-01
   1.0000000E-01   1.5788170E+04   5.8569019E+03   2.1645072E+04   1.1765763E-01   9.5554170E-02   1.1167058E-01
   1.5000000E-01   1.0122254E+04   3.5014087E+03   1.3623663E+04   1.3790120E-01   9.0286542E-02   1.2557412E-01
   2.0000000E-01   6.8595780E+03   2.5623946E+03   9.4219726E+03   1.3084970E-01   9.5261700E-02   1.2117088E-01
   2.5000000E-01   5.2457469E+03   2.0626481E+03   7.2956626E+03   1.1376419E-01   8.2808040E-02   1.0517385E-01
   3.0000000E-01   4.2759628E+03   1.4111738E+03   5.6871366E+03   1.5159599E-01   9.5204559E-02   1.3750385E-01
   3.5000000E-01   3.6469218E+03   1.0094971E+03   4.6564189E+03   1.4451942E-01   9.2556410E-02   1.3325113E-01
   4.0000000E-01   2.6499298E+03   7.9577472E+02   3.4457045E+03   1.3111723E-01   1.0450040E-01   1.2496861E-01
   4.5000000E-01   2.3837874E+03   6.5076688E+02   3.0345542E+03   1.5976240E-01   1.2361482E-01   1.5196881E-01
   5.0000000E-01   1.9480565E+03   5.4749300E+02   2.4955495E+03   1.5652846E-01   9.8734447E-02   1.4384877E-01
   5.5000000E-01   1.8635597E+03   5.2665818E+02   2.3902179E+03   1.6548311E-01   1.0337863E-01   1.5179897E-01
   6.0000000E-01   1.3899532E+03   3.6605637E+02   1.7560095E+03   1.5963509E-01   1.3892302E-01   1.5529917E-01
   6.5000000E-01   1.3173132E+03   3.5748649E+02   1.6747997E+03   1.6289028E-01   7.4119650E-02   1.4393792E-01
   7.0000000E-01   1.0549699E+03   3.1376260E+02   1.3687325E+03   1.6391253E-01   8.8001675E-02   1.4648926E-01
   7.5000000E-01   9.3370900E+02   2.5040378E+02   1.1841128E+03   1.6757930E-01   1.1419634E-01   1.5628973E-01
   8.0000000E-01   7.4007049E+02   1.8700706E+02   9.2707754E+02   1.7943672E-01   5.1551539E-02   1.5363690E-01
   8.5000000E-01   6.1789566E+02   1.3481360E+02   7.5270926E+02   1.5282934E-01   1.0269910E-01   1.4384458E-01
   9.0000000E-01   4.4917062E+02   1.0256652E+02   5.5173714E+02   1.8489361E-01   8.3995324E-02   1.6613237E-01
   9.5000000E-01   2.1108971E+02   6.3661977E+01   2.7475169E+02   1.9496259E-01   1.7063967E-01   1.8928149E-01
   1.0000000E+00   1.8234048E+02   1.8862808E+01   2.0120329E+02   1.8318112E-01   2.7870289E-01   1.9210626E-01
