   0.0000000E+00   3.0629560E+07   1.5579868E+07   4.6186001E+07   6.6511571E-05   4.2075913E-05   3.4229600E-05
   5.0000000E-02   2.1390424E+04   1.1777466E+04   3.3167890E+04   9.7177443E-03   7.4283301E-03   8.8828757E-03
   1.0000000E-01   1.1968452E+04   5.5385920E+03   1.7507044E+04   1.6500993E-02   1.1283049E-02   1.4058863E-02
   1.5000000E-01   7.9577472E+03   4.0531459E+03   1.2010893E+04   1.4356880E-02   6.1381385E-03   1.1548400E-02
   2.0000000E-01   6.0001414E+03   2.9443664E+03   8.9445078E+03   1.8744292E-02   3.7586855E-02   2.4850001E-02
   2.5000000E-01   4.8892399E+03   2.4955495E+03   7.3847894E+03   1.9556711E-02   2.0768950E-02   1.9506848E-02
   3.0000000E-01   4.6048830E+03   2.2069485E+03   6.8118316E+03   1.2431804E-02   7.3262182E-03   7.7499670E-03
   3.5000000E-01   3.5832599E+03   1.6915897E+03   5.2748495E+03   2.6646094E-03   5.0026642E-03   1.5131316E-03
   4.0000000E-01   2.9045777E+03   1.5119720E+03   4.4165497E+03   1.8304778E-02   1.6201591E-02   1.7085942E-02
   4.5000000E-01   2.6879501E+03   1.2025040E+03   3.8904542E+03   1.2653945E-02   4.9185096E-03   1.0233551E-02
   5.0000000E-01   2.3236622E+03   1.0822536E+03   3.4059158E+03   1.6802818E-02   2.5794278E-02   1.7535083E-02
   5.5000000E-01   2.0371833E+03   1.0301665E+03   3.0673498E+03   9.9361799E-03   8.5931521E-03   3.7152744E-03
   6.0000000E-01   1.8302818E+03   8.9657285E+02   2.7268547E+03   7.8721526E-03   6.8327391E-03   7.4886264E-03
   6.5000000E-01   1.5621670E+03   8.1291448E+02   2.3750815E+03   5.7598251E-03   2.5213445E-02   1.2397493E-02
   7.0000000E-01   1.3459961E+03   6.8209261E+02   2.0280887E+03   2.3844923E-02   1.6762163E-02   2.1412984E-02
   7.5000000E-01   1.2010893E+03   5.4324887E+02   1.7443382E+03   1.4791639E-02   2.4448263E-02   1.7360720E-02
   8.0000000E-01   1.0305283E+03   4.8542258E+02   1.5159508E+03   1.1529501E-02   1.4204826E-02   1.2185226E-02
   8.5000000E-01   7.8266784E+02   4.4937866E+02   1.2320465E+03   1.8591449E-02   1.1494578E-02   1.0058980E-02
   9.0000000E-01   6.2247267E+02   3.1830989E+02   9.4078255E+02   3.1562350E-02   3.1431008E-02   2.6491839E-02
   9.5000000E-01   3.5181619E+02   2.1444034E+02   5.6625653E+02   4.3229587E-02   3.6492861E-02   3.7631475E-02
   1.0000000E+00   2.2006609E+02   1.1317685E+02   3.3324294E+02   3.1720185E-02   1.8625019E-02   1.9066350E-02
