   0.0000000E+00   2.2026026E+07   1.1344055E+07   3.3358367E+07   1.8549301E-04   9.3238652E-05   1.1516095E-04
   5.0000000E-02   3.7535102E+05   1.8111833E+05   5.5646934E+05   8.3196600E-03   1.9172135E-03   6.2346249E-03
   1.0000000E-01   8.2314937E+04   3.9565919E+04   1.2188086E+05   2.3481450E-02   5.9547675E-03   1.7772374E-02
   1.5000000E-01   3.6075120E+04   1.7973898E+04   5.4049019E+04   2.9199264E-02   7.1600946E-03   2.1687542E-02
   2.0000000E-01   2.3554932E+04   1.0918029E+04   3.4472961E+04   1.3008425E-02   6.6951875E-03   1.1008910E-02
   2.5000000E-01   1.6322931E+04   7.7540288E+03   2.4076960E+04   2.5872644E-02   1.0448312E-02   2.0819388E-02
   3.0000000E-01   1.2817278E+04   6.1858221E+03   1.9003100E+04   2.4812671E-02   1.0580710E-02   1.9912142E-02
   3.5000000E-01   1.0249578E+04   4.8292157E+03   1.5078794E+04   2.1655008E-02   1.0820057E-02   1.7889128E-02
   4.0000000E-01   8.4033810E+03   4.0902820E+03   1.2493663E+04   1.6426529E-02   6.5455931E-03   1.3139974E-02
   4.5000000E-01   6.9957439E+03   3.4306732E+03   1.0426417E+04   9.3798756E-03   1.4483420E-02   1.0292953E-02
   5.0000000E-01   5.7423103E+03   2.5273805E+03   8.2696908E+03   2.2180699E-02   9.2791800E-03   1.8097712E-02
   5.5000000E-01   5.0755958E+03   2.3612806E+03   7.4368764E+03   2.8825805E-02   1.3039659E-02   2.3809012E-02
   6.0000000E-01   4.2388267E+03   1.9257748E+03   6.1646015E+03   2.7073608E-02   1.3763884E-02   2.2909171E-02
   6.5000000E-01   3.6777035E+03   1.6454173E+03   5.3231207E+03   2.7635600E-02   7.3686579E-03   2.1280786E-02
   7.0000000E-01   2.8102216E+03   1.3141651E+03   4.1243867E+03   8.3322294E-03   7.8467389E-03   7.2596244E-03
   7.5000000E-01   2.4403758E+03   1.0992301E+03   3.5396059E+03   1.0115822E-02   1.3334115E-02   1.0998138E-02
   8.0000000E-01   1.9814790E+03   7.9577472E+02   2.7772538E+03   1.7442997E-02   1.8223600E-02   1.6605174E-02
   8.5000000E-01   1.5878046E+03   8.2011606E+02   2.4079207E+03   1.8192380E-02   6.7780088E-03   1.4286478E-02
   9.0000000E-01   1.2166511E+03   5.5173714E+02   1.7683883E+03   2.2275588E-02   1.6806677E-02   2.0440686E-02
   9.5000000E-01   7.7399562E+02   2.9150484E+02   1.0655005E+03   3.0574229E-02   1.8384699E-02   2.6817429E-02
   1.0000000E+00   2.7665452E+02   1.4461486E+02   4.2126938E+02   5.3064895E-02   3.3025613E-02   4.5779700E-02
