   0.0000000E+00   3.0837862E+07   1.6883156E+07   4.7404745E+07   7.3579179E-03   8.3166889E-08   4.7594940E-03
   5.0000000E-02   1.4833241E+04   3.6923947E+03   1.8525635E+04   2.9529301E-01   7.8397882E-05   2.3645295E-01
   1.0000000E-01   9.8676065E+02   0.0000000E+00   9.8676065E+02   1.6607701E-05   0.0000000E+00   1.6607701E-05
   1.5000000E-01   1.2520189E+03   0.0000000E+00   1.2520189E+03   1.8548795E-06   0.0000000E+00   1.8548795E-06
   2.0000000E-01   1.1777466E+03   0.0000000E+00   1.1777466E+03   5.2093773E-07   0.0000000E+00   5.2093773E-07
   2.5000000E-01   1.1586480E+03   0.0000000E+00   1.1586480E+03   8.3914698E-07   0.0000000E+00   8.3914698E-07
   3.0000000E-01   1.3687325E+03   0.0000000E+00   1.3687325E+03   1.4218334E-05   0.0000000E+00   1.4218334E-05
   3.5000000E-01   1.3641852E+03   0.0000000E+00   1.3641852E+03   2.0124234E-06   0.0000000E+00   2.0124234E-06
   4.0000000E-01   1.5597184E+03   0.0000000E+00   1.5597184E+03   1.8817804E-06   0.0000000E+00   1.8817804E-06
   4.5000000E-01   1.3934899E+03   0.0000000E+00   1.3934899E+03   1.7362058E-06   0.0000000E+00   1.7362058E-06
   5.0000000E-01   1.5724508E+03   0.0000000E+00   1.5724508E+03   8.4425598E-06   0.0000000E+00   8.4425598E-06
   5.5000000E-01   1.5105251E+03   0.0000000E+00   1.5105251E+03   4.7426150E-05   0.0000000E+00   4.7426150E-05
   6.0000000E-01   1.7507044E+03   0.0000000E+00   1.7507044E+03   8.3163102E-06   0.0000000E+00   8.3163102E-06
   6.5000000E-01   2.0273891E+03   0.0000000E+00   2.0273891E+03   2.2909936E-05   0.0000000E+00   2.2909936E-05
   7.0000000E-01   2.3236622E+03   0.0000000E+00   2.3236622E+03   7.8046613E-05   0.0000000E+00   7.8046613E-05
   7.5000000E-01   3.0685073E+03   0.0000000E+00   3.0685073E+03   4.9162771E-09   0.0000000E+00   4.9162771E-09
   8.0000000E-01   5.1605990E+03   0.0000000E+00   5.1605990E+03   1.9815315E-06   0.0000000E+00   1.9815315E-06
   8.5000000E-01   2.5389894E+03   0.0000000E+00   2.5389894E+03   3.8223794E-06   0.0000000E+00   3.8223794E-06
   9.0000000E-01   3.5367765E+00   0.0000000E+00   3.5367765E+00   1.8165581E-06   0.0000000E+00   1.8165581E-06
   9.5000000E-01   0.0000000E+00   0.0000000E+00   0.0000000E+00   0.0000000E+00   0.0000000E+00   0.0000000E+00
   1.0000000E+00   0.0000000E+00   0.0000000E+00   0.0000000E+00   0.0000000E+00   0.0000000E+00   0.0000000E+00
