   0.0000000E+00   3.0918840E+07   1.5872204E+07   4.6324529E+07   1.7952267E-04   1.2063600E-05   1.1818381E-04
   5.0000000E-02   2.0371833E+04   8.9763388E+03   2.9348172E+04   1.3228849E-01   7.0583269E-03   9.3813076E-02
   1.0000000E-01   1.2350424E+04   4.6154933E+03   1.6965917E+04   1.0698676E-01   1.6344622E-02   8.2041087E-02
   1.5000000E-01   8.5519256E+03   3.1194369E+03   1.1671362E+04   1.0091398E-01   1.2147686E-02   7.7148139E-02
   2.0000000E-01   6.0797188E+03   2.3395777E+03   8.4192965E+03   1.1291301E-01   4.8261369E-03   8.2877366E-02
   2.5000000E-01   4.6982539E+03   1.8589297E+03   6.5571837E+03   1.0166503E-01   5.3173687E-03   7.2342207E-02
   3.0000000E-01   3.6499534E+03   1.5172771E+03   5.1672305E+03   8.0032803E-02   1.1571214E-02   5.9870885E-02
   3.5000000E-01   3.0466803E+03   1.0367808E+03   4.0834611E+03   9.3391955E-02   3.7880068E-03   7.0393619E-02
   4.0000000E-01   2.3077467E+03   7.3211274E+02   3.0398594E+03   7.5612939E-02   7.4877964E-03   5.7564006E-02
   4.5000000E-01   2.1574337E+03   8.0638504E+02   2.9638187E+03   7.8291471E-02   1.1049972E-02   5.8632880E-02
   5.0000000E-01   1.8461973E+03   6.5571837E+02   2.5019157E+03   1.0121439E-01   1.1767869E-02   7.6996502E-02
   5.5000000E-01   1.5973369E+03   6.4819468E+02   2.2455316E+03   8.8850854E-02   4.0207343E-03   6.4063557E-02
   6.0000000E-01   1.5331926E+03   4.5093901E+02   1.9841316E+03   1.1063779E-01   1.4067624E-03   8.5195513E-02
   6.5000000E-01   1.1214302E+03   4.2604554E+02   1.5474758E+03   1.2434294E-01   9.1276300E-03   9.2204192E-02
   7.0000000E-01   8.6853126E+02   3.5923544E+02   1.2277667E+03   1.1654419E-01   8.7022019E-03   8.4910297E-02
   7.5000000E-01   8.0638504E+02   2.7162444E+02   1.0780095E+03   9.5488833E-02   5.4478390E-03   7.2629570E-02
   8.0000000E-01   7.3211274E+02   2.9045777E+02   1.0225705E+03   1.2325510E-01   3.7848796E-03   8.9006462E-02
   8.5000000E-01   5.3550957E+02   1.7226182E+02   7.0777139E+02   1.0906004E-01   3.5132578E-03   8.2297287E-02
   9.0000000E-01   4.1380285E+02   2.0159626E+02   6.1539911E+02   1.9164896E-01   1.8485942E-03   1.2828793E-01
   9.5000000E-01   3.0155673E+02   1.2397332E+02   4.2553006E+02   1.7573272E-01   1.1745580E-05   1.2453639E-01
   1.0000000E+00   8.8026438E+01   8.8026438E+01   1.7605288E+02   2.0141125E-01   1.6438905E-05   1.0069957E-01
