   0.0000000E+00   3.2659104E+07   1.6612720E+07   4.8708543E+07   8.5588714E-05   1.7477453E-05   6.2930420E-05
   5.0000000E-02   7.0664795E+03   2.6738030E+03   9.7402825E+03   1.3550828E-01   7.9304963E-02   1.2007254E-01
   1.0000000E-01   3.8833806E+03   1.4642255E+03   5.3476061E+03   1.4950793E-01   1.1504321E-01   1.4003232E-01
   1.5000000E-01   2.6950237E+03   8.9126768E+02   3.5862914E+03   1.2725289E-01   1.2535211E-01   1.2676182E-01
   2.0000000E-01   1.7984509E+03   7.4802823E+02   2.5464791E+03   1.3722232E-01   8.5909489E-02   1.2214697E-01
   2.5000000E-01   1.4005635E+03   5.6022540E+02   1.9607889E+03   1.5199804E-01   1.2256828E-01   1.4358916E-01
   3.0000000E-01   9.9737098E+02   3.9258219E+02   1.3899532E+03   1.5934804E-01   9.9272639E-02   1.4238015E-01
   3.5000000E-01   8.4579484E+02   2.7283705E+02   1.1186319E+03   1.4833087E-01   6.4468213E-02   1.2787548E-01
   4.0000000E-01   8.1169021E+02   2.7852115E+02   1.0902114E+03   2.0498985E-01   1.3462255E-01   1.8701081E-01
   4.5000000E-01   6.5076688E+02   1.9098593E+02   8.4175281E+02   1.6459675E-01   9.7380307E-02   1.4934444E-01
   5.0000000E-01   6.5571837E+02   2.1645072E+02   8.7216909E+02   1.9312944E-01   1.3022051E-01   1.7751700E-01
   5.5000000E-01   4.6299620E+02   1.0417414E+02   5.6717034E+02   1.5924184E-01   1.0406446E-01   1.4907649E-01
   6.0000000E-01   3.5544604E+02   8.4882636E+01   4.4032868E+02   1.7279640E-01   1.4749448E-01   1.6791870E-01
   6.5000000E-01   3.1341281E+02   1.1752980E+02   4.3094262E+02   1.8794739E-01   2.0920554E-01   1.9374507E-01
   7.0000000E-01   3.4559359E+02   9.5492966E+01   4.4108656E+02   2.1705071E-01   1.7596832E-01   2.0814996E-01
   7.5000000E-01   1.9947420E+02   8.0638504E+01   2.8011270E+02   1.9824117E-01   6.5856935E-02   1.6011838E-01
   8.0000000E-01   1.7904931E+02   8.3556345E+01   2.6260566E+02   2.5973859E-01   1.2647006E-01   2.1733497E-01
   8.5000000E-01   1.3855842E+02   5.6172333E+01   1.9473075E+02   2.0618045E-01   1.6827986E-01   1.9524758E-01
   9.0000000E-01   9.1956189E+01   2.1220659E+01   1.1317685E+02   2.3461482E-01   1.1671878E-01   2.1250931E-01
   9.5000000E-01   7.7064499E+01   2.3454413E+01   1.0051891E+02   2.6614330E-01   5.9890833E-02   2.1801773E-01
   1.0000000E+00   4.4013219E+01   0.0000000E+00   4.4013219E+01   3.6311744E-01   0.0000000E+00   3.6311744E-01
