   0.0000000E+00   7.6501325E+06   9.9154803E+06   1.7528434E+07   1.7719457E-03   2.9567067E-04   9.4653387E-04
   5.0000000E-02   2.1982481E+05   1.2573241E+05   3.4530256E+05   1.1101818E-02   4.0320357E-03   8.5196412E-03
   1.0000000E-01   1.2083043E+05   5.7677751E+04   1.7854002E+05   8.8597465E-03   6.2601978E-03   8.0166938E-03
   1.5000000E-01   8.8150618E+04   3.4377468E+04   1.2248564E+05   9.1667865E-03   5.4555855E-03   8.0293441E-03
   2.0000000E-01   7.1540147E+04   2.3650425E+04   9.5158740E+04   7.3756868E-03   5.2621024E-03   6.8422828E-03
   2.5000000E-01   5.8110653E+04   1.7239663E+04   7.5273922E+04   6.8667694E-03   5.3340536E-03   6.3392745E-03
   3.0000000E-01   4.8871178E+04   1.2647513E+04   6.1476249E+04   6.8405559E-03   2.3435299E-03   5.8613571E-03
   3.5000000E-01   4.3690306E+04   9.8948902E+03   5.3567007E+04   6.0102947E-03   1.0231333E-03   4.7328839E-03
   4.0000000E-01   3.8268806E+04   7.9338739E+03   4.6186764E+04   6.0939662E-03   3.8223619E-03   5.6667038E-03
   4.5000000E-01   3.2559565E+04   6.0974027E+03   3.8635747E+04   6.0309615E-03   3.3350029E-03   5.4814957E-03
   5.0000000E-01   2.0002593E+04   3.7051271E+03   2.3714087E+04   6.7691375E-03   3.9884193E-03   6.2722758E-03
   5.5000000E-01   1.2610859E+04   1.5626122E+03   1.4173471E+04   9.8374665E-03   4.3838520E-03   9.2052734E-03
   6.0000000E-01   8.6633341E+03   8.9657285E+02   9.5599069E+03   7.3159740E-03   8.2274155E-04   6.7058759E-03
   6.5000000E-01   6.9783321E+03   5.9744317E+02   7.5757753E+03   1.3735704E-02   2.6266692E-03   1.2447443E-02
   7.0000000E-01   5.1293365E+03   3.9561372E+02   5.5249502E+03   1.4387683E-02   9.2740450E-03   1.3982406E-02
   7.5000000E-01   3.8069862E+03   2.8011270E+02   4.0870989E+03   8.5256685E-03   1.9130512E-02   8.4845247E-03
   8.0000000E-01   2.6101411E+03   1.7109156E+02   2.7812326E+03   2.5935913E-02   2.8899313E-02   2.6062331E-02
   8.5000000E-01   1.9997350E+03   1.7975147E+02   2.1794865E+03   1.8817597E-02   1.1611184E-02   1.6453912E-02
   9.0000000E-01   1.4748358E+03   9.9029742E+01   1.5738655E+03   3.5886246E-02   2.9657847E-02   3.5494247E-02
   9.5000000E-01   7.9409940E+02   2.6805043E+01   8.2090444E+02   3.9719735E-02   7.3955342E-02   4.0480918E-02
   1.0000000E+00   3.0809253E+02   1.2575205E+01   3.2066774E+02   6.5411283E-02   4.6523065E-05   6.2846195E-02
