   0.0000000E+00   2.4053532E+07   1.4511366E+07   3.8336224E+07   2.0452252E-03   7.9860714E-05   1.3044599E-03
   5.0000000E-02   1.2153071E+05   3.4504792E+04   1.5603551E+05   1.4690703E-01   8.7454839E-03   1.1635476E-01
   1.0000000E-01   5.5449582E+04   1.5406198E+04   7.0823950E+04   1.4374361E-01   7.2191545E-03   1.1397285E-01
   1.5000000E-01   3.3868172E+04   9.3158693E+03   4.3184041E+04   1.5251904E-01   7.4084382E-03   1.2121014E-01
   2.0000000E-01   2.3602678E+04   7.4802823E+03   3.1082960E+04   1.6288007E-01   3.9102304E-03   1.2462308E-01
   2.5000000E-01   1.7303325E+04   4.5072680E+03   2.1797861E+04   1.5652618E-01   3.9375845E-03   1.2506362E-01
   3.0000000E-01   1.4536151E+04   3.5756811E+03   1.8111833E+04   1.6356496E-01   1.9164345E-03   1.3159639E-01
   3.5000000E-01   1.0877104E+04   2.7738433E+03   1.3650947E+04   1.6185917E-01   7.2298505E-03   1.3043873E-01
   4.0000000E-01   8.8410571E+03   2.0133100E+03   1.0854367E+04   1.7633549E-01   2.1069886E-03   1.4401891E-01
   4.5000000E-01   7.0664795E+03   1.8391238E+03   8.9056033E+03   1.7643733E-01   1.9427157E-03   1.4040184E-01
   5.0000000E-01   6.1497470E+03   1.5215213E+03   7.6712683E+03   1.5289076E-01   1.7812417E-03   1.2291915E-01
   5.5000000E-01   5.4054806E+03   1.1227658E+03   6.5282464E+03   1.7230382E-01   1.2178217E-03   1.4287946E-01
   6.0000000E-01   4.3661506E+03   1.0398123E+03   5.4059629E+03   1.7738627E-01   3.0043286E-05   1.4326106E-01
   6.5000000E-01   3.7217771E+03   7.3456128E+02   4.4563384E+03   1.5799997E-01   2.3652476E-03   1.3159311E-01
   7.0000000E-01   3.0421331E+03   6.2752520E+02   3.6696583E+03   1.7342553E-01   4.6292322E-05   1.4376120E-01
   7.5000000E-01   2.4658406E+03   5.0929582E+02   2.9751364E+03   1.6910574E-01   1.7769334E-03   1.4046163E-01
   8.0000000E-01   2.0332044E+03   4.4165497E+02   2.4748594E+03   1.4841010E-01   3.7942391E-06   1.2192602E-01
   8.5000000E-01   1.5353771E+03   2.7711684E+02   1.8124939E+03   1.5189292E-01   2.0758392E-05   1.2867276E-01
   9.0000000E-01   1.2060408E+03   1.5915494E+02   1.3651957E+03   1.5170863E-01   3.2054329E-06   1.3402274E-01
   9.5000000E-01   8.0750192E+02   1.5747963E+02   9.6498155E+02   1.4594198E-01   1.4169447E-06   1.2212529E-01
   1.0000000E+00   3.5839335E+02   6.2876027E+01   4.2126938E+02   1.0490088E-01   1.4944302E-06   8.9244256E-02
