   0.0000000E+00   1.7540657E+07   8.9890712E+06   2.6377449E+07   7.5431465E-03   1.5520287E-06   5.0042937E-03
   5.0000000E-02   4.7937469E+05   2.1702368E+05   6.9608006E+05   4.0268159E-02   4.4223816E-05   2.7765878E-02
   1.0000000E-01   1.4556311E+05   7.1460569E+04   2.1692819E+05   3.4898969E-02   5.6010250E-05   2.3380590E-02
   1.5000000E-01   7.4760382E+04   3.7581787E+04   1.1225729E+05   3.0201605E-02   8.2201970E-05   2.0050894E-02
   2.0000000E-01   4.6584652E+04   2.4239298E+04   7.0776203E+04   3.3816056E-02   2.9840450E-04   2.2295701E-02
   2.5000000E-01   3.1792791E+04   1.6781297E+04   4.8548624E+04   2.7328387E-02   3.5375123E-05   1.7799187E-02
   3.0000000E-01   2.2228640E+04   1.1851738E+04   3.4059158E+04   3.9045741E-02   1.3692518E-05   2.5487306E-02
   3.5000000E-01   1.5624468E+04   8.6580289E+03   2.4264308E+04   3.9313748E-02   1.4416463E-05   2.5318388E-02
   4.0000000E-01   1.1952536E+04   6.1195076E+03   1.8064086E+04   4.5434879E-02   8.9979649E-05   3.0041332E-02
   4.5000000E-01   8.2760570E+03   4.5836624E+03   1.2859719E+04   3.0646564E-02   6.0502672E-05   1.9707796E-02
   5.0000000E-01   5.8059723E+03   3.1258031E+03   8.9317754E+03   4.8091418E-02   6.8739443E-06   3.1258768E-02
   5.5000000E-01   4.5200004E+03   2.2860437E+03   6.8060441E+03   5.1266715E-02   5.5951962E-05   3.4036048E-02
   6.0000000E-01   3.3634745E+03   1.5491081E+03   4.9125826E+03   3.5444222E-02   1.0217572E-05   2.4264286E-02
   6.5000000E-01   2.5807586E+03   1.3369015E+03   3.9176601E+03   4.7460143E-02   4.8665441E-05   3.1276026E-02
   7.0000000E-01   1.8189136E+03   9.3674052E+02   2.7556542E+03   7.0556346E-02   1.1072592E-05   4.6568792E-02
   7.5000000E-01   1.2392865E+03   6.3237564E+02   1.8716621E+03   2.9479381E-02   1.5830755E-05   1.9524482E-02
   8.0000000E-01   9.5492966E+02   4.0584510E+02   1.3607748E+03   3.2173800E-02   1.5702866E-06   2.2578084E-02
   8.5000000E-01   6.9653693E+02   2.8835131E+02   9.8488824E+02   3.2107555E-02   1.8205284E-06   2.2707295E-02
   9.0000000E-01   4.7392805E+02   1.7330205E+02   6.4723010E+02   4.0937782E-02   2.0496203E-04   2.9922665E-02
   9.5000000E-01   2.2114161E+02   1.1057080E+02   3.3171241E+02   7.6502999E-02   7.3572559E-06   5.0999685E-02
   1.0000000E+00   8.1738835E+01   3.7725616E+01   1.1946445E+02   7.6099659E-02   1.4600839E-05   5.2071258E-02
