   0.0000000E+00   3.3010008E+07   1.6840885E+07   4.9035511E+07   1.3335362E-05   1.7795277E-10   8.9772371E-06
   5.0000000E-02   2.1645072E+03   5.0929582E+02   2.6738030E+03   1.9527270E-01   2.0117771E-05   1.5807407E-01
   1.0000000E-01   1.1777466E+03   3.8197186E+02   1.5597184E+03   2.2471533E-01   1.6538126E-06   1.6968341E-01
   1.5000000E-01   8.0638504E+02   2.1220659E+02   1.0185916E+03   2.2110357E-01   5.9128389E-07   1.7504045E-01
   2.0000000E-01   4.7746483E+02   1.2732395E+02   6.0478878E+02   2.6994587E-01   1.1865133E-05   2.1311267E-01
   2.5000000E-01   2.8011270E+02   7.6394373E+01   3.5650707E+02   2.3168758E-01   7.7570319E-07   1.8204041E-01
   3.0000000E-01   3.1830989E+02   4.2441318E+01   3.6075120E+02   3.0875700E-01   1.1940094E-05   2.7243124E-01
   3.5000000E-01   1.5460766E+02   5.4567409E+01   2.0917507E+02   2.7788368E-01   3.6108463E-06   2.0539323E-01
   4.0000000E-01   1.3528170E+02   4.7746483E+01   1.8302818E+02   2.8539888E-01   2.2668286E-06   2.1094640E-01
   4.5000000E-01   9.1956189E+01   3.5367765E+01   1.2732395E+02   2.9780457E-01   8.0786565E-06   2.1507884E-01
   5.0000000E-01   4.4563384E+01   1.2732395E+01   5.7295780E+01   3.4932433E-01   2.6139339E-06   2.7169612E-01
   5.5000000E-01   5.2087072E+01   1.7362357E+01   6.9449430E+01   3.0979562E-01   1.2346982E-05   2.3234363E-01
   6.0000000E-01   6.8967142E+01   2.6525824E+01   9.5492966E+01   3.3023577E-01   5.5099542E-06   2.3850514E-01
   6.5000000E-01   4.8970752E+01   1.4691226E+01   6.3661977E+01   3.0812153E-01   7.7252876E-06   2.3701834E-01
   7.0000000E-01   4.5472841E+00   1.3641852E+01   1.8189136E+01   4.0638235E-01   5.4603198E-07   1.0159518E-01
   7.5000000E-01   2.1220659E+01   4.2441318E+00   2.5464791E+01   3.7220754E-01   6.5941807E-05   3.1018394E-01
   8.0000000E-01   1.9894368E+01   3.9788736E+00   2.3873241E+01   2.9587517E-01   4.2549621E-06   2.4656193E-01
   8.5000000E-01   1.4979289E+01   1.1234467E+01   2.6213755E+01   1.9148026E-01   4.3741865E-06   1.0941543E-01
   9.0000000E-01   7.0735530E+00   0.0000000E+00   7.0735530E+00   4.2616823E-01   0.0000000E+00   4.2616823E-01
   9.5000000E-01   3.3506304E+00   0.0000000E+00   3.3506304E+00   4.2645182E-01   0.0000000E+00   4.2645182E-01
   1.0000000E+00   0.0000000E+00   0.0000000E+00   0.0000000E+00   0.0000000E+00   0.0000000E+00   0.0000000E+00
