   0.0000000E+00   4.7293210E+06   9.2055219E+06   1.3918545E+07   7.5113229E-05   1.4275095E-05   3.4699605E-05
   5.0000000E-02   2.0766537E+05   1.4279381E+05   3.5033186E+05   3.9740681E-04   3.4256253E-05   2.4545177E-04
   1.0000000E-01   1.1561015E+05   6.2165921E+04   1.7774424E+05   4.1890759E-04   1.5060650E-04   2.9856907E-04
   1.5000000E-01   8.6389303E+04   3.6393430E+04   1.2274029E+05   6.2575921E-04   7.5148765E-04   6.1145420E-04
   2.0000000E-01   6.9105076E+04   2.5114650E+04   9.4203811E+04   5.4440133E-04   1.5158532E-04   3.6635258E-04
   2.5000000E-01   6.1599329E+04   1.8360114E+04   7.9946711E+04   1.0442782E-03   4.6253828E-04   7.6800724E-04
   3.0000000E-01   5.3380568E+04   1.4175400E+04   6.7555968E+04   7.7089431E-04   6.8578777E-04   5.9832749E-04
   3.5000000E-01   4.8264873E+04   1.0404186E+04   5.8669059E+04   7.0570254E-04   6.7744485E-04   4.9521100E-04
   4.0000000E-01   4.2104440E+04   8.2919725E+03   5.0380497E+04   9.2100981E-04   6.1275871E-04   8.6339726E-04
   4.5000000E-01   3.8699409E+04   6.3237564E+03   4.5016091E+04   2.4753129E-05   9.3510081E-05   8.9829603E-06
   5.0000000E-01   3.3772679E+04   5.4558314E+03   3.9215778E+04   5.9379736E-04   1.1648982E-03   5.8226252E-04
   5.5000000E-01   1.7211884E+04   2.1992319E+03   1.9411116E+04   1.0998345E-03   2.7901063E-04   9.4828264E-04
   6.0000000E-01   1.0689907E+04   1.0185916E+03   1.1708499E+04   2.0116221E-03   2.6059305E-03   1.7337021E-03
   6.5000000E-01   7.6835109E+03   5.9254610E+02   8.2760570E+03   3.9417244E-04   3.7949709E-03   4.3915466E-04
   7.0000000E-01   5.4612882E+03   3.5014087E+02   5.8114291E+03   3.1436729E-03   1.0748202E-02   3.5596855E-03
   7.5000000E-01   4.1677374E+03   3.2255402E+02   4.4902915E+03   1.1345603E-03   2.9878753E-03   9.7631889E-04
   8.0000000E-01   3.1751411E+03   1.5517607E+02   3.3303172E+03   5.7094087E-03   1.7657256E-02   6.2648266E-03
   8.5000000E-01   2.1120797E+03   8.6130910E+01   2.1982106E+03   4.4029298E-03   1.6427025E-02   4.7137594E-03
   9.0000000E-01   1.6021598E+03   8.1345860E+01   1.6835056E+03   2.0697445E-03   8.4465022E-03   1.6405882E-03
   9.5000000E-01   8.9461831E+02   3.6856934E+01   9.3147525E+02   3.6007319E-03   4.8291529E-05   3.4579278E-03
   1.0000000E+00   2.9551733E+02   6.2876027E+00   3.0180493E+02   2.0231130E-02   4.6467793E-05   1.9810184E-02
