   0.0000000E+00   2.1718411E+07   1.2125315E+07   3.3687372E+07   6.9350735E-04   1.1746759E-04   4.9127921E-04
   5.0000000E-02   2.1358593E+05   1.0020395E+05   3.1372622E+05   5.5649876E-03   4.6979006E-03   4.7303955E-03
   1.0000000E-01   6.3311836E+04   2.7661129E+04   9.0941134E+04   1.8938447E-03   3.9249757E-03   1.5871391E-03
   1.5000000E-01   3.5014087E+04   1.5045447E+04   5.0059535E+04   6.1300927E-03   6.2771327E-03   2.9718362E-03
   2.0000000E-01   2.5464791E+04   1.0631550E+04   3.6096341E+04   4.0045910E-03   5.6665618E-03   1.9805864E-03
   2.5000000E-01   1.8716621E+04   7.1683386E+03   2.5872228E+04   1.0890251E-03   1.6559488E-03   1.2657605E-03
   3.0000000E-01   1.4642255E+04   6.4510804E+03   2.1082725E+04   8.9446720E-03   2.4104045E-03   5.9240468E-03
   3.5000000E-01   1.2505031E+04   4.9838234E+03   1.7488855E+04   8.4083674E-03   5.4962932E-03   5.9771853E-03
   4.0000000E-01   1.0360987E+04   3.9152116E+03   1.4276198E+04   5.9030909E-03   1.6680717E-02   5.7025993E-03
   4.5000000E-01   8.8773090E+03   3.3953055E+03   1.2279688E+04   1.0346107E-02   6.3169461E-03   8.8007897E-03
   5.0000000E-01   8.0341415E+03   3.0430425E+03   1.1077184E+04   4.7282383E-03   3.7562673E-03   2.7635636E-03
   5.5000000E-01   6.5687586E+03   2.2455316E+03   8.8142901E+03   4.2793385E-03   9.7802438E-03   3.3915729E-03
   6.0000000E-01   5.5810333E+03   1.9841316E+03   7.5651650E+03   9.6829567E-03   3.6421136E-03   6.4768741E-03
   6.5000000E-01   5.1125465E+03   1.7237705E+03   6.8314199E+03   8.8464089E-03   1.1265827E-02   8.1955620E-03
   7.0000000E-01   4.3699400E+03   1.2868814E+03   5.6568214E+03   6.9644051E-03   2.4223963E-03   5.0849637E-03
   7.5000000E-01   3.6584416E+03   1.1671362E+03   4.8255779E+03   1.3209937E-02   3.1713573E-03   1.0622928E-02
   8.0000000E-01   2.7812326E+03   8.1169021E+02   3.5929228E+03   1.1479022E-02   1.0484611E-02   6.9989797E-03
   8.5000000E-01   2.3292794E+03   7.4147479E+02   3.0707542E+03   2.0283039E-02   1.2590763E-02   1.7821602E-02
   9.0000000E-01   1.7931457E+03   5.7295780E+02   2.3625667E+03   1.3666465E-02   7.5057626E-03   1.1843842E-02
   9.5000000E-01   1.0118904E+03   3.5851745E+02   1.3704078E+03   1.4032572E-02   1.3328210E-02   1.3832475E-02
   1.0000000E+00   3.8983137E+02   1.3203966E+02   5.2187102E+02   6.9266437E-02   1.2817776E-02   5.1580563E-02
