   0.0000000E+00   1.9112344E+07   9.6384234E+06   2.8572514E+07   3.4481975E-03   8.2348374E-06   2.2497149E-03
   5.0000000E-02   6.5909245E+05   3.4237411E+05   9.9981135E+05   4.1035435E-03   1.2077358E-04   2.7852045E-03
   1.0000000E-01   1.6144677E+05   8.0373246E+04   2.4182002E+05   9.4103226E-03   2.2819284E-04   6.3407062E-03
   1.5000000E-01   7.8537659E+04   4.0191928E+04   1.1866593E+05   1.2753538E-02   3.5597556E-04   8.5160124E-03
   2.0000000E-01   4.2924088E+04   2.2631833E+04   6.5508175E+04   1.0704861E-02   5.9267506E-04   7.1519245E-03
   2.5000000E-01   2.4649918E+04   1.3330818E+04   3.7980736E+04   5.6380789E-03   1.4403131E-04   3.7003626E-03
   3.0000000E-01   1.3857090E+04   7.3211274E+03   2.1167607E+04   6.3373081E-03   2.6001589E-04   4.2659975E-03
   3.5000000E-01   8.5943669E+03   4.4745275E+03   1.3059800E+04   8.9216821E-03   6.3426303E-04   6.0746874E-03
   4.0000000E-01   5.1168314E+03   2.4828171E+03   7.5916908E+03   1.8770219E-02   2.0566932E-06   1.2651879E-02
   4.5000000E-01   2.9708923E+03   1.2873867E+03   4.2582789E+03   1.1213447E-02   1.6851976E-03   8.1679942E-03
   5.0000000E-01   2.0117185E+03   8.3397190E+02   2.8456904E+03   1.0916502E-02   6.4996273E-06   7.7187359E-03
   5.5000000E-01   1.2385148E+03   3.5882205E+02   1.5973369E+03   2.2697558E-02   2.0023271E-05   1.7594375E-02
   6.0000000E-01   9.4962449E+02   2.1220659E+02   1.1618311E+03   1.0510004E-02   3.8534645E-06   8.5910723E-03
   6.5000000E-01   6.5131100E+02   1.0283858E+02   7.5414958E+02   1.4221756E-02   2.4481937E-05   1.2283604E-02
   7.0000000E-01   6.6390348E+02   5.4567409E+01   7.1847089E+02   8.3129997E-03   8.3456152E-06   7.6816642E-03
   7.5000000E-01   6.4510804E+02   2.5464791E+01   6.7057283E+02   5.2182721E-03   2.1191945E-05   5.0194499E-03
   8.0000000E-01   6.8834513E+02   7.9577472E+00   6.9630288E+02   8.6782455E-04   7.8660529E-04   8.6360536E-04
   8.5000000E-01   6.5908871E+02   3.7448222E+00   6.6283353E+02   3.4824694E-03   2.0717096E-06   3.4628036E-03
   9.0000000E-01   5.4466358E+02   0.0000000E+00   5.4466358E+02   9.5908295E-04   0.0000000E+00   9.5908295E-04
   9.5000000E-01   5.5285401E+02   0.0000000E+00   5.5285401E+02   2.7978809E-06   0.0000000E+00   2.7978809E-06
   1.0000000E+00   2.4521650E+02   6.2876027E+00   2.5150411E+02   2.8021756E-05   3.4919090E-06   2.7404990E-05
