   0.0000000E+00   8.4212063E+06   9.7835727E+06   1.8186444E+07   2.0663089E-03   3.7279655E-04   1.1411368E-03
   5.0000000E-02   2.6578875E+05   1.2178536E+05   3.8757412E+05   8.9052184E-03   5.1435143E-03   7.5906769E-03
   1.0000000E-01   9.9567332E+04   4.5518314E+04   1.4508565E+05   2.3616949E-03   8.8479183E-04   1.3440978E-03
   1.5000000E-01   6.3386109E+04   2.7056340E+04   9.0442449E+04   1.5613662E-03   1.5695704E-03   1.5616649E-03
   2.0000000E-01   4.6934793E+04   1.7729861E+04   6.4664653E+04   9.8213704E-04   1.2117210E-03   9.9854609E-04
   2.5000000E-01   3.6491045E+04   1.3228959E+04   4.9720004E+04   4.7027845E-03   1.9036915E-03   3.0278457E-03
   3.0000000E-01   3.0642632E+04   1.0525447E+04   4.1168079E+04   4.5886614E-03   2.9782578E-03   3.1588225E-03
   3.5000000E-01   2.6165073E+04   8.3488136E+03   3.4513886E+04   4.2257732E-03   2.1413834E-03   3.1389617E-03
   4.0000000E-01   2.2615917E+04   6.4457752E+03   2.9061693E+04   3.8288605E-03   1.6509261E-03   3.3430008E-03
   4.5000000E-01   1.8971269E+04   5.0222226E+03   2.3993492E+04   3.5411193E-03   7.4269881E-04   2.6450676E-03
   5.0000000E-01   1.7589804E+04   4.2844511E+03   2.1874255E+04   2.7578656E-03   2.0882467E-03   1.9844689E-03
   5.5000000E-01   1.6112268E+04   3.3277852E+03   1.9434265E+04   5.4834976E-03   2.4919335E-03   4.9421464E-03
   6.0000000E-01   1.4154180E+04   2.6366669E+03   1.6785541E+04   2.3739936E-03   2.4192918E-03   1.6741457E-03
   6.5000000E-01   1.2492439E+04   2.2330663E+03   1.4725505E+04   1.7533339E-03   2.1843337E-03   1.3390551E-03
   7.0000000E-01   1.0940766E+04   1.8916702E+03   1.2832436E+04   1.5972620E-03   5.6128664E-03   2.0246364E-03
   7.5000000E-01   9.8378975E+03   1.6000377E+03   1.1433691E+04   1.5961640E-03   2.7920631E-03   1.4152741E-03
   8.0000000E-01   8.9882754E+03   1.3607748E+03   1.0349050E+04   2.7107006E-04   2.5298386E-03   2.7417369E-04
   8.5000000E-01   7.1376311E+03   8.9875733E+02   8.0363884E+03   1.5352265E-03   1.2403522E-03   1.2819016E-03
   9.0000000E-01   5.7154308E+03   7.1442886E+02   6.4298597E+03   2.2974199E-03   3.9108985E-04   2.0575836E-03
   9.5000000E-01   3.9336401E+03   4.5568573E+02   4.3893258E+03   5.9148317E-03   2.9010976E-03   5.0050348E-03
   1.0000000E+00   1.4964494E+03   1.6976527E+02   1.6662147E+03   6.2911010E-03   6.8503553E-06   5.6508109E-03
