   0.0000000E+00   1.2612711E+07   6.5016704E+06   1.9112853E+07   3.5266221E-03   3.2868357E-05   2.3348310E-03
   5.0000000E-02   1.0336159E+06   5.0955047E+05   1.5430390E+06   3.8539682E-03   4.6866860E-04   2.7185988E-03
   1.0000000E-01   2.6381523E+05   1.3750987E+05   4.0129327E+05   1.0728853E-02   1.4935073E-03   7.5518798E-03
   1.5000000E-01   9.4538036E+04   5.0590051E+04   1.4512809E+05   1.8122179E-02   2.4493655E-03   1.2639404E-02
   2.0000000E-01   4.2446623E+04   2.2440847E+04   6.4887470E+04   2.2600026E-02   4.3566982E-03   1.6290671E-02
   2.5000000E-01   2.4497129E+04   1.1331832E+04   3.5828961E+04   2.3378274E-02   7.9040047E-03   1.8457415E-02
   3.0000000E-01   1.5491081E+04   7.7137096E+03   2.3204791E+04   3.0458210E-02   1.0100813E-02   2.3590245E-02
   3.5000000E-01   1.0558794E+04   5.3112278E+03   1.5870021E+04   4.2594223E-02   1.1007103E-02   3.2000000E-02
   4.0000000E-01   7.8463387E+03   3.4059158E+03   1.1252254E+04   4.2804372E-02   1.5165125E-02   3.4354547E-02
   4.5000000E-01   5.7437251E+03   2.8647890E+03   8.6085140E+03   4.0163765E-02   1.4786614E-02   3.1707773E-02
   5.0000000E-01   4.2908173E+03   2.2472678E+03   6.5380851E+03   6.2675867E-02   2.1862832E-02   4.8609642E-02
   5.5000000E-01   3.5766456E+03   1.7130859E+03   5.2897316E+03   6.4235618E-02   1.6975766E-02   4.8919601E-02
   6.0000000E-01   2.6897185E+03   1.3262912E+03   4.0160097E+03   3.0616802E-02   2.3630413E-02   2.8145939E-02
   6.5000000E-01   2.2183751E+03   1.0087975E+03   3.2271725E+03   5.7914323E-02   2.0054126E-02   4.5987593E-02
   7.0000000E-01   1.6506641E+03   7.9577472E+02   2.4464388E+03   5.0107591E-02   2.6870873E-02   4.2528993E-02
   7.5000000E-01   1.2817278E+03   6.3661977E+02   1.9183476E+03   7.2881453E-02   2.0636524E-02   5.5432959E-02
   8.0000000E-01   9.4697191E+02   4.7746483E+02   1.4244367E+03   7.6691618E-02   3.7432245E-02   6.3508609E-02
   8.5000000E-01   6.7032317E+02   3.7073740E+02   1.0410606E+03   6.0269549E-02   4.9368775E-02   5.6384495E-02
   9.0000000E-01   4.9161194E+02   2.3696403E+02   7.2857596E+02   8.9367080E-02   5.9283795E-02   7.9575600E-02
   9.5000000E-01   2.7475169E+02   9.3817651E+01   3.6856934E+02   9.7901298E-02   3.1810358E-02   8.1049572E-02
   1.0000000E+00   1.0688925E+02   1.8862808E+01   1.2575205E+02   1.1668378E-01   1.4013305E-05   9.9182972E-02
