   0.0000000E+00   2.1899720E+04   1.3155111E+07   1.3174974E+07   4.7721890E-05   4.0754804E-05   4.0716863E-05
   5.0000000E-02   2.9857467E+04   3.7204059E+05   4.0183440E+05   5.3892783E-04   1.3795037E-04   9.2099670E-05
   1.0000000E-01   2.6547045E+04   4.2430708E+04   6.8977752E+04   4.7562008E-05   1.9772330E-04   1.1150930E-04
   1.5000000E-01   2.6653148E+04   5.8356812E+03   3.2488829E+04   3.5119156E-05   8.9769773E-04   1.5664623E-04
   2.0000000E-01   2.8043101E+04   6.5253527E+02   2.8695636E+04   3.7435067E-05   9.3815728E-03   1.7713279E-04
   2.5000000E-01   2.7756622E+04   3.8197186E+01   2.7794819E+04   1.0384304E-04   2.9866821E-01   3.1735600E-04
   3.0000000E-01   2.9740754E+04   1.0610330E+01   2.9751364E+04   9.5106662E-05   3.9309314E-01   2.3379744E-04
   3.5000000E-01   3.2276622E+04   9.0945682E+00   3.2285717E+04   1.8193288E-04   7.5002988E-02   1.6378212E-04
   4.0000000E-01   3.3000777E+04   7.9577472E+00   3.3008735E+04   7.8760137E-05   4.9515551E-01   1.7390929E-04
   4.5000000E-01   3.7192742E+04   0.0000000E+00   3.7185668E+04   1.1974753E-04   0.0000000E+00   1.1977073E-04
   5.0000000E-01   4.3933130E+04   6.3661977E+00   4.3933130E+04   1.7950051E-04   3.2960271E-01   1.7965349E-04
   5.5000000E-01   5.3996932E+04   0.0000000E+00   5.3991144E+04   1.2170060E-04   0.0000000E+00   1.2171340E-04
   6.0000000E-01   6.8553339E+04   0.0000000E+00   6.8548034E+04   5.1791587E-05   0.0000000E+00   5.1795597E-05
   6.5000000E-01   6.4773613E+04   0.0000000E+00   6.4778510E+04   2.7206914E-05   0.0000000E+00   2.7205326E-05
   7.0000000E-01   7.4848296E+03   0.0000000E+00   7.4848296E+03   7.7206679E-04   0.0000000E+00   7.7206679E-04
   7.5000000E-01   9.4644139E+02   0.0000000E+00   9.4644139E+02   3.6669769E-03   0.0000000E+00   3.6669769E-03
   8.0000000E-01   9.1514092E+01   0.0000000E+00   9.1514092E+01   2.5612920E-05   0.0000000E+00   2.5612920E-05
   8.5000000E-01   1.4979289E+01   0.0000000E+00   1.4979289E+01   2.1834910E-01   0.0000000E+00   2.1834910E-01
   9.0000000E-01   3.5367765E+00   0.0000000E+00   3.5367765E+00   7.3306639E-01   0.0000000E+00   7.3306639E-01
   9.5000000E-01   0.0000000E+00   0.0000000E+00   0.0000000E+00   0.0000000E+00   0.0000000E+00   0.0000000E+00
   1.0000000E+00   0.0000000E+00   0.0000000E+00   0.0000000E+00   0.0000000E+00   0.0000000E+00   0.0000000E+00
