   0.0000000E+00   2.8211423E+07   1.6287280E+07   4.4154929E+07   5.0370630E-03   4.6887253E-08   3.1991408E-03
   5.0000000E-02   1.6418424E+05   4.9529018E+04   2.1371326E+05   2.4189438E-01   3.2899232E-05   1.8582664E-01
   1.0000000E-01   3.0239439E+04   9.4219726E+03   3.9661412E+04   2.7773050E-01   2.7870063E-05   2.1175941E-01
   1.5000000E-01   7.0028175E+03   1.1671362E+03   8.1699537E+03   2.1635184E-01   5.0601529E-05   1.8545166E-01
   2.0000000E-01   2.6897185E+03   1.4323945E+02   2.8329580E+03   5.9853949E-02   1.1264654E-05   5.6827057E-02
   2.5000000E-01   2.6483383E+03   1.2732395E+01   2.6610706E+03   8.4330116E-03   2.8439945E-05   8.3925270E-03
   3.0000000E-01   2.4934274E+03   0.0000000E+00   2.4934274E+03   8.4833204E-07   0.0000000E+00   8.4833204E-07
   3.5000000E-01   2.8011270E+03   0.0000000E+00   2.8011270E+03   9.4327419E-04   0.0000000E+00   9.4327419E-04
   4.0000000E-01   2.8727467E+03   0.0000000E+00   2.8727467E+03   2.1431553E-06   0.0000000E+00   2.1431553E-06
   4.5000000E-01   3.1406575E+03   0.0000000E+00   3.1406575E+03   3.1288098E-06   0.0000000E+00   3.1288098E-06
   5.0000000E-01   3.4759440E+03   0.0000000E+00   3.4759440E+03   1.6286192E-05   0.0000000E+00   1.6286192E-05
   5.5000000E-01   4.1264536E+03   0.0000000E+00   4.1264536E+03   2.2870927E-06   0.0000000E+00   2.2870927E-06
   6.0000000E-01   5.1725357E+03   0.0000000E+00   5.1725357E+03   6.6333598E-05   0.0000000E+00   6.6333598E-05
   6.5000000E-01   5.5630774E+03   0.0000000E+00   5.5630774E+03   8.4232355E-06   0.0000000E+00   8.4232355E-06
   7.0000000E-01   4.3562982E+03   0.0000000E+00   4.3562982E+03   2.1552170E-05   0.0000000E+00   2.1552170E-05
   7.5000000E-01   2.4191551E+03   0.0000000E+00   2.4191551E+03   6.0879743E-06   0.0000000E+00   6.0879743E-06
   8.0000000E-01   8.6739444E+02   0.0000000E+00   8.6739444E+02   9.8077515E-06   0.0000000E+00   9.8077515E-06
   8.5000000E-01   2.7711684E+02   0.0000000E+00   2.7711684E+02   6.4366142E-06   0.0000000E+00   6.4366142E-06
   9.0000000E-01   6.3661977E+01   0.0000000E+00   6.3661977E+01   6.5458448E-06   0.0000000E+00   6.5458448E-06
   9.5000000E-01   6.7012608E+00   0.0000000E+00   6.7012608E+00   6.9156893E-07   0.0000000E+00   6.9156893E-07
   1.0000000E+00   0.0000000E+00   0.0000000E+00   0.0000000E+00   0.0000000E+00   0.0000000E+00   0.0000000E+00
