   0.0000000E+00   2.7501974E+04   1.5469860E+07   1.5496853E+07   7.8857124E-06   2.2405136E-05   2.2371315E-05
   5.0000000E-02   2.4891833E+04   1.9143157E+05   2.1625974E+05   2.1446907E-06   7.2882419E-04   6.4495180E-04
   1.0000000E-01   2.5241974E+04   2.8647890E+02   2.5528453E+04   1.8912067E-04   1.6946852E-01   2.0474100E-03
   1.5000000E-01   2.5019157E+04   1.2732395E+02   2.5146481E+04   3.6597570E-05   2.6907088E-01   1.3728929E-03
   2.0000000E-01   2.5337467E+04   4.7746483E+01   2.5385213E+04   1.2216229E-04   2.1518767E-01   4.9523002E-04
   2.5000000E-01   2.7616566E+04   3.8197186E+01   2.7654763E+04   9.3643325E-05   3.2248487E-01   3.5326412E-04
   3.0000000E-01   2.6822913E+04   0.0000000E+00   2.6812303E+04   7.3732045E-05   0.0000000E+00   7.3761293E-05
   3.5000000E-01   2.8420526E+04   1.8189136E+01   2.8438715E+04   1.2997262E-04   3.4216727E-01   1.2913786E-04
   4.0000000E-01   3.1600214E+04   0.0000000E+00   3.1600214E+04   8.3233646E-05   0.0000000E+00   8.3233646E-05
   4.5000000E-01   3.3415464E+04   0.0000000E+00   3.3415464E+04   8.2001891E-05   0.0000000E+00   8.2001966E-05
   5.0000000E-01   3.7700623E+04   0.0000000E+00   3.7694257E+04   4.0350337E-06   0.0000000E+00   4.0357132E-06
   5.5000000E-01   4.5431502E+04   5.7874525E+00   4.5437289E+04   4.4734684E-05   5.7043746E-01   6.7239727E-05
   6.0000000E-01   6.4813198E+04   5.3051648E+00   6.4807893E+04   2.9548701E-05   7.2793249E-01   4.4957139E-05
   6.5000000E-01   9.1673247E+04   4.8970752E+00   9.1678144E+04   5.6312580E-05   4.0159256E-01   3.4947321E-05
   7.0000000E-01   5.5658757E+03   0.0000000E+00   5.5658757E+03   6.9983119E-04   0.0000000E+00   6.9983119E-04
   7.5000000E-01   1.2732395E+01   0.0000000E+00   1.2732395E+01   1.5524889E-01   0.0000000E+00   1.5524889E-01
   8.0000000E-01   3.9788736E+00   0.0000000E+00   3.9788736E+00   1.5312468E-01   0.0000000E+00   1.5312468E-01
   8.5000000E-01   3.7448222E+00   0.0000000E+00   3.7448222E+00   2.5601724E-01   0.0000000E+00   2.5601724E-01
   9.0000000E-01   0.0000000E+00   0.0000000E+00   0.0000000E+00   0.0000000E+00   0.0000000E+00   0.0000000E+00
   9.5000000E-01   0.0000000E+00   0.0000000E+00   0.0000000E+00   0.0000000E+00   0.0000000E+00   0.0000000E+00
   1.0000000E+00   0.0000000E+00   0.0000000E+00   0.0000000E+00   0.0000000E+00   0.0000000E+00   0.0000000E+00
