   0.0000000E+00   1.2181847E+07   1.0164017E+07   2.2328547E+07   7.0503299E-04   2.2423991E-04   2.6719770E-04
   5.0000000E-02   2.4643551E+05   1.1229973E+05   3.5873524E+05   5.5066473E-03   3.2454346E-03   3.0048676E-03
   1.0000000E-01   9.3678600E+04   3.9629581E+04   1.3324452E+05   2.4951330E-03   4.1564917E-03   2.8654052E-03
   1.5000000E-01   5.8526578E+04   2.5252584E+04   8.3757941E+04   3.7151847E-03   3.9504674E-03   3.3255443E-03
   2.0000000E-01   4.3465215E+04   1.6950001E+04   6.0399301E+04   6.2398099E-03   3.8710764E-03   3.6831827E-03
   2.5000000E-01   3.2734989E+04   1.2452283E+04   4.5187271E+04   1.1043734E-03   3.1153219E-03   1.3238611E-03
   3.0000000E-01   2.7109392E+04   9.0400008E+03   3.6149393E+04   3.7247336E-03   5.3519068E-03   2.0088759E-03
   3.5000000E-01   2.2108895E+04   7.4666405E+03   2.9566441E+04   8.9410892E-04   6.5617174E-03   1.0701036E-03
   4.0000000E-01   1.9536269E+04   6.0956343E+03   2.5623946E+04   4.8603942E-03   5.7387723E-03   4.3491796E-03
   4.5000000E-01   1.6849203E+04   5.1141788E+03   2.1963382E+04   5.0140825E-03   6.7008847E-03   3.7845267E-03
   5.0000000E-01   1.4464001E+04   4.0998313E+03   1.8563833E+04   2.8289958E-03   4.8857685E-03   1.2428352E-03
   5.5000000E-01   1.2587709E+04   3.3856597E+03   1.5973369E+04   5.0078041E-03   4.1012139E-03   4.5046278E-03
   6.0000000E-01   1.1337137E+04   3.0080284E+03   1.4345166E+04   3.3283208E-03   1.3541568E-03   2.6843256E-03
   6.5000000E-01   1.0127151E+04   2.4142581E+03   1.2541410E+04   8.2603936E-03   3.5310179E-03   6.5313176E-03
   7.0000000E-01   8.7444273E+03   2.1372235E+03   1.0877104E+04   5.8401328E-03   1.7533314E-03   5.0343255E-03
   7.5000000E-01   7.8643763E+03   1.6339907E+03   9.4941229E+03   1.0880029E-03   3.0944972E-03   6.0044888E-04
   8.0000000E-01   6.6447189E+03   1.2095776E+03   7.8542964E+03   3.3156445E-03   8.8452654E-03   1.6297489E-03
   8.5000000E-01   5.6397022E+03   1.0597847E+03   6.6994869E+03   1.1929178E-03   9.6881580E-04   1.1506842E-03
   9.0000000E-01   4.4103603E+03   8.2760570E+02   5.2379660E+03   7.3701174E-03   2.9894540E-03   6.6392531E-03
   9.5000000E-01   2.8446852E+03   4.6238699E+02   3.3070722E+03   3.3486238E-03   9.9672437E-03   3.6841512E-03
   1.0000000E+00   8.8655198E+02   2.0120329E+02   1.0877553E+03   1.0376958E-02   1.4451753E-05   8.4570228E-03
