   0.0000000E+00   1.0353984E+06   1.5054275E+07   1.6078469E+07   4.6214839E-02   1.8300631E-06   2.9726834E-03
   5.0000000E-02   4.3099159E+04   2.4248847E+05   2.8552397E+05   2.6551780E-02   1.2921438E-04   4.0712425E-03
   1.0000000E-01   1.6392959E+04   1.1777466E+03   1.7570706E+04   8.2994832E-04   7.5749908E-06   7.7382535E-04
   1.5000000E-01   1.6042818E+04   0.0000000E+00   1.6042818E+04   8.3356036E-06   0.0000000E+00   8.3356036E-06
   2.0000000E-01   1.5549438E+04   0.0000000E+00   1.5549438E+04   9.4780997E-06   0.0000000E+00   9.4780997E-06
   2.5000000E-01   1.6615776E+04   0.0000000E+00   1.6615776E+04   8.7665759E-06   0.0000000E+00   8.7619353E-06
   3.0000000E-01   1.6414180E+04   0.0000000E+00   1.6414180E+04   3.1789219E-06   0.0000000E+00   3.1789219E-06
   3.5000000E-01   1.6952275E+04   0.0000000E+00   1.6952275E+04   2.6159078E-05   0.0000000E+00   2.6159078E-05
   4.0000000E-01   1.7698030E+04   7.9577472E+00   1.7705987E+04   2.0175201E-04   2.9094640E-01   9.1896589E-05
   4.5000000E-01   1.8709548E+04   0.0000000E+00   1.8709548E+04   3.3769767E-06   0.0000000E+00   3.3769767E-06
   5.0000000E-01   2.0250875E+04   6.3661977E+00   2.0250875E+04   2.8585810E-05   3.5023960E-01   1.3725852E-04
   5.5000000E-01   2.0927428E+04   0.0000000E+00   2.0927428E+04   3.5540088E-06   0.0000000E+00   3.5540088E-06
   6.0000000E-01   2.3735307E+04   0.0000000E+00   2.3735307E+04   3.9163342E-05   0.0000000E+00   3.9163342E-05
   6.5000000E-01   2.6125896E+04   0.0000000E+00   2.6125896E+04   1.9421746E-05   0.0000000E+00   1.9421746E-05
   7.0000000E-01   3.2303906E+04   0.0000000E+00   3.2299359E+04   9.1494028E-06   0.0000000E+00   9.1517484E-06
   7.5000000E-01   4.6867948E+04   0.0000000E+00   4.6867948E+04   4.1177793E-06   0.0000000E+00   4.1390456E-06
   8.0000000E-01   5.7558385E+04   0.0000000E+00   5.7538491E+04   2.7622674E-06   0.0000000E+00   2.7644449E-06
   8.5000000E-01   9.7253032E+03   0.0000000E+00   9.7253032E+03   4.0138315E-06   0.0000000E+00   4.0138315E-06
   9.0000000E-01   1.5915494E+02   0.0000000E+00   1.5915494E+02   4.6824806E-03   0.0000000E+00   4.6824806E-03
   9.5000000E-01   0.0000000E+00   0.0000000E+00   0.0000000E+00   0.0000000E+00   0.0000000E+00   0.0000000E+00
   1.0000000E+00   0.0000000E+00   0.0000000E+00   0.0000000E+00   0.0000000E+00   0.0000000E+00   0.0000000E+00
