   0.0000000E+00   1.7119979E+07   1.0688591E+07   2.7643049E+07   6.6641825E-03   1.4499459E-05   4.1816008E-03
   5.0000000E-02   7.7546654E+05   4.1322989E+05   1.1862773E+06   7.0111103E-03   1.1469194E-04   4.6253392E-03
   1.0000000E-01   1.5406198E+05   8.7376064E+04   2.4118340E+05   1.1426583E-02   4.3461465E-04   7.4762923E-03
   1.5000000E-01   5.5279817E+04   3.3104228E+04   8.8299162E+04   7.8258785E-03   6.1144996E-04   5.0147555E-03
   2.0000000E-01   2.1772396E+04   1.2207184E+04   3.3947749E+04   1.8024149E-02   3.6225342E-04   1.1686259E-02
   2.5000000E-01   9.8803389E+03   4.2271553E+03   1.4107494E+04   8.3530397E-03   1.2243130E-03   5.9355458E-03
   3.0000000E-01   4.7428173E+03   1.6339907E+03   6.3768081E+03   6.4595177E-03   2.4245466E-03   5.4218382E-03
   3.5000000E-01   3.2103826E+03   4.3653927E+02   3.6469218E+03   4.1968784E-03   9.2367886E-06   3.6951275E-03
   4.0000000E-01   2.8647890E+03   8.7535219E+01   2.9523242E+03   7.0074310E-03   6.1222564E-04   6.8013010E-03
   4.5000000E-01   2.7374650E+03   4.9514871E+01   2.7869799E+03   2.0035638E-03   7.3534089E-06   1.9678441E-03
   5.0000000E-01   2.5146481E+03   1.2732395E+01   2.5273805E+03   9.0313403E-04   5.4060386E-07   8.9858694E-04
   5.5000000E-01   2.8763639E+03   0.0000000E+00   2.8763639E+03   5.8931920E-06   0.0000000E+00   5.8931920E-06
   6.0000000E-01   2.9815026E+03   0.0000000E+00   2.9815026E+03   1.7677392E-04   0.0000000E+00   1.7677392E-04
   6.5000000E-01   3.3936731E+03   4.8970752E+00   3.3985702E+03   6.5545746E-04   6.1853371E-01   5.0529665E-04
   7.0000000E-01   3.6833001E+03   0.0000000E+00   3.6787528E+03   7.2195048E-05   0.0000000E+00   7.2284764E-05
   7.5000000E-01   3.9597750E+03   4.2441318E+00   3.9640191E+03   1.0768450E-04   4.1482495E-01   4.6522191E-04
   8.0000000E-01   4.3250356E+03   0.0000000E+00   4.3250356E+03   8.8208704E-05   0.0000000E+00   8.8208704E-05
   8.5000000E-01   5.2539855E+03   0.0000000E+00   5.2539855E+03   1.4916235E-06   0.0000000E+00   1.4916235E-06
   9.0000000E-01   5.3652900E+03   0.0000000E+00   5.3652900E+03   1.3466878E-04   0.0000000E+00   1.3466878E-04
   9.5000000E-01   4.4596890E+03   0.0000000E+00   4.4596890E+03   2.4943863E-04   0.0000000E+00   2.4943863E-04
   1.0000000E+00   1.9680196E+03   0.0000000E+00   1.9680196E+03   2.0126127E-06   0.0000000E+00   2.0126127E-06
