   0.0000000E+00   1.4773144E+07   1.0447694E+07   2.5133749E+07   1.1249209E-03   2.3929834E-04   6.6900119E-04
   5.0000000E-02   2.4439833E+05   1.1331832E+05   3.5771665E+05   6.0540040E-03   2.3357713E-03   4.7060362E-03
   1.0000000E-01   8.1646486E+04   3.6892116E+04   1.1847494E+05   6.1716867E-03   4.0030237E-03   5.3249102E-03
   1.5000000E-01   5.3454840E+04   2.2090706E+04   7.5566767E+04   3.5375339E-03   1.0980971E-03   2.4980273E-03
   2.0000000E-01   3.8133524E+04   1.5008311E+04   5.3141835E+04   3.0637751E-03   3.7079250E-03   2.8371341E-03
   2.5000000E-01   3.0392228E+04   1.1841128E+04   4.2207891E+04   2.7878409E-03   1.5267868E-03   1.8422916E-03
   3.0000000E-01   2.4806950E+04   9.3052590E+03   3.4122820E+04   2.7311500E-03   6.1596844E-03   2.9638097E-03
   3.5000000E-01   2.0453684E+04   7.1574252E+03   2.7611109E+04   3.3343556E-03   2.6244569E-03   2.7030487E-03
   4.0000000E-01   1.6695354E+04   5.6102117E+03   2.2305565E+04   6.5822727E-03   9.7610540E-03   2.6976771E-03
   4.5000000E-01   1.4295651E+04   4.8100161E+03   1.9098593E+04   4.1025836E-03   1.0167902E-03   3.0544396E-03
   5.0000000E-01   1.2713297E+04   3.9597750E+03   1.6660339E+04   2.1755953E-03   1.3132924E-03   1.7672643E-03
   5.5000000E-01   1.0695212E+04   3.5419209E+03   1.4231346E+04   6.7171863E-03   8.8171978E-04   5.1888230E-03
   6.0000000E-01   9.9100478E+03   2.9708923E+03   1.2880940E+04   3.6670716E-03   2.4112973E-03   3.0866506E-03
   6.5000000E-01   8.3397190E+03   2.2869341E+03   1.0621756E+04   3.9776850E-03   4.4695532E-03   2.2944466E-03
   7.0000000E-01   7.6803628E+03   2.0781088E+03   9.7584717E+03   8.0863104E-03   3.8838437E-03   6.9761171E-03
   7.5000000E-01   6.5020099E+03   1.7316058E+03   8.2336157E+03   9.0594318E-03   3.0454548E-03   6.5729353E-03
   8.0000000E-01   5.3595427E+03   1.2493663E+03   6.6089090E+03   2.1943517E-03   4.9725599E-03   2.5465236E-03
   8.5000000E-01   4.5349797E+03   1.0073572E+03   5.5423368E+03   4.8531830E-03   4.0067573E-03   4.6475803E-03
   9.0000000E-01   3.4518939E+03   7.7809083E+02   4.2299847E+03   7.5215984E-03   7.3244425E-03   6.3235771E-03
   9.5000000E-01   2.0840921E+03   3.7862123E+02   2.4627133E+03   1.1371337E-02   4.1287622E-03   9.0338011E-03
   1.0000000E+00   8.2996356E+02   1.7605288E+02   1.0060164E+03   2.2073620E-02   2.9447002E-02   2.1062316E-02
