   0.0000000E+00   3.0791007E+07   1.6169633E+07   4.6295499E+07   6.7089247E-04   6.6356511E-09   4.4203904E-04
   5.0000000E-02   5.2075497E+04   1.1204508E+04   6.3280005E+04   1.8632437E-01   6.3025031E-06   1.5333444E-01
   1.0000000E-01   2.2027044E+04   6.0797188E+03   2.8106763E+04   2.0599083E-01   3.9234963E-06   1.6143258E-01
   1.5000000E-01   1.2520189E+04   3.2043195E+03   1.5724508E+04   2.1708155E-01   2.3413857E-05   1.7284973E-01
   2.0000000E-01   8.8171838E+03   2.3554932E+03   1.1172677E+04   2.2872339E-01   3.4707622E-06   1.8050324E-01
   2.5000000E-01   5.5640568E+03   1.4132959E+03   6.9773527E+03   2.5758232E-01   1.0912532E-05   2.0540559E-01
   3.0000000E-01   3.9788736E+03   1.1034743E+03   5.0823478E+03   2.5196532E-01   6.5993245E-07   1.9725872E-01
   3.5000000E-01   2.7829379E+03   7.1847089E+02   3.5014087E+03   2.8533644E-01   1.6903811E-05   2.2678342E-01
   4.0000000E-01   2.2440847E+03   5.0929582E+02   2.7533805E+03   2.9382467E-01   6.6374312E-06   2.3947682E-01
   4.5000000E-01   1.5491081E+03   4.3856029E+02   1.9876684E+03   2.8869197E-01   1.4771438E-05   2.2499801E-01
   5.0000000E-01   1.3114367E+03   2.8011270E+02   1.5915494E+03   2.8824702E-01   7.6494725E-06   2.3751420E-01
   5.5000000E-01   8.6233042E+02   2.7779772E+02   1.1401281E+03   3.1815331E-01   9.3520531E-06   2.4063145E-01
   6.0000000E-01   6.3661977E+02   2.0690143E+02   8.4352120E+02   3.0937583E-01   6.1636737E-06   2.3349270E-01
   6.5000000E-01   5.0439874E+02   1.5670641E+02   6.6110515E+02   3.1429410E-01   2.8458387E-04   2.3972886E-01
   7.0000000E-01   3.4559359E+02   5.4567409E+01   4.0016100E+02   3.3395961E-01   3.9410498E-06   2.8841913E-01
   7.5000000E-01   2.6738030E+02   6.7906109E+01   3.3528641E+02   3.4167655E-01   1.8194209E-05   2.7247255E-01
   8.0000000E-01   1.6711269E+02   6.3661977E+01   2.3077467E+02   3.4816238E-01   5.8186934E-06   2.5211599E-01
   8.5000000E-01   1.1983431E+02   3.7448222E+01   1.5728253E+02   3.5402453E-01   2.9600136E-06   2.6973227E-01
   9.0000000E-01   7.0735530E+01   2.4757436E+01   9.5492966E+01   3.8370941E-01   2.6068166E-06   2.8422851E-01
   9.5000000E-01   2.6805043E+01   6.7012608E+00   3.3506304E+01   4.1538139E-01   1.5755898E-05   3.3230196E-01
   1.0000000E+00   3.7725616E+01   0.0000000E+00   3.7725616E+01   3.8715805E-01   0.0000000E+00   3.8715805E-01
