   0.0000000E+00   6.0550180E+06   9.4622070E+06   1.5511623E+07   4.1540399E-05   3.7294037E-05   3.4623131E-05
   5.0000000E-02   2.1874255E+05   1.3757353E+05   3.5625242E+05   2.7872761E-04   1.3961462E-03   6.9218824E-04
   1.0000000E-01   1.3123917E+05   6.3280005E+04   1.9448734E+05   1.0408352E-03   6.6181244E-04   9.1755037E-04
   1.5000000E-01   9.6681323E+04   3.8791365E+04   1.3545147E+05   1.0703249E-03   2.2657792E-03   1.2131669E-03
   2.0000000E-01   7.8542964E+04   2.4923664E+04   1.0346663E+05   1.9989476E-04   6.4695549E-04   3.0736716E-04
   2.5000000E-01   6.7723611E+04   1.9722481E+04   8.7433360E+04   8.2926404E-04   8.6369546E-04   6.1572060E-04
   3.0000000E-01   5.7019911E+04   1.4143569E+04   7.1163480E+04   3.6387608E-04   3.8258963E-04   3.2737514E-04
   3.5000000E-01   5.1929984E+04   1.1495534E+04   6.3425518E+04   3.2682777E-04   1.6099414E-04   2.6284508E-04
   4.0000000E-01   4.6322046E+04   9.1514092E+03   5.5481413E+04   3.3573999E-04   9.8657980E-04   3.5919628E-04
   4.5000000E-01   3.4702851E+04   6.3661977E+03   4.1061975E+04   4.2560101E-04   1.4192313E-03   4.1188079E-04
   5.0000000E-01   1.5832734E+04   2.0690143E+03   1.7901748E+04   1.1027452E-03   2.2180676E-03   1.0279852E-03
   5.5000000E-01   1.0672062E+04   1.3253266E+03   1.1997389E+04   1.1651125E-03   5.0384196E-03   1.4572734E-03
   6.0000000E-01   8.3821603E+03   7.3211274E+02   9.1142731E+03   3.8755746E-03   9.5571510E-04   3.6396460E-03
   6.5000000E-01   5.9891229E+03   4.7011922E+02   6.4592422E+03   1.5059407E-03   1.4563354E-02   2.1286061E-03
   7.0000000E-01   4.3426563E+03   3.4104631E+02   4.6837026E+03   4.7813902E-03   6.2244985E-03   4.6019199E-03
   7.5000000E-01   3.3401317E+03   2.1220659E+02   3.5523383E+03   1.7454052E-03   8.8844479E-03   2.0539368E-03
   8.0000000E-01   2.3355988E+03   1.4323945E+02   2.4788382E+03   1.9413590E-03   5.3588045E-03   2.0924396E-03
   8.5000000E-01   1.9173490E+03   5.9917155E+01   1.9772661E+03   1.1365959E-02   1.0889065E-04   1.1024817E-02
   9.0000000E-01   1.3086073E+03   4.2441318E+01   1.3510486E+03   1.0282932E-02   1.3030093E-02   1.0033050E-02
   9.5000000E-01   7.4048931E+02   5.3610086E+01   7.9409940E+02   8.4898677E-03   1.5567674E-02   8.2888033E-03
   1.0000000E+00   2.5150411E+02   0.0000000E+00   2.5150411E+02   3.5871801E-02   0.0000000E+00   3.5871801E-02
