   0.0000000E+00   1.6273529E+07   1.0701833E+07   2.6856187E+07   2.2601312E-03   9.0989574E-04   1.7249493E-03
   5.0000000E-02   2.1218537E+05   9.4856346E+04   3.0697805E+05   3.1608091E-02   2.1335740E-02   2.8463833E-02
   1.0000000E-01   8.2410430E+04   3.5077749E+04   1.1739269E+05   2.8688232E-02   1.3917767E-02   2.4066445E-02
   1.5000000E-01   5.0483948E+04   2.0159626E+04   7.0643574E+04   2.9457707E-02   1.1812278E-02   2.3867706E-02
   2.0000000E-01   3.6255496E+04   1.4721832E+04   5.0961413E+04   3.0269811E-02   1.4798475E-02   2.5867966E-02
   2.5000000E-01   2.8533298E+04   1.1433691E+04   3.9928792E+04   3.0460134E-02   1.4170765E-02   2.5654969E-02
   3.0000000E-01   2.3321504E+04   8.3821603E+03   3.1671834E+04   3.3438336E-02   1.7949943E-02   2.9425360E-02
   3.5000000E-01   1.8652959E+04   6.7390750E+03   2.5373845E+04   2.3785471E-02   1.2750594E-02   2.0734175E-02
   4.0000000E-01   1.6018945E+04   5.5863385E+03   2.1605284E+04   3.0613726E-02   9.5814299E-03   2.4952683E-02
   4.5000000E-01   1.3581222E+04   4.6614714E+03   1.8228546E+04   3.0210379E-02   1.7031577E-02   2.6618872E-02
   5.0000000E-01   1.1650142E+04   4.0425356E+03   1.5686311E+04   2.7454862E-02   1.4604711E-02   2.2977775E-02
   5.5000000E-01   1.0104892E+04   3.3509350E+03   1.3450040E+04   3.2603796E-02   2.3207474E-02   3.0275370E-02
   6.0000000E-01   8.6261979E+03   2.6313617E+03   1.1246949E+04   1.9783279E-02   9.3008601E-03   1.7320491E-02
   6.5000000E-01   7.8304232E+03   2.2428604E+03   1.0073284E+04   2.1393483E-02   8.3332477E-03   1.8175936E-02
   7.0000000E-01   6.7618114E+03   2.0690143E+03   8.8262784E+03   2.4572187E-02   1.2726679E-02   2.1761998E-02
   7.5000000E-01   5.7635310E+03   1.6934086E+03   7.4569396E+03   3.1867934E-02   1.3283528E-02   2.7401418E-02
   8.0000000E-01   4.9735920E+03   1.1538733E+03   6.1274653E+03   2.8648664E-02   1.6231910E-02   2.5777901E-02
   8.5000000E-01   3.9208288E+03   1.0859984E+03   5.0068273E+03   2.8621623E-02   2.0890876E-02   2.6917019E-02
   9.0000000E-01   3.0840691E+03   7.9223794E+02   3.8763071E+03   2.8846268E-02   2.1720052E-02   2.7305324E-02
   9.5000000E-01   1.9735213E+03   4.8584141E+02   2.4593627E+03   2.3180007E-02   3.4040537E-03   1.8013916E-02
   1.0000000E+00   7.2936191E+02   2.2006609E+02   9.4942801E+02   3.0517401E-02   3.4541101E-02   3.1401795E-02
