   0.0000000E+00   7.9857584E+05   9.4194262E+06   1.0210363E+07   1.0463948E-03   4.3425218E-07   8.2221050E-05
   5.0000000E-02   8.6325641E+04   1.7583438E+05   2.6209636E+05   2.9183508E-03   2.1579731E-04   9.6649822E-04
   1.0000000E-01   6.2452400E+04   6.3343667E+04   1.2579607E+05   3.3890594E-04   3.8105709E-04   2.0926217E-04
   1.5000000E-01   5.3836812E+04   3.7857656E+04   9.1673247E+04   3.8183669E-03   7.2483265E-04   2.5236106E-03
   2.0000000E-01   4.7332680E+04   2.3889157E+04   7.1174091E+04   3.5404065E-03   2.3640954E-04   2.3913602E-03
   2.5000000E-01   4.2271553E+04   1.6157410E+04   5.8428963E+04   1.9776173E-03   8.9733022E-04   1.4939332E-03
   3.0000000E-01   3.5937186E+04   1.1819907E+04   4.7725262E+04   1.6076328E-03   4.9784865E-04   1.3335643E-03
   3.5000000E-01   3.3849983E+04   8.6671235E+03   4.2498917E+04   1.7328218E-03   2.3824339E-05   1.3759463E-03
   4.0000000E-01   3.1679791E+04   6.3423245E+03   3.8022116E+04   3.2719540E-04   6.9455673E-05   2.6151671E-04
   4.5000000E-01   2.8895464E+04   4.4634120E+03   3.3351803E+04   4.0984140E-03   6.8629966E-04   3.5793686E-03
   5.0000000E-01   2.6591608E+04   3.2849580E+03   2.9863834E+04   1.9032601E-03   2.7529814E-04   1.7061833E-03
   5.5000000E-01   2.4932345E+04   2.2455316E+03   2.7177877E+04   1.1806048E-03   7.6413729E-04   1.1172045E-03
   6.0000000E-01   2.3448828E+04   1.8833335E+03   2.5321551E+04   2.3416700E-03   1.1328876E-03   2.1001446E-03
   6.5000000E-01   2.2144574E+04   1.2340629E+03   2.3373740E+04   4.6699860E-04   4.2208299E-04   4.5746107E-04
   7.0000000E-01   2.0640122E+04   9.7311879E+02   2.1608694E+04   1.0277425E-03   3.5398571E-05   9.8324335E-04
   7.5000000E-01   1.8899119E+04   5.9417845E+02   1.9493297E+04   3.5906837E-04   5.1971294E-04   3.3252834E-04
   8.0000000E-01   1.7511023E+04   4.7348596E+02   1.7988487E+04   1.0490615E-03   6.8862138E-06   1.0213466E-03
   8.5000000E-01   1.5630888E+04   3.9320633E+02   1.6020349E+04   9.7137409E-04   3.5999171E-06   9.4782306E-04
   9.0000000E-01   5.9983730E+03   9.1956189E+01   6.0903292E+03   3.4535561E-03   3.4677896E-06   3.4014606E-03
   9.5000000E-01   2.6235436E+03   1.6753152E+01   2.6402967E+03   1.5577690E-03   2.2183114E-06   1.5478968E-03
   1.0000000E+00   8.3625116E+02   6.2876027E+00   8.4253876E+02   4.0576062E-03   3.2388231E-06   4.0273360E-03
