   0.0000000E+00   1.1412810E+07   9.3109461E+06   2.0692689E+07   2.1443339E-05   4.1314953E-06   1.1034317E-05
   5.0000000E-02   1.4069297E+05   8.1550993E+04   2.2224396E+05   1.1909557E-03   5.0397355E-04   8.2170843E-04
   1.0000000E-01   7.3752401E+04   3.8738313E+04   1.1249071E+05   2.2176550E-04   1.3752931E-03   6.0272399E-04
   1.5000000E-01   5.3115310E+04   2.4637185E+04   7.7752495E+04   1.7600763E-03   6.2901883E-04   1.3586243E-03
   2.0000000E-01   4.2860426E+04   1.8270987E+04   6.1099583E+04   7.5908921E-04   1.4203028E-03   8.8558676E-04
   2.5000000E-01   3.5077749E+04   1.3700058E+04   4.8765075E+04   1.7854357E-03   1.4307949E-03   9.2461096E-04
   3.0000000E-01   3.0844228E+04   1.1586480E+04   4.2430708E+04   1.8904193E-03   1.5219599E-03   1.6810118E-03
   3.5000000E-01   2.7656582E+04   9.3219324E+03   3.6978514E+04   5.3101176E-04   2.2708490E-03   9.2406922E-04
   4.0000000E-01   2.4263171E+04   7.8463387E+03   3.2109510E+04   1.8816447E-03   5.8149752E-04   1.5250226E-03
   4.5000000E-01   2.2225104E+04   6.7481696E+03   2.8973273E+04   1.5313806E-03   2.2556176E-03   1.0054798E-03
   5.0000000E-01   1.9767044E+04   6.1242822E+03   2.5878594E+04   8.4685194E-04   8.6217445E-04   5.6714735E-04
   5.5000000E-01   1.8421461E+04   5.3591810E+03   2.3757492E+04   1.7661306E-03   8.2527973E-04   1.1892899E-03
   6.0000000E-01   1.7252396E+04   4.8595309E+03   2.2111927E+04   1.2492202E-03   2.1911068E-03   1.3834024E-03
   6.5000000E-01   1.4980153E+04   4.3681911E+03   1.9338550E+04   4.2305534E-03   1.0067374E-03   3.0723502E-03
   7.0000000E-01   8.5170631E+03   1.9689740E+03   1.0486037E+04   6.5950997E-03   1.0495072E-02   5.7385402E-03
   7.5000000E-01   6.0945733E+03   1.3411457E+03   7.4357189E+03   2.3064653E-03   9.3073005E-03   2.6630312E-03
   8.0000000E-01   4.8422891E+03   1.0185916E+03   5.8608808E+03   1.9724464E-03   9.8551336E-03   3.0405566E-03
   8.5000000E-01   3.7897601E+03   7.9390230E+02   4.5836624E+03   6.4500806E-03   1.3177066E-02   7.1561419E-03
   9.0000000E-01   2.6136778E+03   4.5978095E+02   3.0734588E+03   5.2857215E-03   2.2854017E-02   5.6988530E-03
   9.5000000E-01   1.8026391E+03   3.8197186E+02   2.1846110E+03   7.8998256E-03   2.3561389E-02   7.2245107E-03
   1.0000000E+00   6.0360986E+02   7.5451232E+01   6.7906109E+02   1.3617468E-02   3.7437579E-02   1.2179606E-02
