   0.0000000E+00   3.0401395E+07   1.5975591E+07   4.5853940E+07   2.2351766E-04   1.6996402E-04   2.0690520E-04
   5.0000000E-02   3.2531270E+04   1.4196621E+04   4.6727891E+04   1.2728514E-01   8.3114713E-02   1.1385573E-01
   1.0000000E-01   1.4228452E+04   5.3794371E+03   1.9607889E+04   1.2734703E-01   8.2893797E-02   1.1513989E-01
   1.5000000E-01   9.9100478E+03   3.3740848E+03   1.3284133E+04   1.3829328E-01   9.9190085E-02   1.2836127E-01
   2.0000000E-01   6.6845076E+03   1.9576058E+03   8.6421134E+03   1.3066689E-01   1.1252802E-01   1.2650287E-01
   2.5000000E-01   5.1566202E+03   1.7316058E+03   6.8882259E+03   1.3205649E-01   7.0974601E-02   1.1670105E-01
   3.0000000E-01   4.2335215E+03   1.4748358E+03   5.7083573E+03   1.4263654E-01   8.4781070E-02   1.2768864E-01
   3.5000000E-01   3.8106241E+03   1.0276862E+03   4.8383103E+03   1.4718049E-01   1.0610383E-01   1.3840791E-01
   4.0000000E-01   2.9204932E+03   9.2309867E+02   3.8435919E+03   1.5492128E-01   1.0819794E-01   1.4366512E-01
   4.5000000E-01   2.0371833E+03   5.5881069E+02   2.5959940E+03   1.4542910E-01   1.2698216E-01   1.4143427E-01
   5.0000000E-01   2.1645072E+03   6.1752118E+02   2.7820284E+03   1.6194598E-01   9.1557760E-02   1.4631612E-01
   5.5000000E-01   1.7998977E+03   6.0768251E+02   2.4075802E+03   1.4968141E-01   1.1006351E-01   1.3962886E-01
   6.0000000E-01   1.6976527E+03   4.9868549E+02   2.1963382E+03   1.6068998E-01   1.1595238E-01   1.5050755E-01
   6.5000000E-01   1.4642255E+03   3.8197186E+02   1.8461973E+03   1.6074311E-01   7.1119237E-02   1.4220008E-01
   7.0000000E-01   1.0595172E+03   2.7283705E+02   1.3323542E+03   1.6280518E-01   1.0433272E-01   1.5083125E-01
   7.5000000E-01   8.4033810E+02   1.7400940E+02   1.0143475E+03   1.5530944E-01   8.1692901E-02   1.4267647E-01
   8.0000000E-01   7.0426062E+02   1.7507044E+02   8.7933106E+02   1.8968726E-01   1.1066434E-01   1.7394529E-01
   8.5000000E-01   5.8793708E+02   1.3106878E+02   7.1900586E+02   1.8128810E-01   1.1839515E-01   1.6982243E-01
   9.0000000E-01   4.6331772E+02   9.1956189E+01   5.5527391E+02   1.9090390E-01   6.1297821E-02   1.6943755E-01
   9.5000000E-01   3.3506304E+02   5.3610086E+01   3.8867312E+02   1.7175028E-01   9.1367318E-02   1.6065896E-01
   1.0000000E+00   1.3203966E+02   4.4013219E+01   1.7605288E+02   1.4076555E-01   1.2198455E-01   1.3607030E-01
