   0.0000000E+00   2.0805243E+07   1.0689610E+07   3.1242752E+07   2.1576503E-02   2.6562225E-06   1.4311516E-02
   5.0000000E-02   1.0188463E+06   4.6988905E+05   1.4835151E+06   6.0904818E-02   1.5152841E-05   4.1630126E-02
   1.0000000E-01   1.8229607E+05   9.6543388E+04   2.7864847E+05   5.9832177E-02   4.7317294E-05   3.9166422E-02
   1.5000000E-01   4.6303478E+04   2.6822913E+04   7.3126391E+04   7.5521252E-02   3.1517220E-05   4.7823246E-02
   2.0000000E-01   1.2589156E+04   7.8622542E+03   2.0451410E+04   7.1326010E-02   7.7474190E-06   4.3908698E-02
   2.5000000E-01   2.9793805E+03   1.7952678E+03   4.7746483E+03   3.7350295E-02   3.3983985E-06   2.3307731E-02
   3.0000000E-01   6.3661977E+02   3.3953055E+02   9.7615032E+02   9.8806313E-02   3.3842225E-06   6.4438905E-02
   3.5000000E-01   1.0004025E+02   1.0004025E+02   2.0008050E+02   4.1179278E-02   1.1000009E-06   2.0590178E-02
   4.0000000E-01   7.1619724E+01   0.0000000E+00   7.1619724E+01   3.7314626E-02   0.0000000E+00   3.7314626E-02
   4.5000000E-01   3.5367765E+01   0.0000000E+00   3.5367765E+01   1.5746822E-02   0.0000000E+00   1.5746822E-02
   5.0000000E-01   2.5464791E+01   6.3661977E+00   3.1830989E+01   7.8108042E-07   3.8509845E-01   7.7019768E-02
   5.5000000E-01   4.6299620E+01   0.0000000E+00   4.6299620E+01   1.1290611E-05   0.0000000E+00   1.1290611E-05
   6.0000000E-01   4.2441318E+01   0.0000000E+00   4.2441318E+01   1.3281262E-06   0.0000000E+00   1.3281262E-06
   6.5000000E-01   4.4073677E+01   0.0000000E+00   4.4073677E+01   3.5471805E-06   0.0000000E+00   3.5471805E-06
   7.0000000E-01   3.1830989E+01   0.0000000E+00   3.1830989E+01   3.4673647E-04   0.0000000E+00   3.4673647E-04
   7.5000000E-01   3.8197186E+01   0.0000000E+00   3.8197186E+01   1.9715178E-06   0.0000000E+00   1.9715178E-06
   8.0000000E-01   3.5809862E+01   0.0000000E+00   3.5809862E+01   8.6564375E-06   0.0000000E+00   8.6564375E-06
   8.5000000E-01   8.6130910E+01   0.0000000E+00   8.6130910E+01   7.4292166E-05   0.0000000E+00   7.4292166E-05
   9.0000000E-01   9.1956189E+01   0.0000000E+00   9.1956189E+01   8.7445743E-06   0.0000000E+00   8.7445743E-06
   9.5000000E-01   1.0051891E+02   0.0000000E+00   1.0051891E+02   1.3102320E-05   0.0000000E+00   1.3102320E-05
   1.0000000E+00   8.1738835E+01   0.0000000E+00   8.1738835E+01   1.5665912E-05   0.0000000E+00   1.5665912E-05
