   0.0000000E+00   3.1336972E+06   1.0821518E+07   1.3933824E+07   9.2472861E-03   6.0325750E-05   2.1163466E-03
   5.0000000E-02   1.9295945E+05   2.3383044E+05   4.2640792E+05   3.1676981E-02   5.3718292E-04   1.4643789E-02
   1.0000000E-01   1.1818846E+05   8.6516627E+04   2.0460959E+05   1.8665791E-02   6.2911345E-05   1.0806905E-02
   1.5000000E-01   9.7742356E+04   4.3608454E+04   1.4135081E+05   1.1998122E-02   1.4120528E-04   8.2531911E-03
   2.0000000E-01   8.6198317E+04   2.2934227E+04   1.0908480E+05   8.8700247E-03   5.4766565E-06   7.0102044E-03
   2.5000000E-01   7.7094654E+04   1.2095776E+04   8.9139501E+04   5.0144260E-03   7.3560391E-06   4.3368857E-03
   3.0000000E-01   7.0622353E+04   6.3980287E+03   7.7020382E+04   1.9962539E-03   1.2982935E-05   1.8314650E-03
   3.5000000E-01   6.4507772E+04   2.9193564E+03   6.7399845E+04   2.2379895E-03   1.2617706E-03   2.1961639E-03
   4.0000000E-01   5.8481484E+04   1.7347889E+03   6.0208315E+04   1.2014884E-03   2.8413049E-04   1.1752141E-03
   4.5000000E-01   5.0773964E+04   8.2053215E+02   5.1594496E+04   4.8612113E-04   1.0501201E-05   4.7822337E-04
   5.0000000E-01   2.8240453E+04   2.7374650E+02   2.8514200E+04   3.9051165E-04   1.3764075E-05   3.8663850E-04
   5.5000000E-01   1.1094546E+04   4.0512167E+01   1.1135059E+04   9.1198418E-04   7.4243050E-06   9.0869273E-04
   6.0000000E-01   6.5147423E+03   3.1830989E+01   6.5465733E+03   9.6134693E-04   1.3220652E-05   9.5673145E-04
   6.5000000E-01   3.5161000E+03   0.0000000E+00   3.5161000E+03   7.2686866E-05   0.0000000E+00   7.2686866E-05
   7.0000000E-01   1.8825756E+03   0.0000000E+00   1.8825756E+03   4.0235405E-04   0.0000000E+00   4.0235405E-04
   7.5000000E-01   9.6766205E+02   0.0000000E+00   9.6766205E+02   1.9974433E-03   0.0000000E+00   1.9974433E-03
   8.0000000E-01   6.4059865E+02   0.0000000E+00   6.4059865E+02   1.1745172E-05   0.0000000E+00   1.1745172E-05
   8.5000000E-01   3.3328917E+02   0.0000000E+00   3.3328917E+02   7.0590122E-06   0.0000000E+00   7.0590122E-06
   9.0000000E-01   8.8419413E+01   0.0000000E+00   8.8419413E+01   1.2575035E-05   0.0000000E+00   1.2575035E-05
   9.5000000E-01   8.0415129E+01   0.0000000E+00   8.0415129E+01   1.2738843E-05   0.0000000E+00   1.2738843E-05
   1.0000000E+00   1.2575205E+01   0.0000000E+00   1.2575205E+01   1.2638199E-05   0.0000000E+00   1.2638199E-05
