   0.0000000E+00   3.3479070E+07   1.6721200E+07   4.9636480E+07   9.5346465E-06   2.4004278E-06   7.2396176E-06
   5.0000000E-02   8.2760570E+02   3.8197186E+02   1.2095776E+03   1.5579923E-01   1.0581066E-01   1.4001337E-01
   1.0000000E-01   4.1380285E+02   1.2732395E+02   5.4112681E+02   1.6437479E-01   6.4641162E-03   1.2721934E-01
   1.5000000E-01   2.1220659E+02   4.2441318E+01   2.5464791E+02   1.4615468E-01   1.7525246E-01   1.5100431E-01
   2.0000000E-01   1.9098593E+02   4.7746483E+01   2.3873241E+02   1.9235220E-01   5.0959256E-02   1.6407361E-01
   2.5000000E-01   1.5278875E+02   7.6394373E+01   2.2918312E+02   1.9890884E-01   2.1470556E-06   1.3260661E-01
   3.0000000E-01   1.4854461E+02   1.0610330E+01   1.5915494E+02   1.4999724E-01   6.7001330E-07   1.3999738E-01
   3.5000000E-01   7.2756545E+01   3.6378273E+01   1.0913482E+02   1.1304266E-01   1.4351192E-01   1.2319908E-01
   4.0000000E-01   1.5119720E+02   3.1830989E+01   1.8302818E+02   1.6805126E-01   6.1680573E-02   1.4955201E-01
   4.5000000E-01   4.2441318E+01   2.1220659E+01   6.3661977E+01   1.8634804E-01   9.9748252E-02   1.5748144E-01
   5.0000000E-01   7.0028175E+01   1.9098593E+01   8.9126768E+01   1.1945927E-01   6.4988106E-06   9.3859460E-02
   5.5000000E-01   5.7874525E+01   0.0000000E+00   5.7874525E+01   2.9485199E-01   0.0000000E+00   2.9485199E-01
   6.0000000E-01   5.3051648E+01   1.5915494E+01   6.8967142E+01   1.4889857E-01   2.1421730E-01   1.6397212E-01
   6.5000000E-01   3.9176601E+01   4.8970752E+00   4.4073677E+01   2.0636899E-01   1.3956100E-03   1.8359417E-01
   7.0000000E-01   3.1830989E+01   4.5472841E+00   3.6378273E+01   1.7565019E-01   1.9783181E-01   1.7842289E-01
   7.5000000E-01   2.1220659E+01   4.2441318E+00   2.5464791E+01   1.2992616E-01   1.6511022E-04   1.0829932E-01
   8.0000000E-01   1.1936621E+01   0.0000000E+00   1.1936621E+01   2.2766746E-01   0.0000000E+00   2.2766746E-01
   8.5000000E-01   2.9958578E+01   0.0000000E+00   2.9958578E+01   1.7170015E-01   0.0000000E+00   1.7170015E-01
   9.0000000E-01   1.4147106E+01   0.0000000E+00   1.4147106E+01   1.0409197E-01   0.0000000E+00   1.0409197E-01
   9.5000000E-01   1.0051891E+01   0.0000000E+00   1.0051891E+01   2.7260297E-01   0.0000000E+00   2.7260297E-01
   1.0000000E+00   1.2575205E+01   6.2876027E+00   1.8862808E+01   7.2621241E-06   2.2502050E-05   2.6592674E-06
