   0.0000000E+00   2.5490256E+07   1.4865326E+07   4.0034726E+07   1.1185740E-03   4.8975605E-04   8.8420358E-04
   5.0000000E-02   8.7280571E+04   3.2722256E+04   1.1987550E+05   1.3171916E-01   6.4039869E-02   1.1312629E-01
   1.0000000E-01   4.0711834E+04   1.2891550E+04   5.3603385E+04   1.2369537E-01   5.6734611E-02   1.0758606E-01
   1.5000000E-01   2.5422350E+04   8.5731463E+03   3.3995496E+04   1.2643559E-01   5.0869638E-02   1.0735340E-01
   2.0000000E-01   1.8430142E+04   5.4271836E+03   2.3841410E+04   1.3313193E-01   6.5803360E-02   1.1788243E-01
   2.5000000E-01   1.4362142E+04   3.8324510E+03   1.8194593E+04   1.2962861E-01   7.0411241E-02   1.1705681E-01
   3.0000000E-01   1.1066574E+04   2.7056340E+03   1.3772208E+04   1.3919752E-01   8.0024416E-02   1.2757202E-01
   3.5000000E-01   9.2673650E+03   2.1372235E+03   1.1404588E+04   1.2146882E-01   5.9538499E-02   1.0984037E-01
   4.0000000E-01   7.7667612E+03   1.7825354E+03   9.5413388E+03   1.4033522E-01   3.5172946E-02   1.2068022E-01
   4.5000000E-01   6.4793746E+03   1.5208139E+03   7.9931149E+03   1.3391115E-01   4.8060129E-02   1.1769384E-01
   5.0000000E-01   5.7359441E+03   1.1077184E+03   6.8436626E+03   1.3201210E-01   4.1630193E-02   1.1735462E-01
   5.5000000E-01   4.7283487E+03   8.8548023E+02   5.6138289E+03   1.3026659E-01   5.4773712E-02   1.1833740E-01
   6.0000000E-01   3.9099064E+03   9.0718318E+02   4.8170896E+03   1.3388098E-01   6.4769411E-02   1.2085946E-01
   6.5000000E-01   3.3740848E+03   5.6316364E+02   3.9372484E+03   1.2109203E-01   3.6158091E-02   1.0888563E-01
   7.0000000E-01   2.9148091E+03   4.9110668E+02   3.4013685E+03   1.2502709E-01   3.3221546E-02   1.1173477E-01
   7.5000000E-01   2.4276434E+03   4.2016905E+02   2.8478124E+03   1.3328567E-01   3.2212041E-02   1.1831935E-01
   8.0000000E-01   2.1366551E+03   3.4218313E+02   2.4788382E+03   1.2903337E-01   3.6623558E-02   1.1617139E-01
   8.5000000E-01   1.6065287E+03   2.6213755E+02   1.8686663E+03   1.2352796E-01   6.1908603E-02   1.1488294E-01
   9.0000000E-01   1.4041003E+03   2.5111113E+02   1.6552114E+03   1.1185167E-01   3.5452715E-02   1.0026045E-01
   9.5000000E-01   9.4487777E+02   7.7064499E+01   1.0219423E+03   1.2448577E-01   3.1820525E-02   1.1730957E-01
   1.0000000E+00   3.6468096E+02   4.4013219E+01   4.0869417E+02   1.0243168E-01   5.9230388E-02   9.7779232E-02
