   0.0000000E+00   3.1693988E+07   1.6423772E+07   4.7713379E+07   2.1888470E-03   2.1699059E-09   1.4480582E-03
   5.0000000E-02   1.0809804E+05   2.8647890E+04   1.3661860E+05   2.2079297E-01   2.8057141E-06   1.7459708E-01
   1.0000000E-01   2.9380002E+04   9.0718318E+03   3.8420003E+04   2.6705253E-01   4.9233951E-07   2.0390759E-01
   1.5000000E-01   1.0843757E+04   3.0345542E+03   1.3878311E+04   2.8983311E-01   3.7772064E-05   2.2646808E-01
   2.0000000E-01   4.2494370E+03   9.8676065E+02   5.2361976E+03   3.1824197E-01   6.4355003E-06   2.5826811E-01
   2.5000000E-01   1.5533522E+03   4.7109863E+02   2.0244509E+03   3.1996772E-01   1.1417384E-06   2.4551009E-01
   3.0000000E-01   5.9417845E+02   1.4854461E+02   7.4272307E+02   3.0628780E-01   1.1865612E-05   2.4503258E-01
   3.5000000E-01   1.0004025E+02   4.5472841E+01   1.4551309E+02   3.3772003E-01   1.1497677E-06   2.3218288E-01
   4.0000000E-01   3.9788736E+01   0.0000000E+00   3.9788736E+01   1.6276660E-01   0.0000000E+00   1.6276660E-01
   4.5000000E-01   3.5367765E+01   0.0000000E+00   3.5367765E+01   4.0633056E-05   0.0000000E+00   4.0633056E-05
   5.0000000E-01   3.8197186E+01   0.0000000E+00   3.8197186E+01   3.4144274E-06   0.0000000E+00   3.4144274E-06
   5.5000000E-01   1.7362357E+01   0.0000000E+00   1.7362357E+01   1.0052404E-06   0.0000000E+00   1.0052404E-06
   6.0000000E-01   4.2441318E+01   0.0000000E+00   4.2441318E+01   3.0942082E-06   0.0000000E+00   3.0942082E-06
   6.5000000E-01   3.4279526E+01   0.0000000E+00   3.4279526E+01   2.4662382E-07   0.0000000E+00   2.4662382E-07
   7.0000000E-01   1.8189136E+01   0.0000000E+00   1.8189136E+01   2.6215042E-05   0.0000000E+00   2.6215042E-05
   7.5000000E-01   5.0929582E+01   0.0000000E+00   5.0929582E+01   3.6453489E-04   0.0000000E+00   3.6453489E-04
   8.0000000E-01   3.9788736E+01   0.0000000E+00   3.9788736E+01   3.2149333E-05   0.0000000E+00   3.2149333E-05
   8.5000000E-01   6.3661977E+01   0.0000000E+00   6.3661977E+01   1.4332223E-06   0.0000000E+00   1.4332223E-06
   9.0000000E-01   5.6588424E+01   0.0000000E+00   5.6588424E+01   9.9677633E-07   0.0000000E+00   9.9677633E-07
   9.5000000E-01   5.3610086E+01   0.0000000E+00   5.3610086E+01   1.5146562E-05   0.0000000E+00   1.5146562E-05
   1.0000000E+00   5.6588424E+01   0.0000000E+00   5.6588424E+01   2.8714560E-06   0.0000000E+00   2.8714560E-06
