   0.0000000E+00   8.6106644E+06   8.9804132E+06   1.7545750E+07   7.2506150E-05   2.6563802E-05   3.7753566E-05
   5.0000000E-02   1.8716621E+05   1.1089916E+05   2.9793805E+05   5.1854747E-04   1.6110352E-04   3.1036288E-04
   1.0000000E-01   1.0189099E+05   4.9815497E+04   1.5167466E+05   8.6521218E-04   4.8448775E-04   5.8124535E-04
   1.5000000E-01   7.3614466E+04   3.1597561E+04   1.0519081E+05   5.2877829E-04   5.9514862E-04   5.2176068E-04
   2.0000000E-01   5.7661836E+04   2.1692819E+04   7.9354655E+04   8.7702207E-04   8.1078724E-04   4.7444602E-04
   2.5000000E-01   4.8905131E+04   1.7659832E+04   6.6488569E+04   3.6133158E-04   1.6665054E-03   6.2562763E-04
   3.0000000E-01   4.2430708E+04   1.3485729E+04   5.5916437E+04   8.3996706E-04   1.4929078E-03   7.4571079E-04
   3.5000000E-01   3.8115335E+04   1.0667928E+04   4.8783264E+04   7.1158153E-04   6.0754461E-04   6.4927446E-04
   4.0000000E-01   3.3971623E+04   9.4060571E+03   4.3385637E+04   1.1220172E-03   1.0470795E-03   6.9752848E-04
   4.5000000E-01   3.0161630E+04   8.1770273E+03   3.8324510E+04   1.9783459E-03   2.8284493E-03   2.0851793E-03
   5.0000000E-01   2.6897185E+04   6.7672682E+03   3.3670820E+04   1.9359110E-03   1.5097283E-03   1.5822258E-03
   5.5000000E-01   1.6853062E+04   3.8718057E+03   2.0724867E+04   7.3091063E-04   2.8224698E-03   5.3971800E-04
   6.0000000E-01   1.0711128E+04   1.9947420E+03   1.2700564E+04   4.5316159E-03   4.0614339E-03   4.2772242E-03
   6.5000000E-01   7.7765554E+03   1.3564898E+03   9.1330452E+03   3.5144321E-03   6.8024119E-03   3.8946993E-03
   7.0000000E-01   6.1160971E+03   9.9585522E+02   7.1119523E+03   7.9220792E-03   5.8992677E-03   6.0460537E-03
   7.5000000E-01   4.8425544E+03   6.9603762E+02   5.5385920E+03   8.8151063E-03   6.2975157E-03   7.2952879E-03
   8.0000000E-01   3.7560567E+03   4.8144370E+02   4.2375004E+03   9.8263080E-03   5.2055676E-03   9.0652821E-03
   8.5000000E-01   2.9471751E+03   3.6324775E+02   3.3104228E+03   1.4157577E-02   5.6051530E-03   1.3216246E-02
   9.0000000E-01   2.2387795E+03   2.6172146E+02   2.4969642E+03   1.3708067E-02   1.3014855E-02   1.4144266E-02
   9.5000000E-01   1.5010824E+03   1.5077837E+02   1.6518608E+03   1.5062180E-02   4.1370452E-02   1.7386955E-02
   1.0000000E+00   5.3444623E+02   8.8026438E+01   6.2247267E+02   3.8005239E-02   2.0256280E-02   3.0214659E-02
