   0.0000000E+00   3.3087931E+07   1.6726803E+07   4.9485219E+07   4.9249263E-05   1.1686993E-05   3.6874425E-05
   5.0000000E-02   4.8383103E+03   2.4191551E+03   7.2574654E+03   1.3447249E-01   1.1905319E-01   1.2933263E-01
   1.0000000E-01   2.6419721E+03   1.1140846E+03   3.7560567E+03   1.5164491E-01   9.9716669E-02   1.3619042E-01
   1.5000000E-01   2.1220659E+03   3.8197186E+02   2.5040378E+03   1.4787804E-01   5.2138506E-02   1.3285652E-01
   2.0000000E-01   1.0185916E+03   4.6154933E+02   1.4801410E+03   1.2271568E-01   7.0360878E-02   1.0638584E-01
   2.5000000E-01   9.2946487E+02   3.4377468E+02   1.2732395E+03   1.7043015E-01   9.9827171E-02   1.5131987E-01
   3.0000000E-01   7.8516439E+02   3.9258219E+02   1.1777466E+03   1.4864307E-01   8.7131589E-02   1.2802298E-01
   3.5000000E-01   5.4567409E+02   2.3645877E+02   7.8213286E+02   1.3067593E-01   1.2587240E-01   1.2922161E-01
   4.0000000E-01   5.6500005E+02   2.1485917E+02   7.7985922E+02   1.6082977E-01   1.1240993E-01   1.4744488E-01
   4.5000000E-01   3.8197186E+02   1.5561817E+02   5.3759003E+02   1.6887132E-01   8.6584407E-02   1.4500638E-01
   5.0000000E-01   3.4377468E+02   1.7825354E+02   5.2202821E+02   1.6783559E-01   8.5806602E-02   1.3982195E-01
   5.5000000E-01   2.2571065E+02   1.0417414E+02   3.2988479E+02   2.0573917E-01   1.2387782E-01   1.7988822E-01
   6.0000000E-01   2.2281692E+02   7.9577472E+01   3.0239439E+02   2.2425984E-01   1.6957365E-01   2.0927699E-01
   6.5000000E-01   2.1547131E+02   6.8559052E+01   2.8403036E+02   2.3961351E-01   1.3585442E-01   2.1362733E-01
   7.0000000E-01   1.9098593E+02   7.2756545E+01   2.6374248E+02   2.2854830E-01   1.9186593E-01   2.1839816E-01
   7.5000000E-01   1.5703288E+02   7.6394373E+01   2.3342725E+02   2.7217934E-01   2.1646948E-01   2.5394666E-01
   8.0000000E-01   1.1538733E+02   7.1619724E+01   1.8700706E+02   2.3162771E-01   1.6333696E-01   2.0546860E-01
   8.5000000E-01   6.3661977E+01   2.9958578E+01   9.3620555E+01   2.3769528E-01   1.2856528E-01   2.0271927E-01
   9.0000000E-01   9.9029742E+01   1.7683883E+01   1.1671362E+02   2.6156876E-01   1.6654898E-01   2.4716973E-01
   9.5000000E-01   5.0259456E+01   1.0051891E+01   6.0311347E+01   1.9024736E-01   2.4587189E-01   1.9791599E-01
   1.0000000E+00   1.2575205E+01   6.2876027E+00   1.8862808E+01   2.0432862E-01   4.2109206E-01   2.7658310E-01
