   0.0000000E+00   2.4355545E+07   1.2509833E+07   3.6845515E+07   7.1219151E-04   9.8675605E-05   4.8552013E-04
   5.0000000E-02   2.9017129E+05   1.4190255E+05   4.3201018E+05   4.6190576E-03   6.3251777E-04   3.0415090E-03
   1.0000000E-01   6.5508175E+04   3.2340284E+04   9.7816628E+04   1.0846195E-02   1.3192158E-03   7.6350528E-03
   1.5000000E-01   2.8117373E+04   1.2498968E+04   4.0616341E+04   2.6493001E-02   5.0222673E-03   1.9871439E-02
   2.0000000E-01   1.7347889E+04   8.1009866E+03   2.5448875E+04   2.0950259E-02   1.9152370E-03   1.4798692E-02
   2.5000000E-01   1.3318086E+04   5.7168456E+03   1.9034931E+04   1.8590659E-02   5.2662483E-03   1.4202389E-02
   3.0000000E-01   1.0260189E+04   4.5306107E+03   1.4790799E+04   6.5977988E-03   5.2020532E-03   6.1611730E-03
   3.5000000E-01   8.3579082E+03   3.9925154E+03   1.2350424E+04   1.8977720E-02   3.0187468E-03   1.3818065E-02
   4.0000000E-01   6.5810569E+03   3.0000707E+03   9.5811276E+03   7.2884890E-03   5.2151537E-03   6.4189003E-03
   4.5000000E-01   5.8427548E+03   2.7516121E+03   8.5943669E+03   1.2704385E-02   7.0029606E-03   1.0836247E-02
   5.0000000E-01   4.7364511E+03   2.2472678E+03   6.9837189E+03   1.4587731E-02   1.1959454E-03   1.0277141E-02
   5.5000000E-01   4.3348019E+03   1.9040719E+03   6.2388738E+03   9.9755288E-03   3.4593420E-03   5.8884567E-03
   6.0000000E-01   3.5120191E+03   1.6233804E+03   5.1353995E+03   9.4512614E-03   5.9539218E-03   6.5088147E-03
   6.5000000E-01   2.8452007E+03   1.2879308E+03   4.1331314E+03   2.8805284E-02   1.5553167E-03   1.9657173E-02
   7.0000000E-01   2.5328372E+03   1.3732798E+03   3.9061170E+03   1.8506371E-02   9.5767896E-03   1.1907910E-02
   7.5000000E-01   2.1008452E+03   9.5068553E+02   3.0515308E+03   1.0036064E-02   4.3890705E-03   7.8370034E-03
   8.0000000E-01   1.6910213E+03   8.5545782E+02   2.5464791E+03   2.0332534E-02   2.9248603E-03   1.4248940E-02
   8.5000000E-01   1.4455014E+03   6.0666119E+02   2.0521626E+03   8.3698190E-03   4.4898045E-03   6.3055694E-03
   9.0000000E-01   1.0893272E+03   4.3856029E+02   1.5278875E+03   1.8375564E-02   1.9100788E-03   1.2683916E-02
   9.5000000E-01   6.7682734E+02   2.9820610E+02   9.7503344E+02   4.1641845E-02   4.8032855E-03   3.0243330E-02
   1.0000000E+00   2.1377849E+02   6.2876027E+01   2.7665452E+02   2.1647062E-02   3.4936256E-02   1.0005828E-02
