   0.0000000E+00   3.2220600E+07   1.6548549E+07   4.8429449E+07   1.2789812E-04   1.0194194E-04   1.1981018E-04
   5.0000000E-02   1.3750987E+04   5.2839441E+03   1.9034931E+04   1.4497058E-01   9.0933167E-02   1.2988762E-01
   1.0000000E-01   7.6394373E+03   2.6419721E+03   1.0281409E+04   1.4307389E-01   1.0045277E-01   1.3212170E-01
   1.5000000E-01   3.9894839E+03   1.6552114E+03   5.6446953E+03   1.4500451E-01   9.4956829E-02   1.3030170E-01
   2.0000000E-01   3.0080284E+03   1.2095776E+03   4.2176060E+03   1.5130313E-01   1.0477137E-01   1.3795029E-01
   2.5000000E-01   2.2918312E+03   6.8754935E+02   2.9793805E+03   1.2605797E-01   1.0352854E-01   1.2084301E-01
   3.0000000E-01   1.9523006E+03   7.9577472E+02   2.7480754E+03   1.5883411E-01   9.9523841E-02   1.4158004E-01
   3.5000000E-01   1.6006440E+03   5.8205236E+02   2.1826964E+03   1.5744349E-01   1.2784648E-01   1.4955093E-01
   4.0000000E-01   1.2811973E+03   3.4218313E+02   1.6233804E+03   1.7107689E-01   1.1089101E-01   1.5839058E-01
   4.5000000E-01   1.0822536E+03   4.7392805E+02   1.5561817E+03   1.5691619E-01   9.4170330E-02   1.3780341E-01
   5.0000000E-01   8.7853529E+02   2.7374650E+02   1.1522818E+03   1.8080752E-01   1.1674643E-01   1.6556993E-01
   5.5000000E-01   8.1024335E+02   2.4886046E+02   1.0591038E+03   2.0161470E-01   8.9966249E-02   1.7536397E-01
   6.0000000E-01   6.1009395E+02   1.9098593E+02   8.0107988E+02   1.7345013E-01   1.0597658E-01   1.5726147E-01
   6.5000000E-01   5.2888412E+02   2.0567716E+02   7.3456128E+02   1.9613118E-01   9.3466562E-02   1.6737782E-01
   7.0000000E-01   4.6837026E+02   1.5915494E+02   6.2752520E+02   2.1616614E-01   1.4166646E-01   1.9719538E-01
   7.5000000E-01   3.6923947E+02   1.3156809E+02   5.0080755E+02   2.2945459E-01   7.5440821E-02   1.8855037E-01
   8.0000000E-01   3.1830989E+02   1.1936621E+02   4.3767609E+02   1.9071536E-01   1.5955860E-01   1.8213725E-01
   8.5000000E-01   2.3217898E+02   6.7406799E+01   2.9958578E+02   2.3044235E-01   7.9132030E-02   1.9634108E-01
   9.0000000E-01   2.5464791E+02   4.9514871E+01   3.0416278E+02   2.2440640E-01   1.5758672E-01   2.1347054E-01
   9.5000000E-01   1.4407711E+02   3.0155673E+01   1.7423278E+02   2.1599172E-01   1.8201249E-01   2.1010750E-01
   1.0000000E+00   5.0300822E+01   1.8862808E+01   6.9163630E+01   1.4004760E-01   2.6445663E-01   1.7306889E-01
