   0.0000000E+00   3.3318642E+07   1.6963625E+07   4.9777555E+07   5.8522778E-06   4.1239852E-06   5.3226336E-06
   5.0000000E-02   1.2732395E+03   1.9098593E+02   1.4642255E+03   1.5663350E-01   6.2082154E-02   1.4430071E-01
   1.0000000E-01   3.1830989E+02   2.8647890E+02   6.0478878E+02   1.3215547E-01   9.2591377E-02   1.1341458E-01
   1.5000000E-01   2.3342725E+02   1.2732395E+02   3.6075120E+02   1.6869508E-01   2.6503984E-02   1.1850999E-01
   2.0000000E-01   1.9098593E+02   4.7746483E+01   2.3873241E+02   1.1166599E-01   7.0788755E-02   1.0349054E-01
   2.5000000E-01   2.0371833E+02   3.8197186E+01   2.4191551E+02   1.7181203E-01   1.2145593E-01   1.6386107E-01
   3.0000000E-01   6.3661977E+01   2.1220659E+01   8.4882636E+01   2.0814533E-01   3.7918321E-06   1.5610805E-01
   3.5000000E-01   9.0945682E+01   3.6378273E+01   1.2732395E+02   2.1434587E-01   5.1314182E-06   1.5310273E-01
   4.0000000E-01   1.0345071E+02   2.3873241E+01   1.2732395E+02   1.6118967E-01   1.9782753E-01   1.6805927E-01
   4.5000000E-01   7.0735530E+01   2.8294212E+01   9.9029742E+01   1.0582648E-01   1.3404984E-05   7.5586513E-02
   5.0000000E-01   8.9126768E+01   2.5464791E+01   1.1459156E+02   7.5262645E-02   4.8955801E-02   6.9416680E-02
   5.5000000E-01   4.0512167E+01   0.0000000E+00   4.0512167E+01   1.7160386E-01   0.0000000E+00   1.7160386E-01
   6.0000000E-01   5.8356812E+01   5.3051648E+00   6.3661977E+01   2.6897755E-01   1.3331526E-01   2.5767236E-01
   6.5000000E-01   1.9588301E+01   9.7941503E+00   2.9382451E+01   3.2472512E-01   2.1300673E-01   2.8748566E-01
   7.0000000E-01   3.6378273E+01   9.0945682E+00   4.5472841E+01   2.1174222E-01   3.9155269E-06   1.6939299E-01
   7.5000000E-01   2.9708923E+01   8.4882636E+00   3.8197186E+01   1.5222942E-01   1.8035755E-01   1.5848011E-01
   8.0000000E-01   7.9577472E+00   3.9788736E+00   1.1936621E+01   4.2386413E-01   1.5713315E-06   2.8257661E-01
   8.5000000E-01   7.4896444E+00   3.7448222E+00   1.1234467E+01   2.1390746E-01   4.2784618E-01   2.8522037E-01
   9.0000000E-01   3.5367765E+00   3.5367765E+00   7.0735530E+00   3.2634012E-01   2.1363983E-06   1.6317113E-01
   9.5000000E-01   6.7012608E+00   0.0000000E+00   6.7012608E+00   3.7002074E-01   0.0000000E+00   3.7002074E-01
   1.0000000E+00   0.0000000E+00   0.0000000E+00   0.0000000E+00   0.0000000E+00   0.0000000E+00   0.0000000E+00
