   0.0000000E+00   3.0174249E+07   1.5772382E+07   4.5498960E+07   3.9339477E-04   2.8839928E-04   3.6039811E-04
   5.0000000E-02   3.5841693E+04   1.3496339E+04   4.9338032E+04   1.3583547E-01   8.1006785E-02   1.2075205E-01
   1.0000000E-01   1.7316058E+04   6.1752118E+03   2.3491270E+04   1.3368180E-01   8.4828554E-02   1.2080832E-01
   1.5000000E-01   1.1289391E+04   3.8621600E+03   1.5151551E+04   1.2410701E-01   8.7819346E-02   1.1485208E-01
   2.0000000E-01   8.0054936E+03   2.5464791E+03   1.0536057E+04   1.4705858E-01   9.5649657E-02   1.3472614E-01
   2.5000000E-01   6.0733526E+03   1.9989861E+03   8.0596063E+03   1.3869485E-01   8.7973806E-02   1.2632862E-01
   3.0000000E-01   4.6473243E+03   1.2307982E+03   5.8781226E+03   1.5021207E-01   9.1015119E-02   1.3781689E-01
   3.5000000E-01   3.9379480E+03   1.1913884E+03   5.1293365E+03   1.4590129E-01   8.7800523E-02   1.3237900E-01
   4.0000000E-01   3.2706341E+03   1.1618311E+03   4.4324652E+03   1.7281951E-01   9.6042805E-02   1.5269310E-01
   4.5000000E-01   2.8082006E+03   8.0638504E+02   3.6145856E+03   1.5684702E-01   5.2917435E-02   1.3365791E-01
   5.0000000E-01   2.4000565E+03   7.0664795E+02   3.1067045E+03   1.7322656E-01   8.5622392E-02   1.5330019E-01
   5.5000000E-01   1.9619464E+03   5.7874525E+02   2.5406916E+03   1.7917227E-01   9.0453838E-02   1.5894799E-01
   6.0000000E-01   1.8302818E+03   4.5093901E+02   2.2812209E+03   1.7802473E-01   7.2994104E-02   1.5725902E-01
   6.5000000E-01   1.4250489E+03   4.6032507E+02   1.8853739E+03   1.7601099E-01   9.5966299E-02   1.5645767E-01
   7.0000000E-01   1.2323140E+03   3.5468816E+02   1.5870021E+03   1.7798020E-01   9.5044864E-02   1.5944447E-01
   7.5000000E-01   1.0313240E+03   3.3104228E+02   1.3623663E+03   1.8484577E-01   8.7265890E-02   1.6113346E-01
   8.0000000E-01   8.2362683E+02   2.1883805E+02   1.0424649E+03   2.1495285E-01   1.1910387E-01   1.9479809E-01
   8.5000000E-01   6.6657835E+02   1.4230324E+02   8.0888159E+02   2.1575739E-01   6.6079619E-02   1.8924884E-01
   9.0000000E-01   5.1636937E+02   1.3439751E+02   6.5076688E+02   2.1416286E-01   4.3843172E-02   1.7897308E-01
   9.5000000E-01   2.8145295E+02   6.7012608E+01   3.4846556E+02   1.9655111E-01   6.3367940E-02   1.7055926E-01
   1.0000000E+00   1.2575205E+02   6.2876027E+00   1.3203966E+02   2.4524777E-01   1.1487024E-03   2.3351461E-01
