   0.0000000E+00   1.3818214E+07   9.7295873E+06   2.3428626E+07   1.2105744E-03   5.5821334E-04   9.1498298E-04
   5.0000000E-02   1.7946311E+05   9.0209022E+04   2.6960847E+05   2.4996752E-03   4.3070646E-03   3.0909659E-03
   1.0000000E-01   7.2479161E+04   3.5045918E+04   1.0752508E+05   3.8482174E-03   7.3215449E-03   2.9204322E-04
   1.5000000E-01   4.9316812E+04   2.1220659E+04   7.0516250E+04   2.9845322E-03   1.8672650E-03   1.5254345E-03
   2.0000000E-01   3.5380144E+04   1.4705917E+04   5.0086061E+04   2.8670687E-03   3.8599196E-03   3.0042869E-03
   2.5000000E-01   2.9131721E+04   1.2617804E+04   4.1711327E+04   6.8590824E-04   3.2092363E-03   1.3524731E-03
   3.0000000E-01   2.3671645E+04   9.1779351E+03   3.2849580E+04   5.4065174E-03   4.5138217E-03   2.7577293E-03
   3.5000000E-01   2.0035334E+04   7.9668417E+03   2.8002175E+04   3.1210787E-03   2.9895543E-03   3.0371047E-03
   4.0000000E-01   1.7045494E+04   6.0240146E+03   2.3069509E+04   8.7287337E-03   3.3648251E-03   5.8963929E-03
   4.5000000E-01   1.5314242E+04   5.4607829E+03   2.0767952E+04   2.6491074E-03   2.6407221E-03   2.6000358E-03
   5.0000000E-01   1.3362649E+04   4.4627046E+03   1.7825354E+04   5.3576241E-03   1.9483597E-03   4.3991788E-03
   5.5000000E-01   1.2252037E+04   4.1843281E+03   1.6419003E+04   4.3995304E-03   5.0570711E-03   2.1870757E-03
   6.0000000E-01   1.1236339E+04   3.2096247E+03   1.4440659E+04   9.2079472E-04   2.4141909E-03   6.0123117E-04
   6.5000000E-01   9.8969889E+03   3.0068042E+03   1.2903793E+04   2.9823751E-03   3.3295526E-03   2.8232696E-03
   7.0000000E-01   8.8444676E+03   2.5464791E+03   1.1390947E+04   5.3727722E-03   2.6160961E-03   3.8748483E-03
   7.5000000E-01   8.1402448E+03   2.3470049E+03   1.0483006E+04   4.3962792E-03   2.1853814E-03   2.9517444E-03
   8.0000000E-01   7.4802823E+03   1.9894368E+03   9.4697191E+03   5.3128743E-03   4.9338768E-03   4.9475585E-03
   8.5000000E-01   6.4747976E+03   1.8124939E+03   8.2835467E+03   2.1794421E-03   2.5119063E-03   1.7001182E-03
   9.0000000E-01   5.1353995E+03   1.4642255E+03   6.5996250E+03   1.8949934E-03   1.0641492E-03   1.6504756E-03
   9.5000000E-01   3.8063161E+03   1.0219423E+03   4.8282584E+03   6.1563603E-03   3.1444273E-03   5.5093766E-03
   1.0000000E+00   1.5781883E+03   4.9672061E+02   2.0749089E+03   1.1078811E-02   1.1028568E-02   1.1049909E-02
