   0.0000000E+00   9.0710678E+06   9.0853281E+06   1.8140608E+07   6.7770198E-05   2.6441675E-05   3.0658301E-05
   5.0000000E-02   1.2917015E+05   8.4606768E+04   2.1377692E+05   1.6321386E-03   2.5114929E-03   1.0621509E-03
   1.0000000E-01   6.9296062E+04   3.7369581E+04   1.0666564E+05   1.2127957E-03   1.3698550E-03   8.4974105E-04
   1.5000000E-01   5.1502540E+04   2.4743288E+04   7.6245828E+04   1.6887929E-03   3.7945189E-03   1.7320777E-03
   2.0000000E-01   4.1348454E+04   1.7554790E+04   5.8903244E+04   2.7405403E-03   1.2834278E-03   1.5887073E-03
   2.5000000E-01   3.3422538E+04   1.4043832E+04   4.7453638E+04   3.1387846E-03   4.3362450E-03   3.4745751E-03
   3.0000000E-01   3.0430425E+04   1.0292020E+04   4.0722445E+04   5.1702885E-03   5.8254909E-03   2.5014748E-03
   3.5000000E-01   2.7156381E+04   8.6489343E+03   3.5805315E+04   3.3702754E-04   3.5883240E-04   3.0927369E-04
   4.0000000E-01   2.2767115E+04   7.5757753E+03   3.0334932E+04   2.3146356E-03   8.5346392E-04   1.8250446E-03
   4.5000000E-01   2.0923570E+04   5.6800631E+03   2.6603633E+04   4.6505310E-03   3.2621175E-03   3.7903291E-03
   5.0000000E-01   1.9397804E+04   5.3412399E+03   2.4739044E+04   1.4242495E-03   1.7656563E-03   1.1937491E-03
   5.5000000E-01   1.7426019E+04   4.6357494E+03   2.2061769E+04   1.0912824E-03   2.5036722E-03   1.2426942E-03
   6.0000000E-01   1.5793476E+04   3.8409393E+03   1.9634415E+04   4.7158804E-04   4.0343437E-03   9.3166622E-04
   6.5000000E-01   1.5288669E+04   3.5454824E+03   1.8829254E+04   1.6981589E-03   4.2281936E-03   2.2142720E-03
   7.0000000E-01   1.3437224E+04   3.1694570E+03   1.6606681E+04   1.3342046E-03   4.4091803E-03   7.3164129E-04
   7.5000000E-01   1.2634780E+04   2.8053711E+03   1.5435907E+04   1.7107332E-03   7.1421436E-03   9.0738580E-04
   8.0000000E-01   1.2175353E+04   2.7056340E+03   1.4880987E+04   2.3708467E-03   3.7324922E-03   1.3323834E-03
   8.5000000E-01   8.4146155E+03   1.5428667E+03   9.9537374E+03   1.8690653E-03   2.8699948E-03   1.2869054E-03
   9.0000000E-01   4.2123008E+03   5.8003135E+02   4.7923322E+03   4.7322253E-03   1.3165280E-02   3.1931868E-03
   9.5000000E-01   2.3320387E+03   3.4511493E+02   2.6771537E+03   4.3982142E-03   2.1970208E-02   3.5846668E-03
   1.0000000E+00   8.1738835E+02   1.1317685E+02   9.3056520E+02   1.5304504E-02   4.6697147E-02   8.4243663E-03
