   0.0000000E+00   2.5169909E+07   1.2981441E+07   3.7891100E+07   5.5494354E-04   1.6487306E-05   3.6914887E-04
   5.0000000E-02   1.8296452E+05   7.8240570E+04   2.6107777E+05   2.1948659E-02   2.8259503E-04   1.5319454E-02
   1.0000000E-01   7.4516344E+04   3.2626763E+04   1.0714311E+05   1.8957364E-02   2.0230414E-04   1.3167812E-02
   1.5000000E-01   3.8133524E+04   1.8101222E+04   5.6234747E+04   9.1315851E-03   5.2794165E-04   6.2959573E-03
   2.0000000E-01   2.2361270E+04   1.1284085E+04   3.3645355E+04   9.2693410E-03   6.3135558E-04   6.2674016E-03
   2.5000000E-01   1.3560001E+04   7.3975218E+03   2.0957523E+04   7.9803315E-03   5.2618293E-04   5.0604699E-03
   3.0000000E-01   9.5705172E+03   4.8276999E+03   1.4398217E+04   3.1378403E-03   9.3452040E-05   2.1051850E-03
   3.5000000E-01   7.0664795E+03   3.7105838E+03   1.0777063E+04   3.1242220E-03   7.2543472E-06   2.0460809E-03
   4.0000000E-01   5.9921836E+03   3.0478172E+03   9.0400008E+03   1.4008760E-02   2.0621288E-04   9.2907654E-03
   4.5000000E-01   4.8383103E+03   2.3413461E+03   7.1796563E+03   2.2170014E-02   3.0073130E-04   1.4972900E-02
   5.0000000E-01   3.8897468E+03   2.0244509E+03   5.9141977E+03   1.1793954E-02   9.9317189E-06   7.7535837E-03
   5.5000000E-01   3.3219977E+03   1.5973369E+03   4.9193346E+03   1.4846732E-02   1.0733551E-04   1.0039710E-02
   6.0000000E-01   2.6313617E+03   1.4111738E+03   4.0425356E+03   1.0724314E-02   2.0147834E-06   6.9799944E-03
   6.5000000E-01   2.3603902E+03   1.2046805E+03   3.5650707E+03   1.7158936E-02   3.5450581E-06   1.1360399E-02
   7.0000000E-01   2.0144469E+03   9.2764595E+02   2.9420928E+03   2.2997312E-02   2.5931185E-06   1.5745803E-02
   7.5000000E-01   1.5406198E+03   8.1487331E+02   2.3554932E+03   2.7411147E-02   7.6554533E-04   1.8135277E-02
   8.0000000E-01   1.2891550E+03   6.7242963E+02   1.9615847E+03   5.0337974E-03   2.3481358E-06   3.3084040E-03
   8.5000000E-01   1.1047225E+03   4.9431653E+02   1.5990391E+03   6.1012180E-03   1.2367287E-06   4.2153530E-03
   9.0000000E-01   7.4625984E+02   3.9258219E+02   1.1388420E+03   3.1130025E-02   8.0267898E-04   2.0129795E-02
   9.5000000E-01   3.9537438E+02   2.5464791E+02   6.5002229E+02   4.1797079E-02   1.1038228E-03   2.5643271E-02
   1.0000000E+00   1.3832726E+02   1.2575205E+02   2.6407931E+02   8.9688438E-02   1.0560322E-05   4.6974629E-02
