   0.0000000E+00   3.3219838E+07   1.6795557E+07   4.9283538E+07   4.0455528E-05   2.1147340E-10   2.7269198E-05
   5.0000000E-02   1.7825354E+03   2.5464791E+02   2.0371833E+03   1.5425759E-01   2.0670563E-05   1.3497798E-01
   1.0000000E-01   8.2760570E+02   1.9098593E+02   1.0185916E+03   2.4608461E-01   1.3805161E-05   1.9994116E-01
   1.5000000E-01   5.3051648E+02   1.2732395E+02   6.5784043E+02   2.6001890E-01   4.1849050E-06   2.0969185E-01
   2.0000000E-01   1.9098593E+02   4.7746483E+01   2.3873241E+02   2.9017703E-01   1.2067322E-06   2.3214138E-01
   2.5000000E-01   2.1645072E+02   7.6394373E+01   2.9284510E+02   2.1894889E-01   3.4432115E-06   1.6183089E-01
   3.0000000E-01   1.8037560E+02   6.3661977E+01   2.4403758E+02   1.9747257E-01   1.1657270E-04   1.4592758E-01
   3.5000000E-01   1.0004025E+02   0.0000000E+00   1.0004025E+02   2.0224571E-01   0.0000000E+00   2.0224571E-01
   4.0000000E-01   1.2732395E+02   2.3873241E+01   1.5119720E+02   1.9775121E-01   3.4673034E-04   1.6647259E-01
   4.5000000E-01   8.4882636E+01   1.4147106E+01   9.9029742E+01   1.1917242E-01   1.0187014E-05   1.0214633E-01
   5.0000000E-01   8.9126768E+01   0.0000000E+00   8.9126768E+01   4.0661704E-02   0.0000000E+00   4.0661704E-02
   5.5000000E-01   1.7362357E+01   5.7874525E+00   2.3149810E+01   7.0746959E-05   2.0843387E-06   5.3581304E-05
   6.0000000E-01   4.2441318E+01   5.3051648E+00   4.7746483E+01   1.0559450E-01   2.8900148E-05   9.3858567E-02
   6.5000000E-01   4.8970752E+01   0.0000000E+00   4.8970752E+01   3.3370292E-02   0.0000000E+00   3.3370292E-02
   7.0000000E-01   4.0925557E+01   0.0000000E+00   4.0925557E+01   7.9348193E-06   0.0000000E+00   7.9348193E-06
   7.5000000E-01   1.6976527E+01   0.0000000E+00   1.6976527E+01   8.8030794E-05   0.0000000E+00   8.8030794E-05
   8.0000000E-01   2.3873241E+01   0.0000000E+00   2.3873241E+01   1.5478551E-05   0.0000000E+00   1.5478551E-05
   8.5000000E-01   3.7448222E+01   0.0000000E+00   3.7448222E+01   2.6303971E-05   0.0000000E+00   2.6303971E-05
   9.0000000E-01   2.4757436E+01   0.0000000E+00   2.4757436E+01   5.4090911E-06   0.0000000E+00   5.4090911E-06
   9.5000000E-01   2.3454413E+01   0.0000000E+00   2.3454413E+01   1.5771754E-06   0.0000000E+00   1.5771754E-06
   1.0000000E+00   6.2876027E+00   0.0000000E+00   6.2876027E+00   4.2411532E-05   0.0000000E+00   4.2411532E-05
