   0.0000000E+00   3.2402419E+07   1.6740554E+07   4.8619416E+07   1.3616264E-04   3.7087964E-05   1.0351270E-04
   5.0000000E-02   1.0313240E+04   4.3926764E+03   1.4705917E+04   1.3122938E-01   7.3731321E-02   1.1403881E-01
   1.0000000E-01   5.0929582E+03   1.7188734E+03   6.8118316E+03   1.7816053E-01   7.8369609E-02   1.5297792E-01
   1.5000000E-01   3.5438501E+03   9.5492966E+02   4.4987797E+03   1.5646870E-01   7.3976037E-02   1.3895517E-01
   2.0000000E-01   2.5942256E+03   6.8436626E+02   3.2785918E+03   1.6589903E-01   5.8388730E-02   1.4342236E-01
   2.5000000E-01   2.3427608E+03   5.0929582E+02   2.8393242E+03   1.7718613E-01   4.2868484E-02   1.5388759E-01
   3.0000000E-01   1.3262912E+03   3.3953055E+02   1.6658217E+03   1.8225256E-01   5.9008703E-02   1.5713131E-01
   3.5000000E-01   1.4187526E+03   2.6374248E+02   1.6824951E+03   1.8437505E-01   7.7518047E-02   1.6758358E-01
   4.0000000E-01   8.2760570E+02   1.5915494E+02   9.8676065E+02   1.8908412E-01   1.9652235E-02   1.6175616E-01
   4.5000000E-01   7.0735530E+02   1.6269172E+02   8.7004702E+02   1.6925978E-01   2.3767782E-02   1.4205393E-01
   5.0000000E-01   5.4112681E+02   1.4005635E+02   6.8118316E+02   1.8729227E-01   6.5653149E-02   1.6228236E-01
   5.5000000E-01   5.3823308E+02   1.2732395E+02   6.6555703E+02   1.3770796E-01   3.0396123E-02   1.1717849E-01
   6.0000000E-01   5.1460098E+02   9.0187801E+01   6.0478878E+02   1.3956695E-01   4.1704024E-02   1.2497327E-01
   6.5000000E-01   4.7501629E+02   6.8559052E+01   5.4357534E+02   1.6723603E-01   5.8853653E-02   1.5356618E-01
   7.0000000E-01   3.0466803E+02   6.8209261E+01   3.7287730E+02   1.7842119E-01   2.2989982E-05   1.4578737E-01
   7.5000000E-01   2.8011270E+02   2.1220659E+01   3.0133336E+02   1.3247401E-01   7.1203102E-06   1.2314536E-01
   8.0000000E-01   2.4271129E+02   3.9788736E+01   2.8250002E+02   1.4597571E-01   7.7727758E-02   1.3636332E-01
   8.5000000E-01   2.0222040E+02   1.8724111E+01   2.2094451E+02   1.5202739E-01   3.3682195E-06   1.3914343E-01
   9.0000000E-01   1.0610330E+02   7.0735530E+00   1.1317685E+02   9.4378083E-02   4.4197050E-06   8.8479177E-02
   9.5000000E-01   1.0051891E+02   0.0000000E+00   1.0051891E+02   1.8937488E-01   0.0000000E+00   1.8937488E-01
   1.0000000E+00   6.9163630E+01   6.2876027E+00   7.5451232E+01   2.3203747E-01   1.4399626E-05   2.1269981E-01
