   0.0000000E+00   3.1892613E+07   1.6566884E+07   4.8028633E+07   7.6789277E-04   4.3764279E-08   5.0660788E-04
   5.0000000E-02   4.3990426E+04   1.0185916E+04   5.4176343E+04   2.0118438E-01   1.2104054E-05   1.6335661E-01
   1.0000000E-01   1.6997748E+04   4.0107046E+03   2.1008452E+04   2.2833346E-01   1.4693846E-05   1.8473972E-01
   1.5000000E-01   9.4856346E+03   2.3554932E+03   1.1841128E+04   2.4713342E-01   3.3677904E-06   1.9797180E-01
   2.0000000E-01   5.2680286E+03   1.5756339E+03   6.8436626E+03   2.6961166E-01   4.4808237E-06   2.0753724E-01
   2.5000000E-01   2.7756622E+03   8.9126768E+02   3.6669299E+03   2.6904256E-01   1.4903869E-06   2.0365063E-01
   3.0000000E-01   2.0159626E+03   5.9417845E+02   2.6101411E+03   2.8557431E-01   7.1689602E-05   2.2058184E-01
   3.5000000E-01   1.2004830E+03   3.0921532E+02   1.5096983E+03   3.0117522E-01   1.1320779E-05   2.3948641E-01
   4.0000000E-01   8.0373246E+02   1.6711269E+02   9.7084515E+02   2.7747321E-01   7.6221012E-05   2.2972455E-01
   4.5000000E-01   5.5173714E+02   6.3661977E+01   6.1539911E+02   2.2094067E-01   1.9838385E-06   1.9808495E-01
   5.0000000E-01   3.5650707E+02   3.8197186E+01   3.9470426E+02   2.4312089E-01   2.4569888E-05   2.1959072E-01
   5.5000000E-01   2.4886046E+02   2.8937262E+01   2.7779772E+02   8.6250167E-02   9.8573777E-06   7.7266800E-02
   6.0000000E-01   2.3342725E+02   1.5915494E+01   2.4934274E+02   9.8313168E-02   1.2357753E-05   9.2038648E-02
   6.5000000E-01   2.0567716E+02   4.8970752E+00   2.1057423E+02   8.0564679E-02   7.7271661E-06   7.8691261E-02
   7.0000000E-01   2.2281692E+02   9.0945682E+00   2.3191149E+02   2.4545940E-02   1.3799768E-05   2.3583895E-02
   7.5000000E-01   2.5889204E+02   0.0000000E+00   2.5889204E+02   1.3530333E-02   0.0000000E+00   1.3530333E-02
   8.0000000E-01   1.9098593E+02   3.9788736E+00   1.9496481E+02   1.2873515E-05   1.9411439E-05   1.3006885E-05
   8.5000000E-01   2.2094451E+02   0.0000000E+00   2.2094451E+02   7.1336827E-03   0.0000000E+00   7.1336827E-03
   9.0000000E-01   2.1574337E+02   0.0000000E+00   2.1574337E+02   1.3034904E-05   0.0000000E+00   1.3034904E-05
   9.5000000E-01   1.3067458E+02   0.0000000E+00   1.3067458E+02   3.5093522E-06   0.0000000E+00   3.5093522E-06
   1.0000000E+00   8.8026438E+01   0.0000000E+00   8.8026438E+01   1.5728688E-07   0.0000000E+00   1.5728688E-07
