   0.0000000E+00   2.8954995E+07   1.4961074E+07   4.3652254E+07   3.5532674E-04   1.2982063E-04   2.7149350E-04
   5.0000000E-02   7.4420851E+04   3.4186482E+04   1.0860733E+05   2.9972733E-02   3.1825035E-02   3.0539203E-02
   1.0000000E-01   3.1067045E+04   1.5820001E+04   4.6887046E+04   2.9947802E-02   9.0204382E-03   2.2886602E-02
   1.5000000E-01   1.5533522E+04   8.1062918E+03   2.3639814E+04   2.8627260E-02   1.2314234E-02   2.1645372E-02
   2.0000000E-01   1.0790705E+04   4.7269018E+03   1.5517607E+04   1.9037813E-02   2.5023341E-02   2.0823418E-02
   2.5000000E-01   7.3338598E+03   3.6287327E+03   1.0962592E+04   1.0760856E-02   1.3284695E-02   1.0263315E-02
   3.0000000E-01   5.9630052E+03   2.4828171E+03   8.4458223E+03   2.1184620E-02   1.1901063E-02   1.3830701E-02
   3.5000000E-01   4.4745275E+03   2.0735615E+03   6.5480891E+03   1.6553729E-02   2.7496086E-02   2.0018168E-02
   4.0000000E-01   3.9550003E+03   1.7825354E+03   5.7375357E+03   1.5295743E-02   1.8089872E-02   1.5695478E-02
   4.5000000E-01   2.9991865E+03   1.3439751E+03   4.3360880E+03   1.8448212E-02   1.8101022E-02   1.4218193E-02
   5.0000000E-01   2.8456904E+03   1.3114367E+03   4.1571271E+03   1.8707798E-02   7.0130705E-03   1.3114441E-02
   5.5000000E-01   2.5233293E+03   1.1690654E+03   3.6923947E+03   3.5138882E-02   1.8795174E-02   2.8339801E-02
   6.0000000E-01   1.8780283E+03   9.0718318E+02   2.7852115E+03   2.2857759E-02   6.1205878E-03   1.7387500E-02
   6.5000000E-01   1.6454173E+03   7.1497298E+02   2.3603902E+03   1.5777481E-02   2.8296116E-03   1.0193444E-02
   7.0000000E-01   1.4096581E+03   6.5935619E+02   2.0690143E+03   1.7283677E-02   2.8412577E-02   2.0828059E-02
   7.5000000E-01   1.1798686E+03   5.0505169E+02   1.6806762E+03   3.2574291E-02   2.9665823E-02   3.1687638E-02
   8.0000000E-01   9.2707754E+02   4.9735920E+02   1.4244367E+03   3.4080819E-02   1.4885951E-02   2.4306474E-02
   8.5000000E-01   8.1262642E+02   3.5201329E+02   1.1646397E+03   1.5032120E-02   4.1680342E-02   2.3032381E-02
   9.0000000E-01   6.0832556E+02   2.6172146E+02   8.7004702E+02   5.5622464E-02   1.6033334E-02   4.3613881E-02
   9.5000000E-01   3.7191997E+02   1.7423278E+02   5.4615275E+02   5.0979663E-02   4.8605081E-03   3.5666326E-02
   1.0000000E+00   1.7605288E+02   5.6588424E+01   2.3264130E+02   7.1014417E-02   1.0557995E-01   7.8735498E-02
