   0.0000000E+00   3.2180366E+07   1.6470627E+07   4.7928302E+07   1.7462648E-04   2.3771343E-05   1.2513578E-04
   5.0000000E-02   1.3560001E+04   4.0107046E+03   1.7570706E+04   1.5570239E-01   5.1865677E-02   1.3190543E-01
   1.0000000E-01   5.9842259E+03   1.6233804E+03   7.6076063E+03   1.7240647E-01   5.4743476E-02   1.4714628E-01
   1.5000000E-01   3.9046013E+03   9.3370900E+02   4.8383103E+03   1.5467084E-01   4.1864192E-02   1.3290107E-01
   2.0000000E-01   2.4032396E+03   8.4352120E+02   3.2467608E+03   1.7204769E-01   6.0320267E-02   1.4301918E-01
   2.5000000E-01   1.9353241E+03   6.1115498E+02   2.5464791E+03   1.8833118E-01   4.4647279E-02   1.5384446E-01
   3.0000000E-01   1.7400940E+03   3.9258219E+02   2.1326762E+03   1.8803454E-01   3.5306106E-02   1.5989394E-01
   3.5000000E-01   1.4369418E+03   4.7291755E+02   1.9098593E+03   2.1457042E-01   4.7076452E-02   1.7282396E-01
   4.0000000E-01   9.2309867E+02   2.5464791E+02   1.1777466E+03   1.9683095E-01   5.1517993E-02   1.6540891E-01
   4.5000000E-01   9.1248834E+02   3.3953055E+02   1.2520189E+03   2.2046676E-01   6.4469898E-02   1.7808444E-01
   5.0000000E-01   8.6580289E+02   2.1645072E+02   1.0822536E+03   2.2711926E-01   3.3675934E-02   1.8836080E-01
   5.5000000E-01   6.5398213E+02   1.7362357E+02   8.2760570E+02   2.1962743E-01   5.0061313E-02   1.8404457E-01
   6.0000000E-01   4.6154933E+02   2.0159626E+02   6.6314560E+02   2.3195989E-01   8.0047441E-02   1.8577722E-01
   6.5000000E-01   5.3867827E+02   1.0773565E+02   6.4641392E+02   2.3607058E-01   2.0995437E-02   2.0022021E-01
   7.0000000E-01   4.4563384E+02   1.3641852E+02   5.8205236E+02   2.8393732E-01   8.8394570E-02   2.3810698E-01
   7.5000000E-01   3.4377468E+02   1.3156809E+02   4.7534276E+02   2.6072851E-01   8.9794284E-02   2.1340190E-01
   8.0000000E-01   2.8250002E+02   1.0345071E+02   3.8595074E+02   2.4718169E-01   4.8326263E-02   1.9386309E-01
   8.5000000E-01   2.1345486E+02   5.2427511E+01   2.6588238E+02   3.3699939E-01   4.5159523E-02   2.7945341E-01
   9.0000000E-01   1.9098593E+02   8.4882636E+01   2.7586857E+02   2.6194109E-01   5.2579386E-02   1.9751838E-01
   9.5000000E-01   1.0722017E+02   3.0155673E+01   1.3737585E+02   3.5521230E-01   1.5352635E-01   3.1071788E-01
   1.0000000E+00   3.7725616E+01   2.5150411E+01   6.2876027E+01   3.5370933E-01   1.0480385E-01   2.5414714E-01
