   0.0000000E+00   1.7657286E+06   9.5054971E+06   1.1269189E+07   6.6738917E-04   6.4403551E-05   1.4663975E-04
   5.0000000E-02   1.0733409E+05   1.3903776E+05   2.4637185E+05   5.0753765E-03   2.7282994E-03   1.8158001E-03
   1.0000000E-01   6.8468457E+04   5.3476061E+04   1.2194452E+05   1.4082306E-03   1.1855897E-03   1.0471102E-03
   1.5000000E-01   5.4834183E+04   3.2276622E+04   8.7110806E+04   4.3259806E-03   2.6606832E-03   3.5265347E-03
   2.0000000E-01   4.6887046E+04   2.3443523E+04   7.0314654E+04   2.9547816E-03   1.8179965E-03   1.8028570E-03
   2.5000000E-01   4.0476285E+04   1.5253410E+04   5.5729695E+04   1.3996925E-03   2.1680919E-03   1.4370422E-03
   3.0000000E-01   3.6043289E+04   1.1162067E+04   4.7205356E+04   3.8132109E-03   2.5243014E-03   3.0485832E-03
   3.5000000E-01   3.2503987E+04   8.5216104E+03   4.1025597E+04   3.6802288E-03   4.5104713E-03   2.5058620E-03
   4.0000000E-01   2.9228805E+04   6.7163386E+03   3.5945144E+04   1.2456793E-03   2.8045437E-03   5.5818802E-04
   4.5000000E-01   2.6971458E+04   5.1000317E+03   3.2071489E+04   1.2972567E-03   3.3448863E-03   1.5694845E-03
   5.0000000E-01   2.4229749E+04   4.0870989E+03   2.8310481E+04   1.5283572E-03   3.2817226E-03   1.4431398E-03
   5.5000000E-01   2.2808350E+04   2.8532141E+03   2.5661564E+04   1.3142610E-03   7.2656295E-03   1.1355238E-03
   6.0000000E-01   2.1305542E+04   2.4032396E+03   2.3708781E+04   2.3894749E-03   2.0691924E-03   2.3369267E-03
   6.5000000E-01   1.9700933E+04   1.8119178E+03   2.1512851E+04   2.3821537E-03   2.5094345E-03   2.0938147E-03
   7.0000000E-01   1.8589297E+04   1.3687325E+03   1.9958030E+04   1.2703047E-03   2.2422282E-03   1.0294922E-03
   7.5000000E-01   1.7052922E+04   1.1416715E+03   1.8194593E+04   9.5298799E-04   2.0671413E-03   7.6761576E-04
   8.0000000E-01   1.5835917E+04   8.9524655E+02   1.6731163E+04   3.4463665E-04   3.1143295E-03   2.2077493E-04
   8.5000000E-01   1.5649612E+04   8.1262642E+02   1.6458494E+04   1.2513335E-03   2.5424113E-03   1.0679782E-03
   9.0000000E-01   1.0380439E+04   3.8904542E+02   1.0769484E+04   2.1323941E-03   2.8770903E-03   2.1560597E-03
   9.5000000E-01   3.2903190E+03   6.7012608E+01   3.3573316E+03   3.2178074E-03   1.3369942E-02   3.3612908E-03
   1.0000000E+00   1.0626049E+03   5.0300822E+01   1.1129057E+03   9.3977350E-03   1.0877237E-05   8.9731935E-03
