   0.0000000E+00   1.8897421E+07   9.4270656E+06   2.8125862E+07   1.6457288E-02   1.9527632E-06   1.1000920E-02
   5.0000000E-02   9.9904741E+05   4.5734764E+05   1.4521297E+06   4.7040852E-02   2.8550177E-05   3.2318438E-02
   1.0000000E-01   2.1549579E+05   1.1067635E+05   3.2582200E+05   4.4482712E-02   5.0242925E-06   2.9321509E-02
   1.5000000E-01   7.1407518E+04   4.2441318E+04   1.1376395E+05   4.5828626E-02   2.6489156E-04   2.8858358E-02
   2.0000000E-01   2.8647890E+04   1.6345213E+04   4.4929440E+04   4.4654146E-02   5.5593657E-05   2.8476438E-02
   2.5000000E-01   1.1229973E+04   6.8627611E+03   1.8092734E+04   4.3136919E-02   2.7134039E-05   2.6772360E-02
   3.0000000E-01   4.4457281E+03   2.8753993E+03   7.3211274E+03   5.8971876E-02   2.5133690E-06   3.5811245E-02
   3.5000000E-01   1.5915494E+03   1.1095373E+03   2.7010867E+03   5.1490325E-02   3.8943475E-06   3.0338584E-02
   4.0000000E-01   6.0478878E+02   4.6154933E+02   1.0663381E+03   5.6201400E-02   1.0427817E-05   3.1879921E-02
   4.5000000E-01   1.1317685E+02   1.4854461E+02   2.6172146E+02   9.5243232E-02   1.2620197E-05   4.1190869E-02
   5.0000000E-01   6.3661977E+01   3.8197186E+01   1.0185916E+02   1.5038961E-01   3.5483564E-06   9.3994159E-02
   5.5000000E-01   1.1574905E+01   1.1574905E+01   2.3149810E+01   8.5769205E-02   2.9863674E-05   4.2893077E-02
   6.0000000E-01   0.0000000E+00   0.0000000E+00   0.0000000E+00   0.0000000E+00   0.0000000E+00   0.0000000E+00
   6.5000000E-01   0.0000000E+00   4.8970752E+00   4.8970752E+00   0.0000000E+00   3.4292041E-01   3.4292041E-01
   7.0000000E-01   0.0000000E+00   0.0000000E+00   0.0000000E+00   0.0000000E+00   0.0000000E+00   0.0000000E+00
   7.5000000E-01   0.0000000E+00   0.0000000E+00   0.0000000E+00   0.0000000E+00   0.0000000E+00   0.0000000E+00
   8.0000000E-01   0.0000000E+00   0.0000000E+00   0.0000000E+00   0.0000000E+00   0.0000000E+00   0.0000000E+00
   8.5000000E-01   0.0000000E+00   0.0000000E+00   0.0000000E+00   0.0000000E+00   0.0000000E+00   0.0000000E+00
   9.0000000E-01   3.5367765E+00   0.0000000E+00   3.5367765E+00   2.9521775E-01   0.0000000E+00   2.9521775E-01
   9.5000000E-01   0.0000000E+00   0.0000000E+00   0.0000000E+00   0.0000000E+00   0.0000000E+00   0.0000000E+00
   1.0000000E+00   0.0000000E+00   0.0000000E+00   0.0000000E+00   0.0000000E+00   0.0000000E+00   0.0000000E+00
