   0.0000000E+00   2.9526934E+07   1.5715850E+07   4.4594960E+07   5.3133140E-04   1.5399735E-08   3.5089090E-04
   5.0000000E-02   3.6605637E+04   9.8676065E+03   4.6473243E+04   1.7051328E-01   3.9551193E-06   1.3430756E-01
   1.0000000E-01   1.6965917E+04   5.6659160E+03   2.2631833E+04   1.6284477E-01   2.3759571E-05   1.2207039E-01
   1.5000000E-01   1.1628921E+04   3.6075120E+03   1.5257654E+04   1.6341366E-01   2.1113651E-06   1.2454845E-01
   2.0000000E-01   8.7376064E+03   2.8647890E+03   1.1602395E+04   1.7586953E-01   4.8319055E-06   1.3244394E-01
   2.5000000E-01   7.1810710E+03   1.8971269E+03   9.0781980E+03   1.7084295E-01   5.9503933E-07   1.3514078E-01
   3.0000000E-01   5.1460098E+03   1.6446011E+03   6.7906109E+03   1.8323781E-01   5.3242588E-04   1.3873107E-01
   3.5000000E-01   4.5200004E+03   1.3005232E+03   5.8205236E+03   1.8070157E-01   4.9443749E-05   1.4031501E-01
   4.0000000E-01   3.5650707E+03   1.1061269E+03   4.6711976E+03   2.0208617E-01   4.2767344E-06   1.5423372E-01
   4.5000000E-01   3.2043195E+03   1.0044445E+03   4.2087641E+03   2.0155043E-01   1.4592439E-05   1.5344584E-01
   5.0000000E-01   2.5655777E+03   8.1487331E+02   3.3804510E+03   2.0556138E-01   2.1520278E-05   1.5600730E-01
   5.5000000E-01   2.3149810E+03   6.1346996E+02   2.9284510E+03   2.1838470E-01   2.5479035E-04   1.7268936E-01
   6.0000000E-01   2.0637091E+03   5.7826296E+02   2.6366669E+03   2.1713927E-01   4.9920573E-06   1.6995298E-01
   6.5000000E-01   1.7286675E+03   5.1419289E+02   2.2428604E+03   2.4357768E-01   1.9880615E-04   1.8769012E-01
   7.0000000E-01   1.3005232E+03   4.3199199E+02   1.7325152E+03   2.2799110E-01   2.6433995E-04   1.7120862E-01
   7.5000000E-01   1.1374273E+03   2.8860096E+02   1.4260283E+03   2.4700477E-01   2.1310292E-05   1.9702002E-01
   8.0000000E-01   8.5147895E+02   2.9045777E+02   1.1419367E+03   2.7811767E-01   1.1736154E-05   2.0737700E-01
   8.5000000E-01   9.0250215E+02   2.1345486E+02   1.1159570E+03   2.6103106E-01   1.8872240E-05   2.1109870E-01
   9.0000000E-01   5.2697970E+02   1.6269172E+02   6.8967142E+02   3.2177233E-01   8.9917979E-06   2.4586912E-01
   9.5000000E-01   3.8532249E+02   1.5412900E+02   5.3945149E+02   3.2173359E-01   3.4841970E-06   2.2981067E-01
   1.0000000E+00   1.7605288E+02   3.7725616E+01   2.1377849E+02   2.5959835E-01   4.8190798E-06   2.1378604E-01
