   0.0000000E+00   1.8815425E+07   9.4479467E+06   2.8247583E+07   8.2366618E-04   5.1295888E-05   5.4211316E-04
   5.0000000E-02   5.4004455E+05   2.7654763E+05   8.1652852E+05   3.1196128E-03   6.4357829E-04   2.1845880E-03
   1.0000000E-01   1.0863916E+05   5.4176343E+04   1.6278368E+05   7.9616335E-03   2.2258780E-03   6.1049326E-03
   1.5000000E-01   5.2797000E+04   2.5634556E+04   7.8431556E+04   1.6685469E-02   2.4841107E-03   1.1842951E-02
   2.0000000E-01   3.2801834E+04   1.5788170E+04   4.8590004E+04   1.5639499E-02   3.6831311E-03   1.1736403E-02
   2.5000000E-01   2.3351213E+04   1.1764733E+04   3.5115947E+04   1.0482207E-02   3.7459277E-03   8.1311865E-03
   3.0000000E-01   1.7337278E+04   8.7216909E+03   2.6058969E+04   3.3923935E-03   4.1069866E-03   9.1329609E-04
   3.5000000E-01   1.2750585E+04   6.8482098E+03   1.9589700E+04   2.9434730E-03   4.7242019E-03   2.3854943E-03
   4.0000000E-01   1.1013522E+04   5.4112681E+03   1.6424790E+04   1.0670264E-03   3.2878846E-03   6.6836747E-04
   4.5000000E-01   8.4882636E+03   3.9399690E+03   1.2428233E+04   9.8745736E-03   6.4722028E-03   7.4349474E-03
   5.0000000E-01   6.7927330E+03   3.2849580E+03   1.0077691E+04   2.0070501E-02   5.8519202E-03   1.5020880E-02
   5.5000000E-01   5.4170555E+03   2.8184894E+03   8.2355449E+03   6.3275997E-03   4.6839679E-03   5.7490779E-03
   6.0000000E-01   4.1061975E+03   2.1645072E+03   6.2707048E+03   1.4911308E-02   3.3103582E-03   1.0760655E-02
   6.5000000E-01   3.3202170E+03   1.6503143E+03   4.9705313E+03   1.3182236E-02   2.0930611E-03   9.2650190E-03
   7.0000000E-01   2.7101813E+03   1.2686923E+03   3.9788736E+03   4.2756352E-03   6.7776153E-03   2.9768583E-03
   7.5000000E-01   2.1390424E+03   1.1883569E+03   3.3273993E+03   1.0589205E-02   8.4796303E-03   9.7921077E-03
   8.0000000E-01   1.6751058E+03   9.0320430E+02   2.5783101E+03   1.1278039E-02   3.5632438E-03   6.1503447E-03
   8.5000000E-01   1.1646397E+03   6.3661977E+02   1.8012595E+03   1.8272719E-02   4.8581179E-03   1.3042541E-02
   9.0000000E-01   8.0638504E+02   4.2794996E+02   1.2343350E+03   2.4365683E-02   3.8370480E-03   1.5039543E-02
   9.5000000E-01   4.5568573E+02   2.6805043E+02   7.2373616E+02   7.2849757E-03   7.5340716E-03   7.2365493E-03
   1.0000000E+00   1.1946445E+02   5.6588424E+01   1.7605288E+02   6.7356896E-02   1.1596677E-02   4.2319591E-02
