   0.0000000E+00   3.0534831E+07   1.5890030E+07   4.6023026E+07   4.4738625E-04   1.6274561E-04   3.4304277E-04
   5.0000000E-02   3.3231552E+04   1.2732395E+04   4.5963948E+04   1.2423829E-01   9.7155070E-02   1.1672770E-01
   1.0000000E-01   1.6679438E+04   5.9523949E+03   2.2631833E+04   1.1975395E-01   1.0003483E-01   1.1456667E-01
   1.5000000E-01   1.0355682E+04   3.2043195E+03   1.3560001E+04   1.3095040E-01   9.4920210E-02   1.2243620E-01
   2.0000000E-01   7.8940852E+03   2.1804227E+03   1.0074508E+04   1.3895366E-01   8.6768086E-02   1.2746739E-01
   2.5000000E-01   6.1242822E+03   1.5660846E+03   7.6903669E+03   1.3658981E-01   7.2313225E-02   1.2349560E-01
   3.0000000E-01   5.1566202E+03   1.5066668E+03   6.6526766E+03   1.5638783E-01   8.0060016E-02   1.3874551E-01
   3.5000000E-01   3.6560164E+03   1.0367808E+03   4.6927972E+03   1.3084615E-01   6.2578293E-02   1.1575002E-01
   4.0000000E-01   2.9921129E+03   7.4007049E+02   3.7321834E+03   1.3940042E-01   9.7331390E-02   1.3105787E-01
   4.5000000E-01   2.4403758E+03   6.9320820E+02   3.1335840E+03   1.5183952E-01   8.6522907E-02   1.3738941E-01
   5.0000000E-01   2.2345354E+03   4.3926764E+02   2.6738030E+03   1.5307082E-01   6.9173930E-02   1.3928212E-01
   5.5000000E-01   1.8288350E+03   3.7039696E+02   2.1992319E+03   1.4240881E-01   8.1888160E-02   1.3221521E-01
   6.0000000E-01   1.3050705E+03   2.9178406E+02   1.5968546E+03   1.4759691E-01   1.0422383E-01   1.3967057E-01
   6.5000000E-01   1.2389600E+03   2.4485376E+02   1.4838138E+03   1.3925317E-01   6.0062699E-02   1.2617826E-01
   7.0000000E-01   1.0777063E+03   2.0917507E+02   1.2868814E+03   1.3836392E-01   7.6656766E-02   1.2833367E-01
   7.5000000E-01   9.3370900E+02   2.1645072E+02   1.1501597E+03   1.4382138E-01   6.0851623E-02   1.2820359E-01
   8.0000000E-01   8.2760570E+02   1.7507044E+02   1.0026761E+03   1.5280144E-01   9.0904695E-02   1.4199102E-01
   8.5000000E-01   5.7670262E+02   7.4896444E+01   6.5159906E+02   1.6237970E-01   5.6320060E-02   1.5017940E-01
   9.0000000E-01   4.1733963E+02   6.7198754E+01   4.8453838E+02   1.6969624E-01   8.9259843E-02   1.5852314E-01
   9.5000000E-01   2.5799854E+02   4.0207565E+01   2.9820610E+02   2.2610058E-01   6.7989671E-02   2.0478201E-01
   1.0000000E+00   8.1738835E+01   3.1438013E+01   1.1317685E+02   1.7939470E-01   2.5076310E-01   1.9919172E-01
