   0.0000000E+00   2.3162774E+06   1.1909883E+07   1.4199677E+07   2.5896262E-02   7.3974341E-06   4.1805695E-03
   5.0000000E-02   1.6354762E+05   4.4232342E+05   6.0517076E+05   5.5803387E-02   2.1977409E-05   1.4951215E-02
   1.0000000E-01   3.9693243E+04   7.0091837E+04   1.0978508E+05   4.3969656E-02   3.1407671E-05   1.5877372E-02
   1.5000000E-01   1.7782912E+04   1.1395494E+04   2.9178406E+04   3.3192373E-02   7.3000775E-06   2.0226923E-02
   2.0000000E-01   1.2525494E+04   1.7507044E+03   1.4276198E+04   1.0195311E-02   3.0860606E-06   8.9454260E-03
   2.5000000E-01   1.2719663E+04   1.5278875E+02   1.2872452E+04   2.3875143E-03   3.7385594E-06   2.3591620E-03
   3.0000000E-01   1.2467137E+04   2.1220659E+01   1.2488358E+04   1.0940402E-06   2.1554405E-05   1.0775483E-06
   3.5000000E-01   1.2113965E+04   0.0000000E+00   1.2113965E+04   1.4938211E-05   0.0000000E+00   1.4938211E-05
   4.0000000E-01   1.3130283E+04   0.0000000E+00   1.3130283E+04   3.7984606E-05   0.0000000E+00   3.7984606E-05
   4.5000000E-01   1.3340721E+04   0.0000000E+00   1.3340721E+04   2.2200761E-05   0.0000000E+00   2.2200761E-05
   5.0000000E-01   1.3750987E+04   0.0000000E+00   1.3750987E+04   2.4355333E-06   0.0000000E+00   2.4355333E-06
   5.5000000E-01   1.4648042E+04   0.0000000E+00   1.4653830E+04   1.2229553E-06   0.0000000E+00   1.2218211E-06
   6.0000000E-01   1.5766950E+04   0.0000000E+00   1.5761645E+04   1.0401755E-06   0.0000000E+00   1.0405560E-06
   6.5000000E-01   1.6743100E+04   0.0000000E+00   1.6743100E+04   6.0368966E-06   0.0000000E+00   6.0368966E-06
   7.0000000E-01   1.8948533E+04   0.0000000E+00   1.8948533E+04   9.6057624E-06   0.0000000E+00   9.6057624E-06
   7.5000000E-01   2.1479551E+04   0.0000000E+00   2.1479551E+04   4.8128860E-07   0.0000000E+00   4.8136403E-07
   8.0000000E-01   2.5600073E+04   0.0000000E+00   2.5592115E+04   3.3773410E-06   0.0000000E+00   3.3789109E-06
   8.5000000E-01   3.1168155E+04   0.0000000E+00   3.1156921E+04   5.1559805E-06   0.0000000E+00   5.1675594E-06
   9.0000000E-01   3.3022882E+04   0.0000000E+00   3.3005198E+04   4.3809479E-06   0.0000000E+00   4.3843410E-06
   9.5000000E-01   1.5774768E+04   0.0000000E+00   1.5768067E+04   2.8808458E-05   0.0000000E+00   2.8807172E-05
   1.0000000E+00   2.9740361E+03   0.0000000E+00   2.9740361E+03   3.1985668E-05   0.0000000E+00   3.1985668E-05
