   0.0000000E+00   4.0896454E+05   9.6959738E+06   1.0102901E+07   1.2198030E-04   1.6745241E-06   3.8187073E-06
   5.0000000E-02   8.1550993E+04   2.0868396E+05   2.9023495E+05   1.9423127E-03   4.5517192E-05   5.6307826E-04
   1.0000000E-01   6.1561132E+04   8.4415782E+04   1.4594508E+05   1.1203242E-03   6.9571811E-05   4.5434810E-04
   1.5000000E-01   5.5385920E+04   4.5051459E+04   1.0041616E+05   2.5937018E-03   7.7619686E-05   1.4177492E-03
   2.0000000E-01   5.2552962E+04   2.6610706E+04   7.9147753E+04   2.2783509E-04   4.0684519E-05   1.4340381E-04
   2.5000000E-01   4.9974652E+04   1.6590311E+04   6.6552231E+04   1.0279693E-03   1.6122144E-05   7.7574811E-04
   3.0000000E-01   4.8276999E+04   1.1321222E+04   5.9598221E+04   3.3607426E-04   4.2767277E-04   1.9945243E-04
   3.5000000E-01   4.5063585E+04   6.6299402E+03   5.1666242E+04   4.9341424E-04   9.1205729E-05   4.2493071E-04
   4.0000000E-01   4.3186694E+04   3.9788736E+03   4.7165567E+04   3.0596574E-04   1.2823251E-03   3.7036194E-04
   4.5000000E-01   3.9718000E+04   2.6525824E+03   4.2363509E+04   6.5428758E-04   4.6317555E-06   6.1361382E-04
   5.0000000E-01   3.8534595E+04   2.0690143E+03   4.0603609E+04   5.6168849E-04   1.7774025E-05   5.3316025E-04
   5.5000000E-01   3.6385714E+04   1.1517030E+03   3.7531629E+04   5.0759387E-04   4.9390782E-05   4.9133394E-04
   6.0000000E-01   3.3555167E+04   8.3291087E+02   3.4382773E+04   8.4171117E-04   1.4575390E-03   8.5664485E-04
   6.5000000E-01   2.9926026E+04   4.1135431E+02   3.0337381E+04   5.6366830E-04   2.4231407E-05   5.5572094E-04
   7.0000000E-01   1.4014730E+04   1.3187124E+02   1.4142054E+04   9.0295383E-04   6.4739700E-05   8.9510458E-04
   7.5000000E-01   6.9731086E+03   2.9708923E+01   7.0028175E+03   1.1092425E-03   2.3984744E-05   1.1046061E-03
   8.0000000E-01   4.1619018E+03   1.1936621E+01   4.1738384E+03   5.0600440E-04   1.7061847E-06   5.0456141E-04
   8.5000000E-01   2.7187409E+03   3.7448222E+00   2.7224857E+03   1.0682336E-03   1.6117192E-05   1.0667862E-03
   9.0000000E-01   1.5208139E+03   0.0000000E+00   1.5208139E+03   2.5649642E-03   0.0000000E+00   2.5649642E-03
   9.5000000E-01   8.1085255E+02   0.0000000E+00   8.1085255E+02   2.1259666E-03   0.0000000E+00   2.1259666E-03
   1.0000000E+00   3.1438013E+02   0.0000000E+00   3.1438013E+02   1.1523776E-05   0.0000000E+00   1.1523776E-05
