   0.0000000E+00   2.3642530E+07   1.7005387E+07   4.0459478E+07   1.4654051E-02   1.0114243E-07   8.5119327E-03
   5.0000000E-02   2.0944791E+04   3.6923947E+03   2.4637185E+04   1.2530532E-01   7.9929245E-06   1.0652454E-01
   1.0000000E-01   1.0631550E+04   0.0000000E+00   1.0631550E+04   2.5852665E-06   0.0000000E+00   2.5852665E-06
   1.5000000E-01   1.0801315E+04   0.0000000E+00   1.0801315E+04   1.6386901E-04   0.0000000E+00   1.6386901E-04
   2.0000000E-01   1.1379578E+04   0.0000000E+00   1.1379578E+04   2.4255812E-06   0.0000000E+00   2.4255812E-06
   2.5000000E-01   1.1993917E+04   0.0000000E+00   1.1993917E+04   2.1514502E-06   0.0000000E+00   2.1514502E-06
   3.0000000E-01   1.1756245E+04   0.0000000E+00   1.1756245E+04   2.9583271E-06   0.0000000E+00   2.9583271E-06
   3.5000000E-01   1.3196218E+04   0.0000000E+00   1.3196218E+04   8.2544536E-05   0.0000000E+00   8.2544536E-05
   4.0000000E-01   1.4666128E+04   0.0000000E+00   1.4666128E+04   5.8162416E-06   0.0000000E+00   5.8162416E-06
   4.5000000E-01   1.7627294E+04   0.0000000E+00   1.7627294E+04   1.0112129E-04   0.0000000E+00   1.0112129E-04
   5.0000000E-01   2.4503495E+04   0.0000000E+00   2.4497129E+04   8.5700288E-06   0.0000000E+00   8.5722559E-06
   5.5000000E-01   3.5193499E+04   0.0000000E+00   3.5205073E+04   9.8239018E-06   0.0000000E+00   9.8134149E-06
   6.0000000E-01   3.6605637E+02   0.0000000E+00   3.6605637E+02   1.7588354E-03   0.0000000E+00   1.7588354E-03
   6.5000000E-01   0.0000000E+00   0.0000000E+00   0.0000000E+00   0.0000000E+00   0.0000000E+00   0.0000000E+00
   7.0000000E-01   0.0000000E+00   0.0000000E+00   0.0000000E+00   0.0000000E+00   0.0000000E+00   0.0000000E+00
   7.5000000E-01   0.0000000E+00   0.0000000E+00   0.0000000E+00   0.0000000E+00   0.0000000E+00   0.0000000E+00
   8.0000000E-01   0.0000000E+00   0.0000000E+00   0.0000000E+00   0.0000000E+00   0.0000000E+00   0.0000000E+00
   8.5000000E-01   0.0000000E+00   0.0000000E+00   0.0000000E+00   0.0000000E+00   0.0000000E+00   0.0000000E+00
   9.0000000E-01   0.0000000E+00   0.0000000E+00   0.0000000E+00   0.0000000E+00   0.0000000E+00   0.0000000E+00
   9.5000000E-01   0.0000000E+00   0.0000000E+00   0.0000000E+00   0.0000000E+00   0.0000000E+00   0.0000000E+00
   1.0000000E+00   0.0000000E+00   0.0000000E+00   0.0000000E+00   0.0000000E+00   0.0000000E+00   0.0000000E+00
