   0.0000000E+00   1.6183893E+07   1.0841889E+07   2.6882670E+07   2.1430550E-03   7.8629575E-04   1.6015414E-03
   5.0000000E-02   2.2593636E+05   9.8421417E+04   3.2416679E+05   3.0188939E-02   1.4506831E-02   2.5343041E-02
   1.0000000E-01   8.1073528E+04   3.4918595E+04   1.1586480E+05   2.4623503E-02   1.5646870E-02   2.1263963E-02
   1.5000000E-01   5.3157751E+04   2.0987232E+04   7.4123762E+04   2.7984448E-02   4.6704896E-03   2.1358706E-02
   2.0000000E-01   3.7656060E+04   1.4721832E+04   5.2361976E+04   3.4683070E-02   7.4682300E-03   2.6897212E-02
   2.5000000E-01   2.8100397E+04   1.1255438E+04   3.9304905E+04   2.3639042E-02   9.8103477E-03   1.9501210E-02
   3.0000000E-01   2.3289673E+04   8.7323012E+03   3.2011364E+04   1.9896270E-02   9.6793684E-04   1.4498706E-02
   3.5000000E-01   1.8834851E+04   6.7754533E+03   2.5610304E+04   1.7865622E-02   9.2229338E-03   1.5336716E-02
   4.0000000E-01   1.5979156E+04   5.4033103E+03   2.1374509E+04   2.3132093E-02   8.9521409E-03   1.9008275E-02
   4.5000000E-01   1.4104665E+04   4.4421913E+03   1.8561003E+04   2.6116334E-02   6.5836468E-03   2.0995020E-02
   5.0000000E-01   1.1083550E+04   3.8006200E+03   1.4884170E+04   2.8168077E-02   7.1441322E-03   2.2646318E-02
   5.5000000E-01   1.0417414E+04   3.1888863E+03   1.3606301E+04   2.8867374E-02   4.5650903E-03   2.3121257E-02
   6.0000000E-01   8.5784514E+03   2.6048359E+03   1.1183287E+04   2.4436045E-02   1.1280946E-02   2.0851112E-02
   6.5000000E-01   7.4288630E+03   2.1889926E+03   9.6178556E+03   2.0135424E-02   9.8605803E-03   1.7733376E-02
   7.0000000E-01   6.6435821E+03   1.7643462E+03   8.4079283E+03   2.7834824E-02   3.3380830E-03   2.2640560E-02
   7.5000000E-01   5.3942915E+03   1.4769579E+03   6.8712494E+03   3.9296855E-02   6.5229027E-03   3.1861882E-02
   8.0000000E-01   4.7109863E+03   1.1379578E+03   5.8449653E+03   2.6910641E-02   7.5396049E-03   2.1237078E-02
   8.5000000E-01   3.7523118E+03   9.4369519E+02   4.6960070E+03   2.8176899E-02   4.8720336E-03   2.3492284E-02
   9.0000000E-01   3.1618782E+03   7.2503919E+02   3.8869174E+03   3.0964723E-02   9.1002069E-03   2.6864650E-02
   9.5000000E-01   2.0237808E+03   4.3223132E+02   2.4560121E+03   2.7035844E-02   8.8538293E-03   2.3734849E-02
   1.0000000E+00   7.1678671E+02   1.0688925E+02   8.2367595E+02   2.8131849E-02   9.5127874E-06   2.4480220E-02
