   0.0000000E+00   1.2443625E+07   9.4250284E+06   2.1825872E+07   9.8505701E-05   5.4186850E-05   5.9682790E-05
   5.0000000E-02   1.2891550E+05   7.5248457E+04   2.0416396E+05   4.9634708E-04   1.3323852E-03   8.0355140E-04
   1.0000000E-01   6.4425921E+04   3.2913242E+04   9.7307332E+04   4.4714993E-03   8.4050778E-04   2.6857286E-03
   1.5000000E-01   4.5433431E+04   2.1072114E+04   6.6505546E+04   2.8964817E-03   2.1400586E-03   2.4591961E-03
   2.0000000E-01   3.5475637E+04   1.5231128E+04   5.0706765E+04   6.3140357E-03   2.2298647E-03   3.8828531E-03
   2.5000000E-01   2.9526425E+04   1.1955719E+04   4.1469412E+04   2.7313013E-03   6.0823173E-03   3.3406689E-03
   3.0000000E-01   2.4424979E+04   9.2415970E+03   3.3666576E+04   2.9434890E-03   3.0554890E-03   2.9321323E-03
   3.5000000E-01   2.1299479E+04   7.7485721E+03   2.9038956E+04   1.4640246E-03   3.1216968E-03   1.7309761E-03
   4.0000000E-01   1.9607889E+04   6.9152823E+03   2.6523171E+04   2.5642411E-03   3.6224853E-03   9.5762761E-04
   4.5000000E-01   1.7556559E+04   5.7437251E+03   2.3293210E+04   6.9206232E-04   9.0060197E-04   5.3673461E-04
   5.0000000E-01   1.5164283E+04   5.1820849E+03   2.0333636E+04   1.4662642E-03   3.3141833E-03   1.5076348E-03
   5.5000000E-01   1.4109809E+04   4.3695266E+03   1.8479336E+04   8.4116244E-04   2.9675701E-03   1.7509063E-04
   6.0000000E-01   1.2477748E+04   3.9841787E+03   1.6461926E+04   3.1134200E-03   1.9907930E-03   2.2417348E-03
   6.5000000E-01   1.1728495E+04   3.5797620E+03   1.5308257E+04   4.9238867E-03   4.5643202E-03   4.0123165E-03
   7.0000000E-01   1.0340524E+04   3.1740043E+03   1.3514528E+04   2.0355292E-03   3.1226915E-03   2.1160075E-03
   7.5000000E-01   9.5577848E+03   2.5167702E+03   1.2074555E+04   2.9735466E-03   3.0540074E-03   2.7773467E-03
   8.0000000E-01   8.7097543E+03   2.4788382E+03   1.1188592E+04   4.6231038E-03   1.8850440E-03   3.5812328E-03
   8.5000000E-01   8.3509535E+03   2.1570176E+03   1.0507971E+04   2.2336332E-03   4.1289500E-03   9.6020753E-04
   9.0000000E-01   7.0664795E+03   1.9487639E+03   9.0152433E+03   1.7907391E-03   3.8140636E-03   2.2257509E-03
   9.5000000E-01   3.6622390E+03   9.0802083E+02   4.5702598E+03   4.1314922E-03   7.1529227E-03   4.7254029E-03
   1.0000000E+00   8.4253876E+02   1.3832726E+02   9.8086602E+02   2.6873948E-02   2.8402050E-02   2.0555832E-02
