   0.0000000E+00   2.1193327E+07   1.1169367E+07   3.2152354E+07   2.0664819E-03   2.2195942E-05   1.3584955E-03
   5.0000000E-02   2.4879101E+05   1.0606085E+05   3.5466088E+05   2.9076624E-02   2.1515421E-03   2.1034244E-02
   1.0000000E-01   8.1423669E+04   3.8229017E+04   1.1962086E+05   2.1087909E-02   1.3475532E-03   1.4759638E-02
   1.5000000E-01   4.0998313E+04   2.0244509E+04   6.1221601E+04   1.8891282E-02   9.1030241E-04   1.2766303E-02
   2.0000000E-01   2.7358735E+04   1.3273522E+04   4.0632257E+04   2.1021592E-02   1.8866463E-03   1.4767201E-02
   2.5000000E-01   2.0320903E+04   9.4729022E+03   2.9742876E+04   2.4555486E-02   8.3184428E-04   1.6789139E-02
   3.0000000E-01   1.5395588E+04   6.9497658E+03   2.2334744E+04   2.4500323E-02   5.0191456E-04   1.7169210E-02
   3.5000000E-01   1.3077989E+04   5.8841856E+03   1.8953080E+04   2.8218221E-02   4.6360635E-04   1.9511627E-02
   4.0000000E-01   9.9551417E+03   4.8144370E+03   1.4769579E+04   1.2836391E-02   1.5471927E-03   8.4540902E-03
   4.5000000E-01   9.1885454E+03   4.2441318E+03   1.3432677E+04   2.7681920E-02   3.3228439E-04   1.8973803E-02
   5.0000000E-01   7.3784232E+03   3.2976904E+03   1.0676114E+04   2.3172107E-02   6.5556245E-04   1.5812367E-02
   5.5000000E-01   6.4645844E+03   2.8069145E+03   9.2714989E+03   2.0486318E-02   1.6349024E-03   1.4361173E-02
   6.0000000E-01   5.4059629E+03   2.3767138E+03   7.7826767E+03   2.1177101E-02   4.2115262E-04   1.4702587E-02
   6.5000000E-01   4.5983536E+03   1.5719611E+03   6.1654176E+03   1.7985509E-02   1.7479224E-05   1.3636267E-02
   7.0000000E-01   3.7424148E+03   1.5642657E+03   5.2975860E+03   3.4191958E-02   1.4504807E-05   2.4441983E-02
   7.5000000E-01   3.1830989E+03   1.2520189E+03   4.4351177E+03   1.5065670E-02   1.1585317E-04   1.0780005E-02
   8.0000000E-01   2.6101411E+03   1.0345071E+03   3.6406693E+03   2.5224383E-02   1.4296051E-03   1.8451320E-02
   8.5000000E-01   1.8574318E+03   8.4258499E+02   2.7000168E+03   1.0010188E-02   2.2173791E-04   6.9552775E-03
   9.0000000E-01   1.3864164E+03   6.3308300E+02   2.0194994E+03   2.3024838E-02   7.4085687E-06   1.5808579E-02
   9.5000000E-01   8.5776138E+02   4.0207565E+02   1.2598370E+03   1.2780874E-02   1.4799788E-06   8.7015062E-03
   1.0000000E+00   3.5210575E+02   1.6347767E+02   5.1558342E+02   2.4913016E-02   4.6442522E-07   1.7013623E-02
