   0.0000000E+00   3.0182907E+07   1.6241953E+07   4.5889081E+07   4.1619659E-03   2.3708899E-08   2.7036624E-03
   5.0000000E-02   1.6959551E+05   4.5581976E+04   2.1498650E+05   2.3769799E-01   4.7495816E-06   1.8719300E-01
   1.0000000E-01   3.5141411E+04   9.2628177E+03   4.4404229E+04   2.7963589E-01   4.9539599E-06   2.2151915E-01
   1.5000000E-01   7.9153058E+03   2.2918312E+03   1.0207137E+04   2.9661636E-01   2.2528441E-05   2.3002149E-01
   2.0000000E-01   2.0053523E+03   4.2971835E+02   2.4350706E+03   2.7661600E-01   3.3293294E-06   2.2780200E-01
   2.5000000E-01   6.4935217E+02   3.8197186E+01   6.8754935E+02   8.5458357E-02   1.0123692E-05   8.0710108E-02
   3.0000000E-01   5.3051648E+02   0.0000000E+00   5.3051648E+02   3.3159749E-02   0.0000000E+00   3.3159749E-02
   3.5000000E-01   4.6382298E+02   0.0000000E+00   4.6382298E+02   1.7479807E-06   0.0000000E+00   1.7479807E-06
   4.0000000E-01   5.4112681E+02   0.0000000E+00   5.4112681E+02   8.8217491E-07   0.0000000E+00   8.8217491E-07
   4.5000000E-01   4.3856029E+02   0.0000000E+00   4.3856029E+02   1.4965978E-05   0.0000000E+00   1.4965978E-05
   5.0000000E-01   3.7560567E+02   0.0000000E+00   3.7560567E+02   4.0708498E-05   0.0000000E+00   4.0708498E-05
   5.5000000E-01   4.3405894E+02   0.0000000E+00   4.3405894E+02   1.5805712E-05   0.0000000E+00   1.5805712E-05
   6.0000000E-01   4.6154933E+02   0.0000000E+00   4.6154933E+02   1.0869328E-05   0.0000000E+00   1.0869328E-05
   6.5000000E-01   5.9254610E+02   0.0000000E+00   5.9254610E+02   7.3630356E-07   0.0000000E+00   7.3630356E-07
   7.0000000E-01   6.6390348E+02   0.0000000E+00   6.6390348E+02   2.7469028E-06   0.0000000E+00   2.7469028E-06
   7.5000000E-01   7.5121133E+02   0.0000000E+00   7.5121133E+02   1.4193070E-06   0.0000000E+00   1.4193070E-06
   8.0000000E-01   7.7190147E+02   0.0000000E+00   7.7190147E+02   8.2457049E-06   0.0000000E+00   8.2457049E-06
   8.5000000E-01   9.6616413E+02   0.0000000E+00   9.6616413E+02   4.4367689E-06   0.0000000E+00   4.4367689E-06
   9.0000000E-01   1.2025040E+03   0.0000000E+00   1.2025040E+03   3.0120346E-05   0.0000000E+00   3.0120346E-05
   9.5000000E-01   1.2631877E+03   0.0000000E+00   1.2631877E+03   6.3594122E-06   0.0000000E+00   6.3594122E-06
   1.0000000E+00   5.7845945E+02   0.0000000E+00   5.7845945E+02   6.5328841E-06   0.0000000E+00   6.5328841E-06
