   0.0000000E+00   7.1301415E+06   9.3328459E+06   1.6452801E+07   1.9789792E-05   1.7983336E-05   1.5655695E-05
   5.0000000E-02   2.1263100E+05   1.2732395E+05   3.3989130E+05   3.8160564E-04   2.3814517E-04   1.6736154E-04
   1.0000000E-01   1.2159438E+05   5.8505357E+04   1.8009973E+05   3.9377244E-04   4.8515152E-04   4.2099471E-04
   1.5000000E-01   8.8787238E+04   3.6202444E+04   1.2498968E+05   5.0472492E-04   2.4077437E-04   3.6168571E-04
   2.0000000E-01   7.3704654E+04   2.5830847E+04   9.9535501E+04   3.8621483E-04   1.2843681E-03   5.8415816E-04
   2.5000000E-01   6.2719780E+04   1.9200452E+04   8.1907500E+04   3.8728152E-04   4.0798944E-04   3.3535287E-04
   3.0000000E-01   5.4314277E+04   1.4026856E+04   6.8319912E+04   6.1023180E-04   1.1643967E-03   7.0764604E-04
   3.5000000E-01   4.6927972E+04   1.1722898E+04   5.8632681E+04   2.4583119E-04   4.7596629E-04   2.4805367E-04
   4.0000000E-01   4.2892257E+04   1.0520142E+04   5.3404441E+04   5.3692569E-04   1.0754032E-03   5.8283754E-04
   4.5000000E-01   3.3797436E+04   7.6111431E+03   4.1422727E+04   1.1370332E-03   1.5447703E-03   1.0895388E-03
   5.0000000E-01   1.6583945E+04   2.6292397E+03   1.9213185E+04   3.6465407E-04   7.2627711E-04   2.3037711E-04
   5.5000000E-01   1.1256595E+04   1.7420232E+03   1.2998618E+04   7.6434316E-04   1.6431117E-03   4.4762701E-04
   6.0000000E-01   8.3927707E+03   9.6023482E+02   9.3530055E+03   3.2540469E-03   8.3023192E-03   2.6398229E-03
   6.5000000E-01   6.1801089E+03   7.1987005E+02   6.8999789E+03   1.7348388E-03   9.1189873E-03   1.6956667E-03
   7.0000000E-01   4.9156141E+03   4.7291755E+02   5.3885316E+03   1.9675660E-03   1.0749201E-02   2.4760841E-03
   7.5000000E-01   3.6669299E+03   3.1830989E+02   3.9852398E+03   3.8043672E-03   6.0291844E-03   3.0460331E-03
   8.0000000E-01   2.5345425E+03   1.9098593E+02   2.7255284E+03   5.2112922E-03   1.9004701E-02   4.4071735E-03
   8.5000000E-01   2.0971004E+03   1.7975147E+02   2.2768519E+03   6.2735330E-03   1.8979768E-02   6.2909579E-03
   9.0000000E-01   1.3899532E+03   1.2025040E+02   1.5102036E+03   9.6850244E-03   3.4037221E-02   6.2408117E-03
   9.5000000E-01   8.4770949E+02   7.0363238E+01   9.1807272E+02   1.7061788E-02   4.4870689E-02   1.4025819E-02
   1.0000000E+00   3.6468096E+02   6.2876027E+00   3.7096856E+02   3.4929509E-02   2.1528726E-07   3.4337483E-02
