   0.0000000E+00   3.3459717E+07   1.6828662E+07   4.9773480E+07   2.6309411E-07   2.6870858E-09   1.7595383E-07
   5.0000000E-02   1.0185916E+03   2.5464791E+02   1.2732395E+03   8.8323935E-02   3.0870298E-01   1.3239974E-01
   1.0000000E-01   3.1830989E+02   1.2732395E+02   4.4563384E+02   1.4553221E-01   1.0504952E-01   1.3396573E-01
   1.5000000E-01   2.1220659E+02   1.6976527E+02   3.8197186E+02   2.3041453E-01   9.7113244E-02   1.7116951E-01
   2.0000000E-01   1.9098593E+02   9.5492966E+01   2.8647890E+02   1.9645939E-01   1.2044465E-01   1.7112114E-01
   2.5000000E-01   1.0185916E+02   7.6394373E+01   1.7825354E+02   1.2449482E-01   1.3592757E-01   1.2939457E-01
   3.0000000E-01   9.5492966E+01   5.3051648E+01   1.4854461E+02   1.3443346E-01   1.0020303E-01   1.2220831E-01
   3.5000000E-01   1.1822939E+02   2.7283705E+01   1.4551309E+02   1.2532636E-01   2.0375885E-01   1.4003245E-01
   4.0000000E-01   5.5704230E+01   1.5915494E+01   7.1619724E+01   1.8399428E-01   9.1796225E-02   1.6350582E-01
   4.5000000E-01   4.9514871E+01   7.0735530E+00   5.6588424E+01   5.5501617E-02   1.5127773E-05   4.8562024E-02
   5.0000000E-01   5.0929582E+01   0.0000000E+00   5.0929582E+01   2.3762297E-01   0.0000000E+00   2.3762297E-01
   5.5000000E-01   2.3149810E+01   1.1574905E+01   3.4724715E+01   6.6885413E-02   2.8231567E-06   4.4589335E-02
   6.0000000E-01   5.3051648E+01   5.3051648E+00   5.8356812E+01   2.0571715E-01   4.9049969E-06   1.8701515E-01
   6.5000000E-01   3.4279526E+01   4.8970752E+00   3.9176601E+01   3.3358377E-02   2.4299278E-06   2.9188884E-02
   7.0000000E-01   2.2736420E+01   9.0945682E+00   3.1830989E+01   2.3146302E-01   3.6965871E-01   2.7094750E-01
   7.5000000E-01   2.9708923E+01   8.4882636E+00   3.8197186E+01   2.7674140E-01   2.0832631E-01   2.6153805E-01
   8.0000000E-01   3.1830989E+01   7.9577472E+00   3.9788736E+01   2.3910896E-01   1.1760161E-01   2.1480749E-01
   8.5000000E-01   2.6213755E+01   3.7448222E+00   2.9958578E+01   3.2350634E-01   9.5613114E-06   2.8306924E-01
   9.0000000E-01   2.4757436E+01   0.0000000E+00   2.4757436E+01   5.8714170E-02   0.0000000E+00   5.8714170E-02
   9.5000000E-01   1.3402522E+01   0.0000000E+00   1.3402522E+01   3.0304323E-01   0.0000000E+00   3.0304323E-01
   1.0000000E+00   1.2575205E+01   0.0000000E+00   1.2575205E+01   2.1104775E-01   0.0000000E+00   2.1104775E-01
