   0.0000000E+00   1.6748193E+07   1.0783320E+07   2.7416412E+07   1.6614872E-03   4.1443436E-04   1.1624883E-03
   5.0000000E-02   2.5980453E+05   1.2624170E+05   3.8598257E+05   1.8178887E-03   3.9613458E-03   2.3532507E-03
   1.0000000E-01   8.2187613E+04   3.5205073E+04   1.1736086E+05   5.0620279E-03   7.7538482E-04   3.6654395E-03
   1.5000000E-01   4.9210708E+04   2.1220659E+04   7.0388926E+04   6.6524241E-03   2.4402369E-04   4.7837232E-03
   2.0000000E-01   3.6494228E+04   1.4021550E+04   5.0515779E+04   7.8415572E-03   1.5390764E-03   5.2396427E-03
   2.5000000E-01   2.8138594E+04   1.0580621E+04   3.8706482E+04   6.6341806E-03   1.8861340E-03   4.4074876E-03
   3.0000000E-01   2.1920941E+04   8.2230054E+03   3.0133336E+04   5.2307415E-03   9.7438408E-04   3.7067944E-03
   3.5000000E-01   1.8152758E+04   6.6390348E+03   2.4773604E+04   8.4399406E-03   3.6112317E-03   5.9634534E-03
   4.0000000E-01   1.5390283E+04   5.2282399E+03   2.0618523E+04   4.8086293E-03   3.3291503E-03   2.7679792E-03
   4.5000000E-01   1.2916308E+04   4.5624417E+03   1.7478750E+04   3.5729956E-03   3.1958371E-03   3.3947716E-03
   5.0000000E-01   1.1490987E+04   3.7051271E+03   1.5196114E+04   1.6717528E-02   2.7727631E-03   1.3070116E-02
   5.5000000E-01   9.2020494E+03   2.8879388E+03   1.2084201E+04   7.8233843E-03   2.9668475E-03   6.6386047E-03
   6.0000000E-01   8.3874655E+03   2.4403758E+03   1.0822536E+04   5.6545282E-03   2.8265929E-03   4.1465640E-03
   6.5000000E-01   7.2035976E+03   2.0714628E+03   9.2750604E+03   1.1553072E-02   1.2247007E-03   8.8122300E-03
   7.0000000E-01   6.2206846E+03   1.6915897E+03   7.9122743E+03   4.9114282E-03   4.5355460E-03   2.9042552E-03
   7.5000000E-01   5.0590051E+03   1.4981785E+03   6.5571837E+03   4.9730965E-03   4.3501288E-03   4.4901306E-03
   8.0000000E-01   4.0783454E+03   1.1021480E+03   5.1804934E+03   9.7665384E-03   3.9726296E-03   7.9744883E-03
   8.5000000E-01   3.6849050E+03   7.7517819E+02   4.4600832E+03   2.0330373E-03   4.1518315E-03   2.3604205E-03
   9.0000000E-01   2.6384353E+03   5.7295780E+02   3.2113931E+03   7.7362552E-03   3.8665742E-03   6.3715819E-03
   9.5000000E-01   1.5546925E+03   4.6573762E+02   2.0204301E+03   1.6283940E-02   1.7778570E-03   1.2747148E-02
   1.0000000E+00   4.4013219E+02   1.7605288E+02   6.1618506E+02   1.4467933E-02   8.2411250E-03   1.1519482E-02
