   0.0000000E+00   2.0712042E+07   1.1841128E+07   3.2505806E+07   1.5749488E-04   4.5403953E-04   8.3228263E-05
   5.0000000E-02   1.9741579E+05   9.0336346E+04   2.8775214E+05   1.2907025E-03   3.6781447E-03   4.5545095E-04
   1.0000000E-01   5.9746766E+04   2.5528453E+04   8.5275219E+04   4.3722520E-03   3.4253222E-03   4.0841028E-03
   1.5000000E-01   3.7539346E+04   1.6636997E+04   5.4176343E+04   5.2278363E-03   1.1687837E-03   3.4583266E-03
   2.0000000E-01   2.6308312E+04   1.1602395E+04   3.7910707E+04   1.0876382E-02   3.3105797E-03   8.3240722E-03
   2.5000000E-01   2.1301298E+04   8.2251275E+03   2.9526425E+04   9.4720296E-03   9.0976974E-03   9.3320946E-03
   3.0000000E-01   1.7146293E+04   6.8861039E+03   2.4021786E+04   3.4392329E-03   7.9511397E-03   4.6792153E-03
   3.5000000E-01   1.4560404E+04   5.5385920E+03   2.0098996E+04   1.0428717E-02   6.8710823E-03   5.6616747E-03
   4.0000000E-01   1.1777466E+04   4.3608454E+03   1.6138311E+04   2.2641436E-03   3.3774182E-03   2.4041933E-03
   4.5000000E-01   9.8322387E+03   3.6641005E+03   1.3496339E+04   5.4271107E-03   1.1581591E-02   1.0937353E-03
   5.0000000E-01   8.7025923E+03   3.2340284E+03   1.1936621E+04   8.1789443E-03   1.4674543E-03   5.6922596E-03
   5.5000000E-01   7.9982593E+03   2.4596673E+03   1.0457927E+04   7.6867792E-03   2.9648529E-03   5.9881002E-03
   6.0000000E-01   6.4245545E+03   2.2706105E+03   8.6951651E+03   2.3606949E-03   6.1457255E-03   3.3467849E-03
   6.5000000E-01   5.8226224E+03   1.8951681E+03   7.7177905E+03   8.0052326E-03   6.6907597E-03   5.0159348E-03
   7.0000000E-01   4.6746080E+03   1.5915494E+03   6.2661575E+03   7.3705942E-03   1.1752875E-02   3.6141652E-03
   7.5000000E-01   4.1804698E+03   1.3538780E+03   5.5343479E+03   3.2620270E-03   8.8097967E-03   3.1106106E-03
   8.0000000E-01   3.3422538E+03   1.2533452E+03   4.5955990E+03   1.1597936E-02   3.7755957E-03   8.1094981E-03
   8.5000000E-01   2.6513341E+03   9.9986752E+02   3.6512016E+03   8.6759204E-03   6.1029738E-03   5.0804686E-03
   9.0000000E-01   2.1928014E+03   6.4723010E+02   2.8400315E+03   6.6408830E-03   2.9203413E-02   1.0628863E-02
   9.5000000E-01   1.3536547E+03   3.5516682E+02   1.7088215E+03   8.3755737E-03   1.8626230E-02   3.5722336E-03
   1.0000000E+00   4.7157020E+02   1.2575205E+02   5.9732226E+02   2.4757989E-02   5.2543634E-02   2.8601524E-02
