   0.0000000E+00   3.3238682E+07   1.6715089E+07   4.9596245E+07   3.9809848E-05   1.2215934E-05   3.0765962E-05
   5.0000000E-02   3.5014087E+03   1.7188734E+03   5.2202821E+03   1.7648079E-01   1.0782418E-01   1.5384113E-01
   1.0000000E-01   2.0053523E+03   8.9126768E+02   2.8966200E+03   1.7767437E-01   1.2101767E-01   1.6024153E-01
   1.5000000E-01   1.5066668E+03   3.8197186E+02   1.8886387E+03   1.6403357E-01   1.2469232E-01   1.5523668E-01
   2.0000000E-01   1.3209860E+03   3.6605637E+02   1.6870424E+03   1.6615762E-01   1.2724549E-01   1.5739183E-01
   2.5000000E-01   6.8754935E+02   3.5650707E+02   1.0440564E+03   1.9228137E-01   8.9711420E-02   1.5725609E-01
   3.0000000E-01   6.2600944E+02   1.8037560E+02   8.0638504E+02   1.6888085E-01   8.1700457E-02   1.4937627E-01
   3.5000000E-01   5.0020125E+02   1.0913482E+02   6.0933607E+02   1.7769925E-01   9.1326059E-02   1.6222261E-01
   4.0000000E-01   5.4908455E+02   1.5119720E+02   7.0028175E+02   1.8807907E-01   5.8792646E-02   1.6016441E-01
   4.5000000E-01   2.7586857E+02   1.4147106E+02   4.1733963E+02   2.0610541E-01   1.0475230E-01   1.7174842E-01
   5.0000000E-01   3.3104228E+02   1.0822536E+02   4.3926764E+02   2.2207113E-01   9.1784379E-02   1.8994028E-01
   5.5000000E-01   2.1992319E+02   5.2087072E+01   2.7201027E+02   2.2978114E-01   1.0647958E-01   2.0617021E-01
   6.0000000E-01   2.3342725E+02   9.5492966E+01   3.2892022E+02   2.4859080E-01   6.6699795E-02   1.9578172E-01
   6.5000000E-01   2.0078008E+02   6.3661977E+01   2.6444206E+02   2.4174948E-01   8.6148654E-02   2.0427809E-01
   7.0000000E-01   1.2732395E+02   5.4567409E+01   1.8189136E+02   2.3296182E-01   1.6278349E-01   2.1184492E-01
   7.5000000E-01   1.1883569E+02   2.9708923E+01   1.4854461E+02   2.7103905E-01   1.0050924E-01   2.3693308E-01
   8.0000000E-01   1.1936621E+02   3.9788736E+01   1.5915494E+02   2.4447166E-01   1.4417508E-01   2.1938838E-01
   8.5000000E-01   9.3620555E+01   2.9958578E+01   1.2357913E+02   2.9386728E-01   3.9422708E-02   2.3218305E-01
   9.0000000E-01   6.0125201E+01   1.7683883E+01   7.7809083E+01   3.7306846E-01   8.4820910E-02   3.0755765E-01
   9.5000000E-01   5.0259456E+01   1.6753152E+01   6.7012608E+01   1.8753044E-01   1.7806037E-06   1.4064827E-01
   1.0000000E+00   1.8862808E+01   0.0000000E+00   1.8862808E+01   4.1569843E-01   0.0000000E+00   4.1569843E-01
