   0.0000000E+00   3.3302344E+07   1.6875517E+07   4.9575874E+07   1.8016029E-05   5.4626031E-10   1.2102363E-05
   5.0000000E-02   1.4005635E+03   2.5464791E+02   1.6552114E+03   1.7329771E-01   4.8214765E-06   1.4663726E-01
   1.0000000E-01   6.3661977E+02   1.2732395E+02   7.6394373E+02   2.2846098E-01   3.2004778E-06   1.9038362E-01
   1.5000000E-01   3.6075120E+02   8.4882636E+01   4.4563384E+02   1.3581426E-01   3.9242692E-06   1.0994562E-01
   2.0000000E-01   2.3873241E+02   4.7746483E+01   2.8647890E+02   1.9320032E-01   9.3503910E-07   1.6100043E-01
   2.5000000E-01   2.8011270E+02   6.3661977E+01   3.4377468E+02   1.4441212E-01   5.1752743E-06   1.1767009E-01
   3.0000000E-01   1.4854461E+02   1.0610330E+01   1.5915494E+02   1.5727967E-01   4.5989711E-06   1.4679405E-01
   3.5000000E-01   1.0913482E+02   2.7283705E+01   1.3641852E+02   2.8462751E-01   5.7871296E-06   2.2770316E-01
   4.0000000E-01   7.9577472E+01   7.9577472E+00   8.7535219E+01   1.6137713E-01   1.2970366E-05   1.4670766E-01
   4.5000000E-01   7.7809083E+01   1.4147106E+01   9.1956189E+01   1.0245075E-01   1.0748542E-06   8.6688934E-02
   5.0000000E-01   1.0185916E+02   1.2732395E+01   1.1459156E+02   4.5402161E-02   1.7034415E-06   4.0357287E-02
   5.5000000E-01   4.0512167E+01   0.0000000E+00   4.0512167E+01   8.2237014E-02   0.0000000E+00   8.2237014E-02
   6.0000000E-01   2.6525824E+01   5.3051648E+00   3.1830989E+01   8.5615012E-02   3.1567459E-05   7.1351104E-02
   6.5000000E-01   4.4073677E+01   0.0000000E+00   4.4073677E+01   3.9821922E-02   0.0000000E+00   3.9821922E-02
   7.0000000E-01   4.0925557E+01   0.0000000E+00   4.0925557E+01   8.4888689E-02   0.0000000E+00   8.4888689E-02
   7.5000000E-01   2.5464791E+01   0.0000000E+00   2.5464791E+01   3.5043647E-05   0.0000000E+00   3.5043647E-05
   8.0000000E-01   2.3873241E+01   0.0000000E+00   2.3873241E+01   6.4747628E-02   0.0000000E+00   6.4747628E-02
   8.5000000E-01   1.8724111E+01   0.0000000E+00   1.8724111E+01   1.6812928E-06   0.0000000E+00   1.6812928E-06
   9.0000000E-01   1.0610330E+01   0.0000000E+00   1.0610330E+01   3.1021339E-05   0.0000000E+00   3.1021339E-05
   9.5000000E-01   6.7012608E+00   0.0000000E+00   6.7012608E+00   1.5303099E-05   0.0000000E+00   1.5303099E-05
   1.0000000E+00   0.0000000E+00   0.0000000E+00   0.0000000E+00   0.0000000E+00   0.0000000E+00   0.0000000E+00
