   0.0000000E+00   1.8334649E+04   1.4706426E+07   1.4723742E+07   3.2314609E-06   9.7778215E-06   9.7696359E-06
   5.0000000E-02   2.4318875E+04   2.7610200E+05   3.0048453E+05   1.6520416E-04   1.1003762E-04   9.4264134E-05
   1.0000000E-01   2.4732678E+04   3.1830989E+02   2.5050988E+04   8.5841675E-05   4.8075310E-02   5.3080018E-04
   1.5000000E-01   2.3979345E+04   2.1220659E+01   2.4000565E+04   2.4394310E-05   1.5469314E-01   1.3354094E-04
   2.0000000E-01   2.4239298E+04   6.3661977E+01   2.4302960E+04   8.2021740E-06   2.5551706E-01   6.7562509E-04
   2.5000000E-01   2.6343326E+04   0.0000000E+00   2.6343326E+04   1.4490306E-04   0.0000000E+00   1.4490306E-04
   3.0000000E-01   2.6525824E+04   1.0610330E+01   2.6536434E+04   2.9853688E-05   1.4437806E-01   2.9855570E-05
   3.5000000E-01   2.7447407E+04   0.0000000E+00   2.7447407E+04   4.1127516E-05   0.0000000E+00   4.1127516E-05
   4.0000000E-01   3.0088242E+04   0.0000000E+00   3.0088242E+04   7.1913565E-05   0.0000000E+00   7.1913565E-05
   4.5000000E-01   3.2651521E+04   0.0000000E+00   3.2651521E+04   1.1392317E-04   0.0000000E+00   1.1392317E-04
   5.0000000E-01   3.6440116E+04   0.0000000E+00   3.6440116E+04   5.3155331E-05   0.0000000E+00   5.3155960E-05
   5.5000000E-01   4.2879235E+04   0.0000000E+00   4.2873448E+04   4.3963525E-05   0.0000000E+00   4.3969092E-05
   6.0000000E-01   5.8324981E+04   0.0000000E+00   5.8335592E+04   2.6184023E-05   0.0000000E+00   2.6182649E-05
   6.5000000E-01   9.2843648E+04   0.0000000E+00   9.2819163E+04   2.6177534E-05   0.0000000E+00   2.6607333E-05
   7.0000000E-01   1.6729458E+04   0.0000000E+00   1.6724911E+04   1.6186009E-05   0.0000000E+00   1.6190354E-05
   7.5000000E-01   5.0929582E+01   0.0000000E+00   5.0929582E+01   5.2601626E-02   0.0000000E+00   5.2601626E-02
   8.0000000E-01   3.9788736E+00   0.0000000E+00   3.9788736E+00   2.3857120E-01   0.0000000E+00   2.3857120E-01
   8.5000000E-01   0.0000000E+00   0.0000000E+00   0.0000000E+00   0.0000000E+00   0.0000000E+00   0.0000000E+00
   9.0000000E-01   0.0000000E+00   0.0000000E+00   0.0000000E+00   0.0000000E+00   0.0000000E+00   0.0000000E+00
   9.5000000E-01   0.0000000E+00   0.0000000E+00   0.0000000E+00   0.0000000E+00   0.0000000E+00   0.0000000E+00
   1.0000000E+00   0.0000000E+00   0.0000000E+00   0.0000000E+00   0.0000000E+00   0.0000000E+00   0.0000000E+00
