   0.0000000E+00   9.8655693E+06   9.9720121E+06   1.9742852E+07   2.2299019E-02   2.9228442E-06   1.1109649E-02
   5.0000000E-02   5.5627836E+05   2.6419721E+05   8.1983894E+05   6.0663109E-02   3.0306641E-06   4.1122175E-02
   1.0000000E-01   1.6160593E+05   8.9222261E+04   2.5063720E+05   6.0667018E-02   7.2526375E-06   3.9134562E-02
   1.5000000E-01   8.1062918E+04   4.5284886E+04   1.2624170E+05   6.6767897E-02   6.0128998E-05   4.2901044E-02
   2.0000000E-01   4.4833947E+04   2.5226058E+04   6.9996344E+04   5.9809847E-02   1.1542952E-04   3.8309734E-02
   2.5000000E-01   2.7934876E+04   1.4629522E+04   4.2564398E+04   6.8216798E-02   2.1819207E-05   4.4776996E-02
   3.0000000E-01   1.9109204E+04   8.3609397E+03   2.7470143E+04   4.7741870E-02   4.5058290E-05   3.3201267E-02
   3.5000000E-01   1.2968854E+04   4.6564189E+03   1.7625273E+04   4.0309956E-02   1.2889135E-05   2.9662537E-02
   4.0000000E-01   1.0591761E+04   2.6419721E+03   1.3233734E+04   2.9163676E-02   9.9848542E-04   2.3518377E-02
   4.5000000E-01   8.7641322E+03   1.3086073E+03   1.0072740E+04   1.7002844E-02   6.9060261E-06   1.4793224E-02
   5.0000000E-01   8.0596063E+03   6.0478878E+02   8.6643951E+03   1.3872167E-02   1.9027458E-05   1.2902553E-02
   5.5000000E-01   7.6973118E+03   3.4724715E+02   8.0445589E+03   6.5581533E-03   2.4342742E-06   6.2751474E-03
   6.0000000E-01   7.8038974E+03   1.8037560E+02   7.9842730E+03   4.0419196E-03   5.4083150E-06   3.9504938E-03
   6.5000000E-01   8.1340419E+03   1.0283858E+02   8.2319834E+03   2.2681279E-03   1.1879800E-05   2.2412872E-03
   7.0000000E-01   8.6125561E+03   9.0945682E+00   8.6216506E+03   4.0444842E-04   8.2922907E-06   4.0401422E-04
   7.5000000E-01   8.7853529E+03   8.4882636E+00   8.7938411E+03   2.4801682E-04   1.0821212E-06   2.4777762E-04
   8.0000000E-01   8.9166557E+03   3.9788736E+00   8.9246134E+03   5.5155302E-04   3.2592905E-05   5.5106728E-04
   8.5000000E-01   8.5831325E+03   0.0000000E+00   8.5793876E+03   3.4131633E-04   0.0000000E+00   3.4146531E-04
   9.0000000E-01   7.8127393E+03   0.0000000E+00   7.8127393E+03   3.0526726E-06   0.0000000E+00   3.0526726E-06
   9.5000000E-01   5.6525135E+03   0.0000000E+00   5.6525135E+03   3.8321603E-06   0.0000000E+00   3.8321603E-06
   1.0000000E+00   2.5339039E+03   0.0000000E+00   2.5339039E+03   5.4264026E-06   0.0000000E+00   5.4264026E-06
