   0.0000000E+00   3.3245303E+07   1.6889777E+07   4.9468412E+07   3.9695599E-05   6.9656233E-10   2.6677711E-05
   5.0000000E-02   2.0371833E+03   3.1830989E+02   2.3554932E+03   1.4231779E-01   1.3926602E-06   1.2308584E-01
   1.0000000E-01   8.5943669E+02   2.5464791E+02   1.1140846E+03   2.0845038E-01   3.0985503E-05   1.6081166E-01
   1.5000000E-01   4.4563384E+02   1.0610330E+02   5.5173714E+02   1.7638245E-01   3.8902912E-06   1.4246200E-01
   2.0000000E-01   2.7056340E+02   7.9577472E+01   3.5014087E+02   2.2687974E-01   1.1394690E-05   1.7531875E-01
   2.5000000E-01   3.1830989E+02   5.0929582E+01   3.6923947E+02   2.7953947E-01   2.7074829E-06   2.4098193E-01
   3.0000000E-01   1.1671362E+02   1.0610330E+01   1.2732395E+02   2.3755312E-01   2.0690647E-06   2.1775685E-01
   3.5000000E-01   9.0945682E+01   9.0945682E+00   1.0004025E+02   1.8306190E-01   2.0393425E-05   1.6641806E-01
   4.0000000E-01   3.1830989E+01   7.9577472E+00   3.9788736E+01   1.7021602E-06   4.3380294E-06   4.9412230E-07
   4.5000000E-01   6.3661977E+01   0.0000000E+00   6.3661977E+01   1.1920750E-01   0.0000000E+00   1.1920750E-01
   5.0000000E-01   3.8197186E+01   6.3661977E+00   4.4563384E+01   3.2875011E-05   3.0333895E-06   2.8611922E-05
   5.5000000E-01   5.2087072E+01   0.0000000E+00   5.2087072E+01   1.5707171E-05   0.0000000E+00   1.5707171E-05
   6.0000000E-01   5.8356812E+01   0.0000000E+00   5.8356812E+01   7.2656003E-02   0.0000000E+00   7.2656003E-02
   6.5000000E-01   2.9382451E+01   0.0000000E+00   2.9382451E+01   2.5593725E-05   0.0000000E+00   2.5593725E-05
   7.0000000E-01   4.5472841E+01   4.5472841E+00   5.0020125E+01   4.3215700E-06   1.5996777E-03   1.4149654E-04
   7.5000000E-01   4.2441318E+00   0.0000000E+00   4.2441318E+00   8.6896657E-05   0.0000000E+00   8.6896657E-05
   8.0000000E-01   3.1830989E+01   0.0000000E+00   3.1830989E+01   3.6734142E-05   0.0000000E+00   3.6734142E-05
   8.5000000E-01   2.9958578E+01   0.0000000E+00   2.9958578E+01   4.5272910E-02   0.0000000E+00   4.5272910E-02
   9.0000000E-01   1.0610330E+01   0.0000000E+00   1.0610330E+01   1.0266579E-05   0.0000000E+00   1.0266579E-05
   9.5000000E-01   1.3402522E+01   0.0000000E+00   1.3402522E+01   1.1417604E-05   0.0000000E+00   1.1417604E-05
   1.0000000E+00   0.0000000E+00   0.0000000E+00   0.0000000E+00   0.0000000E+00   0.0000000E+00   0.0000000E+00
