   0.0000000E+00   3.0410563E+07   1.5842665E+07   4.5821345E+07   4.2096415E-04   2.1837641E-04   3.5363813E-04
   5.0000000E-02   3.4886764E+04   1.4069297E+04   4.8956060E+04   1.3342561E-01   9.5974947E-02   1.2264315E-01
   1.0000000E-01   1.6361128E+04   5.7614089E+03   2.2122537E+04   1.3946855E-01   9.5176539E-02   1.2793054E-01
   1.5000000E-01   9.9737098E+03   3.5226294E+03   1.3496339E+04   1.1538588E-01   1.0424133E-01   1.1241647E-01
   2.0000000E-01   8.2601415E+03   2.5942256E+03   1.0854367E+04   1.4446018E-01   9.3416040E-02   1.3225953E-01
   2.5000000E-01   5.5385920E+03   1.8207325E+03   7.3593246E+03   1.3315670E-01   1.0876706E-01   1.2709198E-01
   3.0000000E-01   4.3608454E+03   1.4642255E+03   5.8250709E+03   1.4511149E-01   9.0408571E-02   1.3134902E-01
   3.5000000E-01   3.3740848E+03   9.6402423E+02   4.3381090E+03   1.5539301E-01   8.8650205E-02   1.4055457E-01
   4.0000000E-01   3.0796481E+03   9.1514092E+02   3.9947891E+03   1.5174255E-01   1.2672126E-01   1.4600513E-01
   4.5000000E-01   2.6242882E+03   7.2857596E+02   3.3528641E+03   1.7427364E-01   1.0016920E-01   1.5809324E-01
   5.0000000E-01   2.0944791E+03   5.9205639E+02   2.6865354E+03   1.7366516E-01   1.0315421E-01   1.5811546E-01
   5.5000000E-01   1.7825354E+03   6.1346996E+02   2.3960053E+03   1.6789118E-01   1.0017066E-01   1.5054788E-01
   6.0000000E-01   1.6870424E+03   4.7746483E+02   2.1645072E+03   1.5922960E-01   1.0839431E-01   1.4799382E-01
   6.5000000E-01   1.3564898E+03   4.0645724E+02   1.7629471E+03   1.9601595E-01   1.3564137E-01   1.8208819E-01
   7.0000000E-01   9.9130793E+02   3.4559359E+02   1.3369015E+03   1.8618300E-01   1.1669570E-01   1.6822029E-01
   7.5000000E-01   8.7429115E+02   2.6738030E+02   1.1416715E+03   2.0728385E-01   1.2978512E-01   1.8913285E-01
   8.0000000E-01   7.9179584E+02   2.0292255E+02   9.9471839E+02   2.0586191E-01   9.9287160E-02   1.8409926E-01
   8.5000000E-01   6.5908871E+02   1.7600664E+02   8.3509535E+02   2.0802220E-01   6.5802682E-02   1.7802425E-01
   9.0000000E-01   4.8807516E+02   1.1317685E+02   6.0125201E+02   2.2158257E-01   1.0977977E-01   2.0046288E-01
   9.5000000E-01   3.3841367E+02   7.7064499E+01   4.1547817E+02   2.2363042E-01   1.0637380E-01   2.0178312E-01
   1.0000000E+00   9.4314040E+01   4.4013219E+01   1.3832726E+02   2.5357888E-01   1.1782421E-01   2.1038421E-01
