   0.0000000E+00   4.0616341E+06   1.0105448E+07   1.4146201E+07   4.1767444E-03   2.4819524E-04   1.3678701E-03
   5.0000000E-02   1.9798875E+05   1.6214706E+05   3.5994482E+05   1.2013667E-02   1.2385196E-03   7.1245500E-03
   1.0000000E-01   1.1681973E+05   7.0028175E+04   1.8675241E+05   8.5973877E-03   8.4251042E-04   5.6387191E-03
   1.5000000E-01   8.9657285E+04   3.8939909E+04   1.2851231E+05   7.1250045E-03   9.9303674E-04   5.2728328E-03
   2.0000000E-01   7.3816063E+04   2.4318875E+04   9.8119022E+04   6.9424649E-03   6.5809348E-04   5.3369785E-03
   2.5000000E-01   6.3114484E+04   1.6272001E+04   7.9348288E+04   4.4254782E-03   9.4027115E-04   3.6786765E-03
   3.0000000E-01   5.4420380E+04   1.1310611E+04   6.5699161E+04   5.7044338E-03   5.7030840E-04   4.8211775E-03
   3.5000000E-01   4.9810950E+04   7.4757350E+03   5.7295780E+04   2.4772902E-03   6.7280426E-04   2.0660985E-03
   4.0000000E-01   4.4332609E+04   5.8887329E+03   5.0181554E+04   2.6603508E-03   5.1615656E-04   2.4083681E-03
   4.5000000E-01   3.9328955E+04   3.6782476E+03   4.3007202E+04   3.6474030E-03   1.6624035E-05   3.3348048E-03
   5.0000000E-01   3.4090989E+04   3.1194369E+03   3.7191327E+04   2.5040368E-03   1.4329622E-05   2.2438705E-03
   5.5000000E-01   2.2061769E+04   1.5336749E+03   2.3595444E+04   3.6218212E-03   2.7074423E-06   3.3862322E-03
   6.0000000E-01   1.1358358E+04   5.3582164E+02   1.1894179E+04   6.3382495E-03   3.6162558E-03   6.2110002E-03
   6.5000000E-01   7.6198490E+03   2.1057423E+02   7.8304232E+03   8.0469641E-03   1.7648004E-05   7.8310409E-03
   7.0000000E-01   5.0429381E+03   1.3641852E+02   5.1793566E+03   7.0300190E-03   2.4153084E-06   6.8448371E-03
   7.5000000E-01   3.4929205E+03   5.9417845E+01   3.5523383E+03   7.3038655E-03   2.1892177E-02   7.3037374E-03
   8.0000000E-01   2.3316199E+03   2.7852115E+01   2.3594720E+03   5.2996098E-03   3.2005677E-05   5.2374183E-03
   8.5000000E-01   1.4866944E+03   3.3703400E+01   1.5203978E+03   6.3343650E-03   1.6362332E-04   6.1969032E-03
   9.0000000E-01   1.0044445E+03   2.4757436E+01   1.0292020E+03   6.7113359E-03   3.7360039E-06   6.5499674E-03
   9.5000000E-01   4.7914014E+02   1.0051891E+01   4.8919204E+02   2.0389456E-02   1.3356302E-01   2.1446135E-02
   1.0000000E+00   2.2006609E+02   0.0000000E+00   2.2006609E+02   2.8141037E-05   0.0000000E+00   2.8141037E-05
