   0.0000000E+00   3.1536616E+07   1.6387612E+07   4.7614066E+07   2.9802180E-04   3.0404102E-09   1.9323347E-04
   5.0000000E-02   2.0308171E+04   5.5385920E+03   2.5846763E+04   1.7962945E-01   7.2112963E-06   1.4113897E-01
   1.0000000E-01   9.8994375E+03   2.8966200E+03   1.2796057E+04   1.7372548E-01   3.4003921E-05   1.3440726E-01
   1.5000000E-01   6.7057283E+03   1.6976527E+03   8.4033810E+03   1.8199830E-01   1.3636427E-05   1.4522822E-01
   2.0000000E-01   4.8223948E+03   1.1300001E+03   5.9523949E+03   1.8960701E-01   2.6280418E-06   1.5361160E-01
   2.5000000E-01   3.5905355E+03   8.4033810E+02   4.4181412E+03   2.1711095E-01   7.7469942E-06   1.7644028E-01
   3.0000000E-01   2.5040378E+03   5.7295780E+02   3.0769956E+03   2.1335822E-01   1.5106810E-05   1.7363226E-01
   3.5000000E-01   2.1099398E+03   5.0929582E+02   2.6192356E+03   2.1467089E-01   1.1266109E-05   1.7293152E-01
   4.0000000E-01   1.8780283E+03   5.0133807E+02   2.3793664E+03   2.4009831E-01   1.3267714E-05   1.8950624E-01
   4.5000000E-01   1.4147106E+03   4.3856029E+02   1.8532709E+03   2.5347262E-01   7.3036729E-06   1.9349227E-01
   5.0000000E-01   1.4387607E+03   3.5650707E+02   1.7952678E+03   2.6543903E-01   1.4993607E-05   2.1272476E-01
   5.5000000E-01   1.0938285E+03   2.3149810E+02   1.3253266E+03   2.5830420E-01   7.2578548E-06   2.1318683E-01
   6.0000000E-01   9.2309867E+02   2.8117373E+02   1.2042724E+03   2.8614207E-01   1.9394367E-06   2.1933312E-01
   6.5000000E-01   7.1987005E+02   1.9588301E+02   9.1575306E+02   2.9751300E-01   1.9236402E-05   2.3386974E-01
   7.0000000E-01   5.9569422E+02   1.6370223E+02   7.5484916E+02   3.0892179E-01   5.0426857E-05   2.4377674E-01
   7.5000000E-01   5.8144606E+02   1.4005635E+02   7.2150241E+02   2.8927000E-01   1.7779781E-05   2.3311414E-01
   8.0000000E-01   4.4165497E+02   1.2334508E+02   5.6500005E+02   3.0984255E-01   1.8542067E-04   2.4216039E-01
   8.5000000E-01   3.4452364E+02   8.9875733E+01   4.3439937E+02   3.5870845E-01   1.2326317E-05   2.8449036E-01
   9.0000000E-01   2.4403758E+02   4.5978095E+01   2.9001567E+02   3.5834882E-01   3.9397894E-05   3.0154339E-01
   9.5000000E-01   1.6418089E+02   3.0155673E+01   1.9433656E+02   3.7064616E-01   1.8178037E-06   3.1313182E-01
   1.0000000E+00   6.9163630E+01   3.1438013E+01   1.0060164E+02   4.2555557E-01   4.6555049E-06   2.9257091E-01
