   0.0000000E+00   1.6660085E+07   1.0522052E+07   2.7118984E+07   5.4147305E-04   7.1526334E-04   5.9716557E-04
   5.0000000E-02   1.8996734E+05   9.2755501E+04   2.8265918E+05   5.7993354E-04   3.9917720E-03   1.4918296E-03
   1.0000000E-01   7.3816063E+04   3.3900003E+04   1.0768423E+05   3.1497205E-03   5.8903969E-03   3.8831176E-03
   1.5000000E-01   4.6621788E+04   2.0371833E+04   6.6993621E+04   4.4540825E-03   2.7086952E-03   2.5449007E-03
   2.0000000E-01   3.3024651E+04   1.5040142E+04   4.8064793E+04   2.3458759E-03   2.4056314E-03   2.0677652E-03
   2.5000000E-01   2.5948622E+04   1.0988057E+04   3.6936679E+04   4.7229669E-03   3.8459665E-03   2.5048955E-03
   3.0000000E-01   2.0891739E+04   8.2760570E+03   2.9157186E+04   2.2980050E-03   1.3271365E-02   3.8487842E-03
   3.5000000E-01   1.7716219E+04   6.5026162E+03   2.4218835E+04   4.0999307E-04   5.3024773E-03   1.1981225E-03
   4.0000000E-01   1.4952607E+04   5.6181695E+03   2.0570776E+04   2.0695092E-03   6.4744959E-03   3.2537266E-03
   4.5000000E-01   1.3213397E+04   4.8383103E+03   1.8051707E+04   3.1901304E-03   7.4716759E-03   1.2423374E-03
   5.0000000E-01   1.1936621E+04   3.9788736E+03   1.5915494E+04   5.8355684E-03   4.2569524E-03   5.2162040E-03
   5.5000000E-01   1.0116467E+04   3.6113703E+03   1.3727837E+04   2.8030750E-03   8.5785630E-03   2.5831057E-03
   6.0000000E-01   9.1726299E+03   3.1141317E+03   1.2286762E+04   6.9782857E-03   9.2841504E-03   7.0797703E-03
   6.5000000E-01   7.9822325E+03   2.5415820E+03   1.0518917E+04   6.7690736E-03   2.8981117E-03   4.4865234E-03
   7.0000000E-01   7.2347290E+03   2.0872034E+03   9.3173851E+03   2.8967885E-03   4.9584206E-03   3.3430899E-03
   7.5000000E-01   6.2685827E+03   1.9098593E+03   8.1741979E+03   6.5864119E-03   2.0421559E-03   5.5179700E-03
   8.0000000E-01   5.4391202E+03   1.5955283E+03   7.0346485E+03   1.4711851E-03   1.2923497E-02   4.0102096E-03
   8.5000000E-01   4.6697933E+03   1.3031981E+03   5.9729914E+03   3.5514737E-03   6.8679636E-03   2.0788277E-03
   9.0000000E-01   3.5827546E+03   1.0044445E+03   4.5871991E+03   1.1243499E-02   1.0969206E-02   6.4266335E-03
   9.5000000E-01   2.2985324E+03   6.3326914E+02   2.9318016E+03   3.8047083E-03   1.4690883E-02   6.0814086E-03
   1.0000000E+00   9.3056520E+02   2.1377849E+02   1.1443437E+03   1.3767300E-02   1.4722823E-02   9.3297832E-03
