   0.0000000E+00   3.3173492E+07   1.6871952E+07   4.9303910E+07   2.4330070E-05   1.9039325E-06   1.7020336E-05
   5.0000000E-02   6.3661977E+02   1.9098593E+02   8.2760570E+02   1.0104907E-01   1.5240714E-01   1.1290093E-01
   1.0000000E-01   4.7746483E+02   1.5915494E+02   6.3661977E+02   1.9944343E-01   1.0849544E-01   1.7670643E-01
   1.5000000E-01   2.9708923E+02   6.3661977E+01   3.6075120E+02   1.4634436E-01   5.2673478E-02   1.2981420E-01
   2.0000000E-01   1.7507044E+02   7.9577472E+01   2.5464791E+02   8.5337215E-02   1.0770825E-01   9.2328164E-02
   2.5000000E-01   1.1459156E+02   6.3661977E+01   1.7825354E+02   1.0044838E-01   2.6596064E-02   7.4072360E-02
   3.0000000E-01   2.2281692E+02   4.2441318E+01   2.6525824E+02   1.6346755E-01   1.5740037E-01   1.6249680E-01
   3.5000000E-01   7.2756545E+01   3.6378273E+01   1.0913482E+02   9.0834137E-02   1.8638717E-01   1.2268515E-01
   4.0000000E-01   7.1619724E+01   1.5915494E+01   8.7535219E+01   1.8220017E-01   2.4867409E-01   1.9428633E-01
   4.5000000E-01   9.9029742E+01   2.1220659E+01   1.2025040E+02   1.7296783E-01   3.8880519E-06   1.4244479E-01
   5.0000000E-01   4.4563384E+01   6.3661977E+00   5.0929582E+01   1.0684857E-01   2.0825381E-01   1.1952422E-01
   5.5000000E-01   5.2087072E+01   1.7362357E+01   6.9449430E+01   2.5026317E-01   6.4837222E-06   1.8769900E-01
   6.0000000E-01   3.1830989E+01   2.1220659E+01   5.3051648E+01   2.6410334E-01   9.1233325E-02   1.9495533E-01
   6.5000000E-01   9.7941503E+00   0.0000000E+00   9.7941503E+00   4.1174193E-01   0.0000000E+00   4.1174193E-01
   7.0000000E-01   1.3641852E+01   1.3641852E+01   2.7283705E+01   2.7766209E-01   1.8146565E-01   2.2956387E-01
   7.5000000E-01   2.1220659E+01   4.2441318E+00   2.5464791E+01   1.1293023E-01   2.7380905E-06   9.4108068E-02
   8.0000000E-01   1.5915494E+01   3.9788736E+00   1.9894368E+01   2.4135706E-01   1.9536324E-05   1.9308956E-01
   8.5000000E-01   1.1234467E+01   3.7448222E+00   1.4979289E+01   2.4949764E-01   3.0464707E-06   1.8712399E-01
   9.0000000E-01   1.0610330E+01   0.0000000E+00   1.0610330E+01   2.7667062E-01   0.0000000E+00   2.7667062E-01
   9.5000000E-01   3.3506304E+00   0.0000000E+00   3.3506304E+00   4.1302542E-01   0.0000000E+00   4.1302542E-01
   1.0000000E+00   6.2876027E+00   0.0000000E+00   6.2876027E+00   4.0806604E-01   0.0000000E+00   4.0806604E-01
