   0.0000000E+00   2.5576836E+07   1.5439812E+07   4.0734498E+07   1.3699815E-03   2.4660577E-04   9.5208903E-04
   5.0000000E-02   9.1354937E+04   3.1194369E+04   1.2254931E+05   1.3324769E-01   5.5094118E-02   1.1335395E-01
   1.0000000E-01   4.5868455E+04   1.2573241E+04   5.8441695E+04   1.4108582E-01   3.9081705E-02   1.1914024E-01
   1.5000000E-01   2.8181035E+04   6.5571837E+03   3.4738219E+04   1.3376612E-01   3.7932851E-02   1.1566987E-01
   2.0000000E-01   2.1358593E+04   4.7746483E+03   2.6133242E+04   1.3757028E-01   2.3572536E-02   1.1673518E-01
   2.5000000E-01   1.5660846E+04   2.9411833E+03   1.8602030E+04   1.2484988E-01   2.8630081E-02   1.0958029E-01
   3.0000000E-01   1.2477748E+04   2.3448828E+03   1.4822630E+04   1.1889949E-01   2.9539330E-02   1.0476297E-01
   3.5000000E-01   9.6220531E+03   1.5096983E+03   1.1122657E+04   1.1760884E-01   1.6842003E-02   1.0371362E-01
   4.0000000E-01   7.8463387E+03   1.2652818E+03   9.1116205E+03   1.2236680E-01   1.3133159E-02   1.0719082E-01
   4.5000000E-01   6.8330522E+03   9.4785611E+02   7.7809083E+03   9.5863757E-02   1.9384119E-02   8.6524199E-02
   5.0000000E-01   5.7104794E+03   7.7667612E+02   6.4871555E+03   9.8946067E-02   1.8122406E-02   8.9269414E-02
   5.5000000E-01   4.3984639E+03   5.2087072E+02   4.9193346E+03   8.0958024E-02   1.3121724E-02   7.3775230E-02
   6.0000000E-01   3.8462445E+03   3.6075120E+02   4.2069957E+03   7.5106881E-02   8.5829806E-03   6.9402396E-02
   6.5000000E-01   3.3251140E+03   2.4975083E+02   3.5748649E+03   7.4316318E-02   1.3103248E-02   7.0039674E-02
   7.0000000E-01   2.5237427E+03   1.7734408E+02   2.7010867E+03   7.2323142E-02   1.0999140E-02   6.8296254E-02
   7.5000000E-01   1.7358499E+03   8.9126768E+01   1.8249767E+03   6.4374492E-02   7.0464617E-06   6.1230966E-02
   8.0000000E-01   1.3886269E+03   7.5598598E+01   1.4642255E+03   7.1648464E-02   7.5447024E-05   6.7945329E-02
   8.5000000E-01   1.0522950E+03   4.1193044E+01   1.0934881E+03   5.7774850E-02   8.6820229E-06   5.5598074E-02
   9.0000000E-01   7.1442886E+02   3.8904542E+01   7.5333340E+02   4.6670794E-02   1.4804266E-05   4.4259802E-02
   9.5000000E-01   4.9589330E+02   1.6753152E+01   5.1264645E+02   3.4669167E-02   1.1200744E-06   3.3536157E-02
   1.0000000E+00   2.0120329E+02   0.0000000E+00   2.0120329E+02   4.7215181E-02   0.0000000E+00   4.7215181E-02
