   0.0000000E+00   3.1779040E+07   1.6492526E+07   4.7724074E+07   7.4642708E-04   1.1113708E-09   4.9684257E-04
   5.0000000E-02   4.6855215E+04   1.2032114E+04   5.8887329E+04   1.9443461E-01   1.0480976E-06   1.5470710E-01
   1.0000000E-01   1.8748452E+04   4.8701413E+03   2.3618594E+04   2.2032740E-01   3.4959222E-06   1.7489673E-01
   1.5000000E-01   1.0164696E+04   2.5464791E+03   1.2711175E+04   2.4662940E-01   3.8027420E-06   1.9722041E-01
   2.0000000E-01   5.8569019E+03   1.3846480E+03   7.2415499E+03   2.6781499E-01   4.7446975E-05   2.1661548E-01
   2.5000000E-01   4.0234370E+03   9.6766205E+02   4.9783666E+03   2.8742609E-01   2.2257352E-06   2.3229363E-01
   3.0000000E-01   1.9523006E+03   7.4272307E+02   2.6950237E+03   2.8732306E-01   5.3601466E-06   2.0813807E-01
   3.5000000E-01   1.3369015E+03   2.6374248E+02   1.6006440E+03   2.9756131E-01   8.0230170E-06   2.4853265E-01
   4.0000000E-01   1.0026761E+03   2.3873241E+02   1.2414086E+03   3.3005066E-01   1.9210849E-06   2.6657975E-01
   4.5000000E-01   4.5978095E+02   1.9805948E+02   6.5784043E+02   2.8862047E-01   2.0498653E-06   2.0172337E-01
   5.0000000E-01   3.3740848E+02   1.4005635E+02   4.7746483E+02   3.2967378E-01   3.2808526E-05   2.3295985E-01
   5.5000000E-01   1.9098593E+02   5.2087072E+01   2.4307300E+02   3.2127096E-01   1.4032232E-05   2.5243019E-01
   6.0000000E-01   1.4323945E+02   4.2441318E+01   1.8568077E+02   3.6417245E-01   1.0986367E-04   2.8090792E-01
   6.5000000E-01   6.8559052E+01   4.8970752E+00   7.3456128E+01   3.5208465E-01   1.2745425E-06   3.2861243E-01
   7.0000000E-01   4.5472841E+01   1.3641852E+01   5.9114693E+01   3.6466633E-01   2.2374480E-05   2.8050740E-01
   7.5000000E-01   2.9708923E+01   8.4882636E+00   3.8197186E+01   3.8124098E-01   9.2567345E-06   2.9652282E-01
   8.0000000E-01   7.9577472E+00   3.9788736E+00   1.1936621E+01   3.7409379E-01   7.6696033E-06   2.4939842E-01
   8.5000000E-01   0.0000000E+00   0.0000000E+00   0.0000000E+00   0.0000000E+00   0.0000000E+00   0.0000000E+00
   9.0000000E-01   0.0000000E+00   0.0000000E+00   0.0000000E+00   0.0000000E+00   0.0000000E+00   0.0000000E+00
   9.5000000E-01   0.0000000E+00   0.0000000E+00   0.0000000E+00   0.0000000E+00   0.0000000E+00   0.0000000E+00
   1.0000000E+00   0.0000000E+00   0.0000000E+00   0.0000000E+00   0.0000000E+00   0.0000000E+00   0.0000000E+00
