   0.0000000E+00   2.8236379E+07   1.4236855E+07   4.2427397E+07   1.8114680E-05   5.6179612E-05   2.5558908E-05
   5.0000000E-02   1.8582931E+05   9.0972965E+04   2.7680228E+05   3.1111596E-03   1.1475822E-03   2.0919168E-03
   1.0000000E-01   4.9783666E+04   2.3045636E+04   7.2829302E+04   1.3349141E-02   5.5163524E-03   9.8007623E-03
   1.5000000E-01   2.0711363E+04   1.0398123E+04   3.1109486E+04   1.8492849E-02   5.0161440E-03   1.3976547E-02
   2.0000000E-01   1.0170001E+04   5.1725357E+03   1.5342537E+04   1.5476477E-02   5.4225570E-03   1.1794091E-02
   2.5000000E-01   8.1741979E+03   3.4504792E+03   1.1611945E+04   7.0069881E-03   9.2763281E-03   6.7983232E-03
   3.0000000E-01   5.8887329E+03   2.4722068E+03   8.3609397E+03   2.3823326E-02   1.7032324E-02   2.0876658E-02
   3.5000000E-01   4.5200004E+03   1.9644267E+03   6.4844271E+03   2.0893695E-02   1.4147552E-02   1.8476274E-02
   4.0000000E-01   3.7640144E+03   1.5597184E+03   5.3237328E+03   1.8474583E-02   1.6312637E-02   1.7841153E-02
   4.5000000E-01   2.9779658E+03   1.1954305E+03   4.1733963E+03   2.4618320E-02   1.3037942E-02   1.6223281E-02
   5.0000000E-01   2.5719439E+03   1.0822536E+03   3.6541975E+03   2.6424881E-02   1.3966096E-02   1.9563831E-02
   5.5000000E-01   2.1066327E+03   9.0863004E+02   3.0152627E+03   2.0605505E-02   1.6575302E-02   1.7916864E-02
   6.0000000E-01   1.8408922E+03   9.8676065E+02   2.8276528E+03   2.3324793E-02   4.8694324E-03   1.5697390E-02
   6.5000000E-01   1.5278875E+03   5.8764902E+02   2.1155365E+03   1.4771151E-02   5.5814596E-03   1.0511846E-02
   7.0000000E-01   1.3641852E+03   5.5476866E+02   1.9189539E+03   9.9160319E-03   1.6033157E-02   1.1571462E-02
   7.5000000E-01   1.0695212E+03   4.6685450E+02   1.5363757E+03   4.2646473E-03   2.6590543E-03   3.4906052E-03
   8.0000000E-01   9.0320430E+02   4.2971835E+02   1.3329226E+03   1.6399031E-02   3.5949232E-03   1.1043894E-02
   8.5000000E-01   7.2649550E+02   2.6213755E+02   9.8863306E+02   2.9893164E-02   2.6746006E-02   2.8788520E-02
   9.0000000E-01   4.5624417E+02   2.1220659E+02   6.6845076E+02   3.4296041E-02   4.0194302E-02   3.5742424E-02
   9.5000000E-01   3.1160863E+02   1.2732395E+02   4.3893258E+02   3.2692001E-02   1.4548511E-02   2.4554671E-02
   1.0000000E+00   1.1946445E+02   3.7725616E+01   1.5719007E+02   4.8129192E-02   7.4794689E-02   1.8632835E-02
