   0.0000000E+00   2.5272786E+07   1.3146453E+07   3.8405998E+07   2.5236624E-04   8.2876387E-05   1.5914520E-04
   5.0000000E-02   2.3644058E+05   1.1790198E+05   3.5434257E+05   9.5526854E-03   5.7325436E-03   7.9074977E-03
   1.0000000E-01   5.2202821E+04   2.5464791E+04   7.7667612E+04   1.3473867E-02   1.2944512E-02   1.2703302E-02
   1.5000000E-01   2.4658406E+04   1.1204508E+04   3.5862914E+04   1.9993019E-02   1.0170005E-02   1.6923083E-02
   2.0000000E-01   1.6408875E+04   6.3025357E+03   2.2711410E+04   1.6729462E-02   1.6522649E-02   1.6294211E-02
   2.5000000E-01   1.2235832E+04   5.1820849E+03   1.7417917E+04   1.9214635E-02   1.5545686E-02   1.7832465E-02
   3.0000000E-01   9.8888271E+03   4.0743665E+03   1.3963194E+04   2.2271705E-02   1.3051644E-02   1.9558984E-02
   3.5000000E-01   7.8213286E+03   3.1103423E+03   1.0931671E+04   1.2173188E-02   1.9337402E-02   1.3878155E-02
   4.0000000E-01   6.3821132E+03   2.5623946E+03   8.9445078E+03   3.1872633E-02   2.2176441E-02   2.8839889E-02
   4.5000000E-01   5.9134903E+03   2.3271989E+03   8.2406893E+03   2.2757944E-02   9.2752907E-03   1.8949968E-02
   5.0000000E-01   4.6791553E+03   1.9862537E+03   6.6654090E+03   1.1793218E-02   1.3366773E-02   1.2254910E-02
   5.5000000E-01   4.0685791E+03   1.6378491E+03   5.7064281E+03   1.9816968E-02   4.2289861E-03   1.5003237E-02
   6.0000000E-01   3.5544604E+03   1.3687325E+03   4.9231929E+03   1.1090865E-02   7.3256220E-03   1.0040638E-02
   6.5000000E-01   3.0410837E+03   1.0185916E+03   4.0596753E+03   1.9849681E-02   1.9752258E-02   1.8642948E-02
   7.0000000E-01   2.4600807E+03   9.8221336E+02   3.4422941E+03   1.8336753E-02   2.2878992E-02   1.9537923E-02
   7.5000000E-01   2.1984603E+03   8.3609397E+02   3.0345542E+03   3.0162140E-02   9.5013881E-03   2.3782648E-02
   8.0000000E-01   1.9257748E+03   7.4404936E+02   2.6698242E+03   1.5090461E-02   1.3935683E-03   1.1272032E-02
   8.5000000E-01   1.4529910E+03   5.2801993E+02   1.9810109E+03   2.9200791E-02   4.8514985E-03   2.2286417E-02
   9.0000000E-01   1.2272615E+03   3.9965575E+02   1.6269172E+03   1.9770988E-02   1.6321148E-02   1.8578088E-02
   9.5000000E-01   6.3661977E+02   2.6134917E+02   8.9796894E+02   2.6768320E-02   1.8721499E-02   2.3283857E-02
   1.0000000E+00   2.2635370E+02   7.5451232E+01   3.0180493E+02   4.2870460E-02   8.9638294E-02   5.4339296E-02
