   0.0000000E+00   3.2459969E+07   1.6669761E+07   4.8448293E+07   6.5098417E-05   3.5809155E-05   5.5936391E-05
   5.0000000E-02   9.5492966E+03   3.3740848E+03   1.2923381E+04   1.4815166E-01   9.4083945E-02   1.3403178E-01
   1.0000000E-01   4.0107046E+03   1.3687325E+03   5.3794371E+03   1.5936889E-01   1.1043211E-01   1.4691717E-01
   1.5000000E-01   3.0769956E+03   7.0028175E+02   3.7772773E+03   1.4310317E-01   1.3221068E-01   1.4108377E-01
   2.0000000E-01   1.8780283E+03   6.6845076E+02   2.5464791E+03   1.3888680E-01   1.0673207E-01   1.3044326E-01
   2.5000000E-01   1.3878311E+03   4.7109863E+02   1.8589297E+03   1.5614080E-01   1.0046638E-01   1.4203152E-01
   3.0000000E-01   1.1246949E+03   4.6685450E+02   1.5915494E+03   1.4123197E-01   1.2572839E-01   1.3668260E-01
   3.5000000E-01   8.7307854E+02   2.8193161E+02   1.1550102E+03   1.8072725E-01   9.4283675E-02   1.5962660E-01
   4.0000000E-01   7.2415499E+02   2.3873241E+02   9.6288741E+02   1.5779150E-01   1.0064064E-01   1.4362186E-01
   4.5000000E-01   6.2954622E+02   1.3439751E+02   7.6394373E+02   1.7951110E-01   5.5274138E-02   1.5765458E-01
   5.0000000E-01   6.4935217E+02   1.5915494E+02   8.0850711E+02   2.0308384E-01   1.2939510E-01   1.8857818E-01
   5.5000000E-01   4.9772091E+02   1.6204867E+02   6.5976958E+02   1.6358657E-01   1.4106488E-01   1.5805411E-01
   6.0000000E-01   3.7666670E+02   1.2732395E+02   5.0399065E+02   1.6904651E-01   9.9327029E-02   1.5143248E-01
   6.5000000E-01   3.1341281E+02   9.3044428E+01   4.0645724E+02   1.9796006E-01   1.7021945E-01   1.9156777E-01
   7.0000000E-01   2.6828976E+02   7.2756545E+01   3.4104631E+02   2.3325844E-01   1.1964026E-01   2.0901990E-01
   7.5000000E-01   2.3342725E+02   6.7906109E+01   3.0133336E+02   2.3935916E-01   7.5802985E-02   2.0249954E-01
   8.0000000E-01   1.7904931E+02   2.3873241E+01   2.0292255E+02   1.7065022E-01   1.2553784E-01   1.6533260E-01
   8.5000000E-01   1.7600664E+02   2.9958578E+01   2.0596522E+02   2.2080936E-01   2.5001972E-01   2.2505714E-01
   9.0000000E-01   1.0964007E+02   3.8904542E+01   1.4854461E+02   1.5888332E-01   1.4088095E-01   1.5416841E-01
   9.5000000E-01   8.0415129E+01   2.6805043E+01   1.0722017E+02   2.1148687E-01   1.0447573E-01   1.8473057E-01
   1.0000000E+00   3.1438013E+01   1.8862808E+01   5.0300822E+01   1.7041803E-01   1.7561464E-05   1.0650468E-01
