   0.0000000E+00   6.4833358E+06   1.6366221E+07   2.2777746E+07   4.3797817E-02   1.7548694E-06   1.2381939E-02
   5.0000000E-02   8.0914373E+04   8.9508740E+04   1.7042311E+05   8.3070931E-02   5.1475117E-05   3.9460858E-02
   1.0000000E-01   2.2058875E+04   1.2732395E+02   2.2186199E+04   1.1304859E-03   4.5994347E-02   1.3778057E-03
   1.5000000E-01   2.3852021E+04   0.0000000E+00   2.3852021E+04   1.9814132E-04   0.0000000E+00   1.9814132E-04
   2.0000000E-01   2.3793664E+04   0.0000000E+00   2.3793664E+04   6.8106992E-05   0.0000000E+00   6.8106992E-05
   2.5000000E-01   2.4980960E+04   0.0000000E+00   2.4980960E+04   1.1831282E-05   0.0000000E+00   1.1831282E-05
   3.0000000E-01   2.5188922E+04   0.0000000E+00   2.5188922E+04   5.3803061E-06   0.0000000E+00   5.3803061E-06
   3.5000000E-01   2.8047648E+04   0.0000000E+00   2.8047648E+04   7.1786933E-06   0.0000000E+00   7.1786933E-06
   4.0000000E-01   2.9173101E+04   0.0000000E+00   2.9173101E+04   1.0597595E-04   0.0000000E+00   1.0597595E-04
   4.5000000E-01   3.3486200E+04   0.0000000E+00   3.3479126E+04   8.0092471E-06   0.0000000E+00   8.0109394E-06
   5.0000000E-01   3.8878369E+04   0.0000000E+00   3.8878369E+04   8.4511919E-06   0.0000000E+00   8.4511919E-06
   5.5000000E-01   5.4211067E+04   0.0000000E+00   5.4205280E+04   1.4495284E-05   0.0000000E+00   1.4497614E-05
   6.0000000E-01   8.2203528E+04   0.0000000E+00   8.2198223E+04   4.5137674E-06   0.0000000E+00   4.5123833E-06
   6.5000000E-01   1.0425873E+04   0.0000000E+00   1.0425873E+04   2.1665596E-05   0.0000000E+00   2.1665596E-05
   7.0000000E-01   3.6378273E+01   0.0000000E+00   3.6378273E+01   6.0537510E-05   0.0000000E+00   6.0537510E-05
   7.5000000E-01   0.0000000E+00   0.0000000E+00   0.0000000E+00   0.0000000E+00   0.0000000E+00   0.0000000E+00
   8.0000000E-01   0.0000000E+00   0.0000000E+00   0.0000000E+00   0.0000000E+00   0.0000000E+00   0.0000000E+00
   8.5000000E-01   0.0000000E+00   0.0000000E+00   0.0000000E+00   0.0000000E+00   0.0000000E+00   0.0000000E+00
   9.0000000E-01   0.0000000E+00   0.0000000E+00   0.0000000E+00   0.0000000E+00   0.0000000E+00   0.0000000E+00
   9.5000000E-01   0.0000000E+00   0.0000000E+00   0.0000000E+00   0.0000000E+00   0.0000000E+00   0.0000000E+00
   1.0000000E+00   0.0000000E+00   0.0000000E+00   0.0000000E+00   0.0000000E+00   0.0000000E+00   0.0000000E+00
