   0.0000000E+00   3.1073156E+07   1.6874498E+07   4.7572304E+07   3.6776783E-03   2.7963712E-08   2.3997711E-03
   5.0000000E-02   3.8197186E+03   3.8197186E+02   4.2016905E+03   6.7578601E-02   2.1075570E-05   6.1436831E-02
   1.0000000E-01   3.6923947E+03   0.0000000E+00   3.6923947E+03   3.8882166E-06   0.0000000E+00   3.8882166E-06
   1.5000000E-01   3.4165261E+03   0.0000000E+00   3.4165261E+03   8.9393920E-07   0.0000000E+00   8.9393920E-07
   2.0000000E-01   3.6764792E+03   0.0000000E+00   3.6764792E+03   1.4850787E-06   0.0000000E+00   1.4850787E-06
   2.5000000E-01   3.8579158E+03   0.0000000E+00   3.8579158E+03   1.1668963E-05   0.0000000E+00   1.1668963E-05
   3.0000000E-01   4.2547421E+03   0.0000000E+00   4.2547421E+03   2.6383280E-06   0.0000000E+00   2.6383280E-06
   3.5000000E-01   4.5745678E+03   0.0000000E+00   4.5745678E+03   1.8630712E-05   0.0000000E+00   1.8630712E-05
   4.0000000E-01   5.3635216E+03   0.0000000E+00   5.3635216E+03   7.0890691E-06   0.0000000E+00   7.0890691E-06
   4.5000000E-01   8.0497033E+03   0.0000000E+00   8.0497033E+03   2.4551321E-06   0.0000000E+00   2.4551321E-06
   5.0000000E-01   9.7593811E+03   0.0000000E+00   9.7593811E+03   2.2849747E-05   0.0000000E+00   2.2849747E-05
   5.5000000E-01   2.3149810E+01   0.0000000E+00   2.3149810E+01   1.4713994E-06   0.0000000E+00   1.4713994E-06
   6.0000000E-01   0.0000000E+00   0.0000000E+00   0.0000000E+00   0.0000000E+00   0.0000000E+00   0.0000000E+00
   6.5000000E-01   0.0000000E+00   0.0000000E+00   0.0000000E+00   0.0000000E+00   0.0000000E+00   0.0000000E+00
   7.0000000E-01   0.0000000E+00   0.0000000E+00   0.0000000E+00   0.0000000E+00   0.0000000E+00   0.0000000E+00
   7.5000000E-01   0.0000000E+00   0.0000000E+00   0.0000000E+00   0.0000000E+00   0.0000000E+00   0.0000000E+00
   8.0000000E-01   0.0000000E+00   0.0000000E+00   0.0000000E+00   0.0000000E+00   0.0000000E+00   0.0000000E+00
   8.5000000E-01   0.0000000E+00   0.0000000E+00   0.0000000E+00   0.0000000E+00   0.0000000E+00   0.0000000E+00
   9.0000000E-01   0.0000000E+00   0.0000000E+00   0.0000000E+00   0.0000000E+00   0.0000000E+00   0.0000000E+00
   9.5000000E-01   0.0000000E+00   0.0000000E+00   0.0000000E+00   0.0000000E+00   0.0000000E+00   0.0000000E+00
   1.0000000E+00   0.0000000E+00   0.0000000E+00   0.0000000E+00   0.0000000E+00   0.0000000E+00   0.0000000E+00
