   0.0000000E+00   1.7076689E+07   1.1082786E+07   2.8126880E+07   3.3597429E-04   6.1007002E-04   3.9148131E-05
   5.0000000E-02   2.3109298E+05   1.0134987E+05   3.3237918E+05   9.9024226E-03   2.9260282E-03   7.5581536E-03
   1.0000000E-01   7.6203387E+04   3.1671834E+04   1.0787522E+05   5.4498821E-04   1.5005699E-03   1.9542599E-04
   1.5000000E-01   4.7300849E+04   1.9671551E+04   6.6972400E+04   7.5344878E-03   1.0314649E-03   5.2251858E-03
   2.0000000E-01   3.4727609E+04   1.4260283E+04   4.8971976E+04   3.5059398E-03   6.8777518E-03   1.4541514E-03
   2.5000000E-01   2.6699833E+04   1.0440564E+04   3.7140398E+04   6.5628774E-03   4.1564773E-03   3.5585474E-03
   3.0000000E-01   2.1167607E+04   7.8304232E+03   2.8998031E+04   5.6594283E-03   3.6450298E-03   5.0801440E-03
   3.5000000E-01   1.8571108E+04   6.2752520E+03   2.4846360E+04   5.2951562E-03   4.2467610E-03   3.6242643E-03
   4.0000000E-01   1.5056058E+04   5.5465498E+03   2.0594650E+04   5.5823538E-03   1.2562083E-03   4.0746845E-03
   4.5000000E-01   1.2612145E+04   4.2653525E+03   1.6877498E+04   4.9191970E-03   2.0702911E-03   4.1392305E-03
   5.0000000E-01   1.0860733E+04   3.4632116E+03   1.4323945E+04   1.7848268E-03   1.6753229E-03   1.2002214E-03
   5.5000000E-01   9.7171327E+03   3.2236110E+03   1.2940744E+04   7.7620435E-03   1.2622531E-03   5.8520994E-03
   6.0000000E-01   8.7694374E+03   2.5411739E+03   1.1310611E+04   7.3754094E-03   5.1630176E-03   5.6431853E-03
   6.5000000E-01   7.1791122E+03   1.9882125E+03   9.1673247E+03   5.5187381E-03   1.3401156E-02   3.7861418E-03
   7.0000000E-01   6.3752923E+03   1.8780283E+03   8.2533206E+03   9.9597127E-03   7.1099397E-03   8.9578951E-03
   7.5000000E-01   5.6446953E+03   1.3835870E+03   7.0282823E+03   1.8302115E-03   3.9575733E-03   7.9104165E-04
   8.0000000E-01   4.6234511E+03   1.1777466E+03   5.8011977E+03   2.4942026E-03   1.9067588E-03   2.3625777E-03
   8.5000000E-01   3.6923947E+03   9.8488824E+02   4.6772829E+03   4.9670215E-03   4.0188841E-03   4.5090946E-03
   9.0000000E-01   2.7975902E+03   7.7455406E+02   3.5721443E+03   6.3994806E-03   6.2313716E-03   5.5091027E-03
   9.5000000E-01   1.7624316E+03   3.9537438E+02   2.1578060E+03   9.0593262E-03   6.1233161E-03   7.6273490E-03
   1.0000000E+00   5.7845945E+02   1.5090246E+02   7.2936191E+02   6.6614583E-03   1.5485761E-02   2.7162148E-03
