   0.0000000E+00   7.6552254E+06   9.6776391E+06   1.7286519E+07   8.5621830E-03   1.0607788E-03   4.3750004E-03
   5.0000000E-02   2.5560284E+05   1.0994423E+05   3.6541975E+05   4.1108954E-02   1.1048396E-02   3.1987427E-02
   1.0000000E-01   1.0166818E+05   4.6027610E+04   1.4763213E+05   3.7200573E-02   8.9928531E-03   2.8016775E-02
   1.5000000E-01   6.3492212E+04   2.7905167E+04   9.1354937E+04   3.2696216E-02   6.3038207E-03   2.4629684E-02
   2.0000000E-01   4.8303525E+04   1.8812114E+04   6.7083809E+04   3.6902517E-02   9.0151066E-03   2.9062003E-02
   2.5000000E-01   3.8095327E+04   1.3916508E+04   5.1973638E+04   3.2689843E-02   7.7239307E-03   2.6054257E-02
   3.0000000E-01   3.2435777E+04   1.0631550E+04   4.3056717E+04   3.0933777E-02   3.8091957E-03   2.4278208E-02
   3.5000000E-01   2.7074529E+04   8.5125158E+03   3.5568856E+04   2.8064646E-02   5.8055781E-03   2.2715431E-02
   4.0000000E-01   2.3666340E+04   6.4935217E+03   3.0159862E+04   3.1237402E-02   4.7951128E-03   2.5534210E-02
   4.5000000E-01   2.0541598E+04   5.5032243E+03   2.6044822E+04   3.2192261E-02   2.1273810E-03   2.5837984E-02
   5.0000000E-01   1.8404678E+04   4.3544792E+03   2.2740058E+04   2.7773118E-02   4.8951205E-03   2.3211188E-02
   5.5000000E-01   1.5707146E+04   3.4956213E+03   1.9202767E+04   2.0168912E-02   3.7418748E-03   1.6859278E-02
   6.0000000E-01   1.4488405E+04   2.9019251E+03   1.7390330E+04   2.1931298E-02   2.5262262E-03   1.8687422E-02
   6.5000000E-01   1.2845028E+04   2.3261107E+03   1.5161345E+04   2.0688778E-02   3.4108345E-03   1.7668871E-02
   7.0000000E-01   1.1390947E+04   1.8371028E+03   1.3228049E+04   1.8817857E-02   5.4124306E-03   1.6914959E-02
   7.5000000E-01   1.0130743E+04   1.5830612E+03   1.1713804E+04   2.0715838E-02   4.3612139E-03   1.8504705E-02
   8.0000000E-01   9.1315149E+03   1.2533452E+03   1.0384860E+04   2.1803414E-02   3.0878430E-03   1.9530672E-02
   8.5000000E-01   7.4858996E+03   1.0148468E+03   8.5007464E+03   1.9174735E-02   2.8932011E-03   1.7228911E-02
   9.0000000E-01   6.1822853E+03   7.0028175E+02   6.8825671E+03   1.4759805E-02   2.8621500E-03   1.3524261E-02
   9.5000000E-01   4.1413792E+03   4.3223132E+02   4.5736105E+03   2.0322783E-02   6.8742204E-03   1.8959230E-02
   1.0000000E+00   1.5970511E+03   1.8234048E+02   1.7793916E+03   2.4760097E-02   1.8307722E-06   2.2222799E-02
