   0.0000000E+00   3.0352503E+07   1.5314016E+07   4.5614571E+07   6.3188389E-05   1.9034075E-05   3.6967910E-05
   5.0000000E-02   2.2409016E+04   1.0567888E+04   3.2976904E+04   8.4936670E-03   6.0167235E-03   7.5688654E-03
   1.0000000E-01   1.2159438E+04   5.8569019E+03   1.8016340E+04   1.4199007E-03   1.2124043E-02   3.5721049E-03
   1.5000000E-01   8.2760570E+03   4.2229112E+03   1.2498968E+04   1.7884928E-02   1.0469708E-02   1.1248981E-02
   2.0000000E-01   6.6526766E+03   2.9443664E+03   9.5970431E+03   1.2564096E-02   1.6288170E-02   1.3694479E-02
   2.5000000E-01   5.4112681E+03   2.6101411E+03   8.0214091E+03   5.9462946E-03   1.5084893E-02   5.5110849E-03
   3.0000000E-01   4.3926764E+03   2.5570894E+03   6.9497658E+03   8.8425527E-03   3.1342043E-03   4.4487657E-03
   3.5000000E-01   3.7924349E+03   2.0644670E+03   5.8569019E+03   1.1493492E-02   4.3248666E-03   8.9608418E-03
   4.0000000E-01   3.0637327E+03   1.6074649E+03   4.6711976E+03   2.8610443E-02   5.3121260E-03   1.9622862E-02
   4.5000000E-01   3.0062600E+03   1.2449453E+03   4.2512054E+03   2.2232536E-02   6.8711584E-03   1.3709947E-02
   5.0000000E-01   2.6419721E+03   1.3560001E+03   3.9979722E+03   7.0771189E-03   1.5658046E-02   6.6778957E-03
   5.5000000E-01   2.3091935E+03   1.1401281E+03   3.4493217E+03   1.3758594E-02   1.5858918E-02   1.1646167E-02
   6.0000000E-01   2.0849298E+03   1.0610330E+03   3.1459627E+03   1.3853285E-02   7.7235827E-03   8.3927642E-03
   6.5000000E-01   1.8461973E+03   8.3250278E+02   2.6787001E+03   1.0283310E-02   1.3993254E-02   8.3640077E-03
   7.0000000E-01   1.6597587E+03   7.9577472E+02   2.4555334E+03   8.6221546E-03   4.0669299E-03   7.1153873E-03
   7.5000000E-01   1.3750987E+03   6.1115498E+02   1.9862537E+03   9.5495326E-03   1.0229120E-02   9.4418445E-03
   8.0000000E-01   1.1737677E+03   5.3714793E+02   1.7109156E+03   1.0551571E-02   1.8209234E-02   1.5694246E-03
   8.5000000E-01   1.1047225E+03   4.9806135E+02   1.6027839E+03   1.8675388E-02   9.8553632E-03   1.0056120E-02
   9.0000000E-01   7.7101728E+02   3.6075120E+02   1.1317685E+03   2.0357617E-02   1.0933610E-02   1.0395815E-02
   9.5000000E-01   4.1547817E+02   1.8428467E+02   5.9976284E+02   1.3305935E-02   2.1953183E-02   1.4963991E-02
   1.0000000E+00   2.2006609E+02   1.5719007E+02   3.7725616E+02   1.6298673E-02   1.5692620E-02   1.5767729E-02
