   0.0000000E+00   2.9629812E+07   1.5384299E+07   4.4719229E+07   4.7398049E-04   2.5055993E-04   3.9953846E-04
   5.0000000E-02   4.2526201E+04   1.8843945E+04   6.1306484E+04   1.0949965E-01   9.2986288E-02   1.0423515E-01
   1.0000000E-01   2.0785636E+04   8.9126768E+03   2.9666481E+04   1.1990919E-01   8.5848312E-02   1.0955468E-01
   1.5000000E-01   1.2626292E+04   5.3263854E+03   1.7952678E+04   1.2450127E-01   8.4848553E-02   1.1266363E-01
   2.0000000E-01   9.8994375E+03   3.3422538E+03   1.3241691E+04   1.3780607E-01   8.6726188E-02   1.2483179E-01
   2.5000000E-01   6.9136907E+03   2.8520566E+03   9.7657473E+03   1.2719145E-01   1.0186539E-01   1.1973710E-01
   3.0000000E-01   5.5704230E+03   2.1220659E+03   7.6924889E+03   1.4429199E-01   9.9722675E-02   1.3194037E-01
   3.5000000E-01   4.7291755E+03   1.5915494E+03   6.3207249E+03   1.3704472E-01   1.1026504E-01   1.3028833E-01
   4.0000000E-01   3.7560567E+03   1.3846480E+03   5.1407047E+03   1.4378813E-01   8.7686396E-02   1.2867702E-01
   4.5000000E-01   3.4023790E+03   1.0751801E+03   4.4775591E+03   1.4981562E-01   1.0680534E-01   1.3948703E-01
   5.0000000E-01   2.8584228E+03   9.4219726E+02   3.8006200E+03   1.5110902E-01   1.0746912E-01   1.4028828E-01
   5.5000000E-01   2.4480924E+03   8.1024335E+02   3.2583357E+03   1.5967790E-01   1.0811766E-01   1.4685358E-01
   6.0000000E-01   1.9788265E+03   6.6314560E+02   2.6419721E+03   1.5920311E-01   1.2002676E-01   1.4934700E-01
   6.5000000E-01   1.7482558E+03   5.8275195E+02   2.3310078E+03   1.8362653E-01   8.8775634E-02   1.5989897E-01
   7.0000000E-01   1.4960565E+03   4.4108656E+02   1.9371430E+03   1.7503903E-01   1.2368603E-01   1.6334148E-01
   7.5000000E-01   1.2138217E+03   3.7772773E+02   1.5915494E+03   1.7355373E-01   1.2096199E-01   1.6103831E-01
   8.0000000E-01   1.0265494E+03   2.7056340E+02   1.2971128E+03   1.7241048E-01   1.1478240E-01   1.6038985E-01
   8.5000000E-01   8.2386088E+02   2.0596522E+02   1.0298261E+03   2.0940296E-01   1.1706826E-01   1.9090951E-01
   9.0000000E-01   6.5784043E+02   2.3342725E+02   8.9126768E+02   1.6839023E-01   1.0374609E-01   1.5145687E-01
   9.5000000E-01   4.3223132E+02   1.1727206E+02   5.4950338E+02   1.8305750E-01   1.4170195E-01   1.7423161E-01
   1.0000000E+00   1.5719007E+02   6.9163630E+01   2.2635370E+02   2.1378125E-01   1.3490641E-01   1.8952618E-01
