   0.0000000E+00   1.7825354E+04   1.5594129E+07   1.5610426E+07   9.2823795E-06   4.4508323E-05   4.4456560E-05
   5.0000000E-02   1.6997748E+04   1.7863551E+05   1.9556959E+05   4.0778086E-04   3.1120368E-03   2.8082740E-03
   1.0000000E-01   1.8175495E+04   1.3050705E+03   1.9480565E+04   2.0193345E-03   1.0199614E-01   8.7117786E-03
   1.5000000E-01   1.7252396E+04   3.3953055E+02   1.7591926E+04   1.3627055E-03   2.2334085E-01   4.9609433E-03
   2.0000000E-01   1.7427466E+04   1.5915494E+02   1.7586621E+04   2.7103419E-04   2.7758006E-01   2.5584809E-03
   2.5000000E-01   1.8754818E+04   5.0929582E+01   1.8805748E+04   1.1178339E-03   2.8722815E-01   1.7946574E-03
   3.0000000E-01   1.9406293E+04   2.1220659E+01   1.9427513E+04   5.2915411E-04   2.4580229E-01   6.3022652E-04
   3.5000000E-01   1.9980766E+04   3.6378273E+01   2.0017145E+04   6.8419682E-04   4.8140357E-01   1.4848403E-03
   4.0000000E-01   2.1088030E+04   7.9577472E+00   2.1095988E+04   2.9888197E-04   1.5363984E-01   2.8541096E-04
   4.5000000E-01   2.1814838E+04   2.1220659E+01   2.1836058E+04   3.1869764E-04   5.4855133E-01   3.4171678E-04
   5.0000000E-01   2.2861016E+04   1.2732395E+01   2.2873748E+04   2.1775669E-04   3.7540171E-01   2.3096432E-04
   5.5000000E-01   2.5603690E+04   1.7362357E+01   2.5621052E+04   1.6453288E-04   4.4275963E-01   2.6357018E-04
   6.0000000E-01   2.8175730E+04   1.0610330E+01   2.8191646E+04   1.8109493E-04   5.0900988E-01   3.4500536E-04
   6.5000000E-01   3.2379461E+04   4.8970752E+00   3.2384358E+04   2.7093960E-04   7.0171255E-01   1.6799931E-04
   7.0000000E-01   4.2057831E+04   4.5472841E+00   4.2066925E+04   3.3941995E-04   2.9992488E-01   3.2671288E-04
   7.5000000E-01   7.0605377E+04   4.2441318E+00   7.0592644E+04   6.9139344E-06   7.6507639E-01   4.9048210E-05
   8.0000000E-01   2.6013875E+04   0.0000000E+00   2.6013875E+04   1.3423818E-04   0.0000000E+00   1.3423818E-04
   8.5000000E-01   1.3855842E+02   3.7448222E+00   1.4230324E+02   3.3958842E-02   7.2400749E-01   4.9454555E-02
   9.0000000E-01   2.1220659E+01   0.0000000E+00   2.1220659E+01   2.2992657E-01   0.0000000E+00   2.2992657E-01
   9.5000000E-01   6.7012608E+00   3.3506304E+00   1.0051891E+01   1.9446320E-01   7.5619667E-01   3.7503544E-01
   1.0000000E+00   6.2876027E+00   0.0000000E+00   6.2876027E+00   5.4799801E-01   0.0000000E+00   5.4799801E-01
