   0.0000000E+00   2.9005415E+07   1.6159447E+07   4.4782891E+07   1.2615506E-03   7.7468847E-08   8.1394995E-04
   5.0000000E-02   7.6776345E+04   1.7443382E+04   9.4219726E+04   1.7548051E-01   2.3998050E-03   1.4340775E-01
   1.0000000E-01   3.1480848E+04   8.7535219E+03   4.0234370E+04   1.9520175E-01   1.2324709E-06   1.5273328E-01
   1.5000000E-01   1.6934086E+04   4.6048830E+03   2.1538969E+04   1.9156496E-01   5.1524305E-04   1.5071984E-01
   2.0000000E-01   1.2048029E+04   3.3581693E+03   1.5406198E+04   2.0664554E-01   7.1457164E-06   1.6160345E-01
   2.5000000E-01   8.1741979E+03   1.9480565E+03   1.0122254E+04   2.1911952E-01   1.1344036E-03   1.7716766E-01
   3.0000000E-01   5.9417845E+03   1.2307982E+03   7.1725828E+03   2.1169870E-01   6.9209916E-06   1.7537289E-01
   3.5000000E-01   4.4836221E+03   9.5492966E+02   5.4294572E+03   2.1160433E-01   4.0543135E-03   1.7545496E-01
   4.0000000E-01   3.6605637E+03   7.4007049E+02   4.4006342E+03   1.8498876E-01   3.7332831E-03   1.5450633E-01
   4.5000000E-01   2.7586857E+03   5.2344292E+02   3.2821286E+03   1.7848218E-01   2.3685096E-05   1.5002113E-01
   5.0000000E-01   2.2281692E+03   3.1194369E+02   2.5401129E+03   1.5017893E-01   2.5163072E-06   1.3173603E-01
   5.5000000E-01   1.7941103E+03   1.3889886E+02   1.9330091E+03   1.3880334E-01   1.9007420E-05   1.2883081E-01
   6.0000000E-01   1.5172771E+03   1.8037560E+02   1.6976527E+03   1.0991103E-01   1.1852548E-05   9.8234239E-02
   6.5000000E-01   1.4299460E+03   1.0283858E+02   1.5327845E+03   9.8907008E-02   1.3335825E-06   9.2271164E-02
   7.0000000E-01   1.2050303E+03   4.0925557E+01   1.2414086E+03   7.3279145E-02   6.7166991E-07   6.9700458E-02
   7.5000000E-01   1.0992301E+03   6.3661977E+01   1.1628921E+03   5.2483688E-02   1.8575112E-06   4.9610596E-02
   8.0000000E-01   9.2309867E+02   3.9788736E+01   9.6288741E+02   4.7983689E-02   4.0826014E-06   4.6000724E-02
   8.5000000E-01   7.5645408E+02   1.4979289E+01   7.7143337E+02   3.3628733E-02   5.3638528E-07   3.2975758E-02
   9.0000000E-01   5.8710490E+02   1.4147106E+01   6.0125201E+02   3.1284178E-02   6.5848818E-06   3.0548235E-02
   9.5000000E-01   5.2604897E+02   1.3402522E+01   5.3945149E+02   1.4680449E-02   3.1011313E-06   1.4315794E-02
   1.0000000E+00   2.1377849E+02   6.2876027E+00   2.2006609E+02   2.1199809E-06   8.1605167E-06   1.8283167E-06
