   0.0000000E+00   3.2220600E+07   1.6603044E+07   4.8116232E+07   4.8242753E-04   1.7954904E-09   3.2103002E-04
   5.0000000E-02   2.6547045E+04   8.2123951E+03   3.4759440E+04   2.0748105E-01   5.1330060E-05   1.5844868E-01
   1.0000000E-01   1.1618311E+04   2.9602819E+03   1.4578593E+04   2.2556829E-01   3.0094978E-05   1.7975901E-01
   1.5000000E-01   6.2813151E+03   1.5491081E+03   7.8304232E+03   2.5191978E-01   1.5775203E-06   2.0208168E-01
   2.0000000E-01   3.3104228E+03   8.9126768E+02   4.2016905E+03   2.6669416E-01   5.7181090E-06   2.1012388E-01
   2.5000000E-01   1.8843945E+03   4.3290145E+02   2.3172960E+03   2.8781659E-01   2.8544485E-06   2.3404813E-01
   3.0000000E-01   1.3262912E+03   2.7586857E+02   1.6021598E+03   3.0430914E-01   1.8511873E-06   2.5191174E-01
   3.5000000E-01   7.1847089E+02   1.6370223E+02   8.8217311E+02   2.5607623E-01   1.9610928E-05   2.0856057E-01
   4.0000000E-01   5.4908455E+02   1.2732395E+02   6.7640851E+02   2.7818444E-01   4.9173744E-06   2.2581939E-01
   4.5000000E-01   3.3245699E+02   9.9029742E+01   4.3148673E+02   2.0555272E-01   2.3109314E-06   1.5837616E-01
   5.0000000E-01   2.6101411E+02   5.7295780E+01   3.1830989E+02   2.2792952E-01   1.5959414E-06   1.8690192E-01
   5.5000000E-01   1.3889886E+02   2.3149810E+01   1.6204867E+02   1.2855671E-01   5.1388886E-05   1.1019881E-01
   6.0000000E-01   1.5384978E+02   5.3051648E+00   1.5915494E+02   9.6403017E-02   6.1126146E-06   9.3189380E-02
   6.5000000E-01   1.0283858E+02   4.8970752E+00   1.0773565E+02   9.8279569E-02   2.1642052E-04   9.3822154E-02
   7.0000000E-01   1.0458753E+02   4.5472841E+00   1.0913482E+02   3.1431540E-02   1.5910392E-06   3.0121826E-02
   7.5000000E-01   1.5278875E+02   0.0000000E+00   1.5278875E+02   5.0895322E-06   0.0000000E+00   5.0895322E-06
   8.0000000E-01   1.7904931E+02   0.0000000E+00   1.7904931E+02   1.7971562E-02   0.0000000E+00   1.7971562E-02
   8.5000000E-01   1.4230324E+02   0.0000000E+00   1.4230324E+02   1.0600609E-02   0.0000000E+00   1.0600609E-02
   9.0000000E-01   1.1317685E+02   0.0000000E+00   1.1317685E+02   1.2540955E-02   0.0000000E+00   1.2540955E-02
   9.5000000E-01   1.0386954E+02   0.0000000E+00   1.0386954E+02   7.5305779E-06   0.0000000E+00   7.5305779E-06
   1.0000000E+00   1.2575205E+01   0.0000000E+00   1.2575205E+01   2.3244212E-06   0.0000000E+00   2.3244212E-06
