   0.0000000E+00   9.3027974E+06   9.0588447E+06   1.8327519E+07   1.5446384E-04   7.0933669E-05   1.0594095E-04
   5.0000000E-02   1.4304846E+05   9.2500853E+04   2.3554932E+05   2.4052036E-03   3.6282333E-03   2.6123730E-03
   1.0000000E-01   7.7731274E+04   3.8801975E+04   1.1653325E+05   4.2751738E-03   4.7826184E-03   4.2604672E-03
   1.5000000E-01   5.5067610E+04   2.5231364E+04   8.0298974E+04   1.1121788E-02   1.2005816E-03   7.9933716E-03
   2.0000000E-01   4.1157468E+04   1.8175495E+04   5.9332963E+04   8.5820662E-03   4.3294926E-03   7.1849525E-03
   2.5000000E-01   3.5574313E+04   1.2617804E+04   4.8179384E+04   1.2960870E-02   1.3079178E-03   9.7436065E-03
   3.0000000E-01   2.9305730E+04   9.9630994E+03   3.9268830E+04   7.3504995E-03   6.0077415E-03   6.4165955E-03
   3.5000000E-01   2.5046441E+04   8.4943267E+03   3.3540767E+04   1.0718253E-02   5.8038896E-03   9.2204812E-03
   4.0000000E-01   2.1947467E+04   6.7242963E+03   2.8663805E+04   6.5119811E-03   6.3439840E-03   6.4364940E-03
   4.5000000E-01   2.0053523E+04   5.8710490E+03   2.5910425E+04   8.2867231E-03   9.2134278E-04   6.6207625E-03
   5.0000000E-01   1.7596171E+04   4.8510427E+03   2.2447213E+04   6.3492094E-03   7.6032518E-03   6.5636212E-03
   5.5000000E-01   1.5487223E+04   4.5084255E+03   1.9995648E+04   6.1071875E-03   6.2837177E-03   5.7647522E-03
   6.0000000E-01   1.4477795E+04   3.5067139E+03   1.7968593E+04   6.8121543E-03   5.1513340E-03   6.2499124E-03
   6.5000000E-01   1.3231897E+04   2.9088627E+03   1.6140760E+04   1.0143105E-02   7.6212012E-03   9.6426114E-03
   7.0000000E-01   1.1991188E+04   2.9921129E+03   1.4983301E+04   7.5530650E-03   1.6724983E-03   6.3787136E-03
   7.5000000E-01   1.0453297E+04   2.4106669E+03   1.2863964E+04   5.1496381E-03   4.1780581E-03   4.3728959E-03
   8.0000000E-01   9.8437332E+03   2.0690143E+03   1.1908769E+04   8.7787672E-03   3.9677590E-03   7.9364884E-03
   8.5000000E-01   8.7404150E+03   1.9323283E+03   1.0672743E+04   8.5364811E-03   2.2798769E-03   7.1501962E-03
   9.0000000E-01   7.7490773E+03   1.5703288E+03   9.3194061E+03   9.2963212E-03   3.5239088E-03   8.2247897E-03
   9.5000000E-01   5.0259456E+03   1.0386954E+03   6.0646410E+03   7.4382938E-03   3.5067564E-03   6.5359706E-03
   1.0000000E+00   1.4524362E+03   3.2066774E+02   1.7731040E+03   1.1379359E-02   3.2073768E-03   8.7429882E-03
