   0.0000000E+00   2.9382804E+07   1.6186949E+07   4.5014620E+07   7.3586572E-04   6.9744884E-05   5.0391465E-04
   5.0000000E-02   4.7746483E+04   1.4323945E+04   6.2070428E+04   1.5352148E-01   3.8146931E-02   1.2689561E-01
   1.0000000E-01   2.3936903E+04   5.8250709E+03   2.9761974E+04   1.5966098E-01   2.2649675E-02   1.3284386E-01
   1.5000000E-01   1.3305353E+04   3.3740848E+03   1.6679438E+04   1.5976944E-01   1.5651885E-02   1.3060108E-01
   2.0000000E-01   1.0742959E+04   2.2440847E+03   1.2987043E+04   1.5924371E-01   1.5221564E-02   1.3434743E-01
   2.5000000E-01   7.4739161E+03   1.3623663E+03   8.8235500E+03   1.5647388E-01   1.3062173E-02   1.3455674E-01
   3.0000000E-01   6.5677940E+03   1.1671362E+03   7.7349302E+03   1.5522847E-01   2.3806963E-02   1.3539792E-01
   3.5000000E-01   4.8474048E+03   8.6398398E+02   5.7113888E+03   1.3937917E-01   6.9108684E-03   1.1934009E-01
   4.0000000E-01   4.1619018E+03   5.7295780E+02   4.7348596E+03   1.3366116E-01   9.6096068E-03   1.1864978E-01
   4.5000000E-01   3.0628485E+03   3.6075120E+02   3.4235997E+03   1.1557178E-01   1.6844058E-03   1.0357122E-01
   5.0000000E-01   2.5082819E+03   2.7374650E+02   2.7820284E+03   1.2545396E-01   1.0008025E-02   1.1409414E-01
   5.5000000E-01   2.1471449E+03   3.2409734E+02   2.4712422E+03   8.4063535E-02   6.7956236E-06   7.3039700E-02
   6.0000000E-01   1.8461973E+03   1.6976527E+02   2.0159626E+03   1.0489428E-01   6.0768397E-06   9.6061592E-02
   6.5000000E-01   1.4397401E+03   1.7629471E+02   1.6160348E+03   8.6052306E-02   8.8456977E-05   7.6655140E-02
   7.0000000E-01   1.3505434E+03   8.6398398E+01   1.4369418E+03   9.8957263E-02   2.2547139E-02   9.4362248E-02
   7.5000000E-01   1.0992301E+03   8.4882636E+01   1.1841128E+03   6.6351895E-02   1.2057895E-02   6.2015134E-02
   8.0000000E-01   8.5943669E+02   4.3767609E+01   9.0320430E+02   8.1173139E-02   3.8283377E-02   7.9008616E-02
   8.5000000E-01   6.2164048E+02   2.9958578E+01   6.5159906E+02   6.1844252E-02   1.5454006E-05   5.9000128E-02
   9.0000000E-01   4.9161194E+02   7.0735530E+00   4.9868549E+02   5.5002949E-02   3.5294042E-06   5.4222715E-02
   9.5000000E-01   2.5129728E+02   3.3506304E+00   2.5464791E+02   5.9171437E-02   1.1348829E-06   5.8392880E-02
   1.0000000E+00   1.1946445E+02   1.2575205E+01   1.3203966E+02   6.6685739E-02   5.1302631E-08   6.0334712E-02
