   0.0000000E+00   1.3621117E+07   9.8609856E+06   2.3393994E+07   9.6844072E-04   7.4845842E-04   8.8550649E-04
   5.0000000E-02   2.1715100E+05   1.1242705E+05   3.2945073E+05   7.7181211E-03   5.7444377E-03   7.0044818E-03
   1.0000000E-01   7.7062823E+04   3.6987609E+04   1.1398677E+05   8.7566689E-03   7.7109755E-03   6.7879842E-03
   1.5000000E-01   4.9529018E+04   2.2387795E+04   7.1874372E+04   2.8194550E-03   9.2625100E-04   1.8921283E-03
   2.0000000E-01   3.7114933E+04   1.6233804E+04   5.3332821E+04   6.1753632E-03   4.1442892E-03   4.0417172E-03
   2.5000000E-01   2.9730143E+04   1.1179043E+04   4.0870989E+04   4.5670867E-03   7.8452658E-03   2.3107096E-03
   3.0000000E-01   2.4106669E+04   9.5917379E+03   3.3687796E+04   1.4549958E-03   6.1547176E-03   1.0562353E-03
   3.5000000E-01   2.0371833E+04   7.4757350E+03   2.7829379E+04   2.2765469E-03   2.7232156E-03   9.4636063E-04
   4.0000000E-01   1.7674156E+04   5.8966906E+03   2.3570847E+04   2.3643039E-03   5.0368296E-03   2.9318592E-03
   4.5000000E-01   1.5264727E+04   5.4112681E+03   2.0675995E+04   3.2543228E-03   2.2061715E-03   2.4200981E-03
   5.0000000E-01   1.4152058E+04   4.6091272E+03   1.8761185E+04   7.2407394E-03   4.7974606E-03   4.7206861E-03
   5.5000000E-01   1.2489322E+04   3.9354677E+03   1.6424790E+04   6.9168781E-03   6.1193723E-03   6.7132938E-03
   6.0000000E-01   1.0382207E+04   3.3687796E+03   1.3745682E+04   5.7512018E-03   7.1205349E-03   3.6513100E-03
   6.5000000E-01   9.8822977E+03   2.8060241E+03   1.2688322E+04   2.0488413E-03   4.3440507E-03   2.0695496E-03
   7.0000000E-01   8.5716305E+03   2.3327567E+03   1.0904387E+04   5.5871477E-03   4.0954442E-03   5.2599297E-03
   7.5000000E-01   7.8558880E+03   2.0329391E+03   9.8888271E+03   3.2714559E-03   8.7131289E-03   3.9750179E-03
   8.0000000E-01   6.8874302E+03   1.6950001E+03   8.5784514E+03   2.1466628E-03   1.0058392E-02   3.6730343E-03
   8.5000000E-01   5.9655017E+03   1.4455014E+03   7.4110031E+03   2.8574195E-03   1.6599212E-03   1.9764325E-03
   9.0000000E-01   4.5836624E+03   1.1989672E+03   5.7826296E+03   2.1456580E-03   8.9439148E-03   3.4263400E-03
   9.5000000E-01   3.2467608E+03   7.9074877E+02   4.0375096E+03   1.3435579E-02   5.1302379E-03   9.9366853E-03
   1.0000000E+00   1.0437420E+03   2.3892890E+02   1.2826709E+03   8.8475595E-03   2.8974057E-02   2.6207165E-03
