   0.0000000E+00   3.1953220E+07   1.6545493E+07   4.8117250E+07   3.2334286E-04   2.0435434E-09   2.1472157E-04
   5.0000000E-02   1.9798875E+04   4.9019722E+03   2.4700847E+04   1.8712801E-01   3.4391781E-06   1.4999110E-01
   1.0000000E-01   1.0058592E+04   2.2918312E+03   1.2350424E+04   2.0225142E-01   1.3864372E-06   1.6472001E-01
   1.5000000E-01   5.8569019E+03   1.1883569E+03   7.0452588E+03   1.9848438E-01   4.6656375E-08   1.6500508E-01
   2.0000000E-01   3.7878876E+03   9.5492966E+02   4.7428173E+03   2.0199678E-01   7.9444157E-05   1.6131030E-01
   2.5000000E-01   3.1830989E+03   7.8940852E+02   3.9725074E+03   2.0154383E-01   2.4193335E-06   1.6149393E-01
   3.0000000E-01   2.3767138E+03   5.4112681E+02   2.9178406E+03   2.1446053E-01   2.6252605E-06   1.7468834E-01
   3.5000000E-01   1.9007647E+03   5.1839039E+02   2.4191551E+03   2.1958490E-01   4.3605987E-05   1.7254034E-01
   4.0000000E-01   1.5756339E+03   4.6154933E+02   2.0371833E+03   2.5104321E-01   2.3458556E-05   1.9416092E-01
   4.5000000E-01   1.2590924E+03   3.1123633E+02   1.5703288E+03   2.5202162E-01   1.3720295E-05   2.0206867E-01
   5.0000000E-01   1.1204508E+03   2.7374650E+02   1.3941973E+03   2.5191134E-01   2.8772497E-06   2.0244980E-01
   5.5000000E-01   8.3339316E+02   3.1252243E+02   1.1459156E+03   2.7975795E-01   6.4711103E-06   2.0346209E-01
   6.0000000E-01   6.4723010E+02   2.1220659E+02   8.5943669E+02   2.8700022E-01   1.5978605E-06   2.1613557E-01
   6.5000000E-01   5.0929582E+02   1.1263273E+02   6.2192855E+02   3.1709432E-01   2.3794955E-05   2.5966348E-01
   7.0000000E-01   4.6837026E+02   1.1822939E+02   5.8659965E+02   2.8929066E-01   2.4728683E-05   2.3098075E-01
   7.5000000E-01   3.7348360E+02   8.4882636E+01   4.5836624E+02   3.2639073E-01   1.2111972E-05   2.6595024E-01
   8.0000000E-01   3.0239439E+02   9.9471839E+01   4.0186623E+02   3.1699129E-01   4.2876755E-06   2.3852704E-01
   8.5000000E-01   1.8724111E+02   7.4896444E+01   2.6213755E+02   3.6142330E-01   1.8354071E-05   2.5815426E-01
   9.0000000E-01   1.8744916E+02   6.0125201E+01   2.4757436E+02   3.7055660E-01   4.2425948E-06   2.8056326E-01
   9.5000000E-01   1.1727206E+02   3.6856934E+01   1.5412900E+02   3.7353967E-01   7.2872870E-06   2.8421671E-01
   1.0000000E+00   5.6588424E+01   4.4013219E+01   1.0060164E+02   4.2596604E-01   9.2623880E-06   2.3960995E-01
