   0.0000000E+00   1.8698796E+07   9.9974769E+06   2.8601035E+07   2.7084346E-03   4.8817062E-05   1.7506624E-03
   5.0000000E-02   3.4753073E+05   1.5979156E+05   5.0732230E+05   1.2501542E-02   4.2297341E-04   8.7318451E-03
   1.0000000E-01   9.8166769E+04   4.8223948E+04   1.4639072E+05   1.3885530E-02   4.5327135E-05   9.3261281E-03
   1.5000000E-01   5.0377845E+04   2.4615965E+04   7.4993809E+04   8.6154560E-03   7.8249353E-05   5.7875046E-03
   2.0000000E-01   3.3979580E+04   1.6138311E+04   5.0086061E+04   1.4151224E-02   8.4809613E-05   9.6597473E-03
   2.5000000E-01   2.4968227E+04   1.3381748E+04   3.8311778E+04   1.6841719E-02   6.1883848E-04   1.1158606E-02
   3.0000000E-01   1.9257748E+04   9.3052590E+03   2.8531176E+04   1.3319482E-02   1.1790806E-05   9.1323912E-03
   3.5000000E-01   1.5469860E+04   7.4757350E+03   2.2936501E+04   1.2022127E-02   3.9736962E-04   8.1449390E-03
   4.0000000E-01   1.2390212E+04   5.8648597E+03   1.8255072E+04   1.3431103E-02   8.4855439E-05   9.1369716E-03
   4.5000000E-01   1.0143475E+04   4.9868549E+03   1.5123256E+04   1.1532861E-02   2.3279474E-06   7.8191941E-03
   5.0000000E-01   8.1805641E+03   4.0170708E+03   1.2197635E+04   2.3622806E-02   3.0135404E-04   1.5876918E-02
   5.5000000E-01   6.9102183E+03   3.4493217E+03   1.0359540E+04   1.0530422E-02   1.3169526E-06   7.0237689E-03
   6.0000000E-01   5.5969488E+03   2.5199533E+03   8.1169021E+03   1.4030947E-02   1.2366998E-05   9.6725042E-03
   6.5000000E-01   4.6424273E+03   2.1008452E+03   6.7383754E+03   1.5292979E-02   9.5203538E-05   1.0483171E-02
   7.0000000E-01   3.9288535E+03   1.6643060E+03   5.5931594E+03   1.0454104E-02   1.0609700E-05   7.3453104E-03
   7.5000000E-01   3.0006012E+03   1.3156809E+03   4.3162821E+03   1.2559275E-02   2.8289087E-05   8.7289002E-03
   8.0000000E-01   2.5305636E+03   1.0583804E+03   3.5849651E+03   2.8086149E-02   3.2852837E-06   1.9825120E-02
   8.5000000E-01   2.0933556E+03   7.4521962E+02   2.8385752E+03   1.0247946E-02   4.6957738E-06   7.5577467E-03
   9.0000000E-01   1.4783726E+03   5.4820036E+02   2.0265729E+03   9.9717204E-03   9.3271793E-06   7.2728602E-03
   9.5000000E-01   8.4435886E+02   3.3841367E+02   1.1827725E+03   1.4164350E-02   1.4690794E-05   1.0109916E-02
   1.0000000E+00   2.5150411E+02   6.9163630E+01   3.2066774E+02   7.8402287E-02   1.3741309E-06   6.1492286E-02
