   0.0000000E+00   1.2184393E+07   9.5462408E+06   2.1616552E+07   7.3338012E-03   7.9146738E-05   4.1255702E-03
   5.0000000E-02   3.2906876E+05   1.4814142E+05   4.7670089E+05   4.7386946E-02   7.7386552E-04   3.2979109E-02
   1.0000000E-01   1.1822029E+05   5.3921695E+04   1.7195100E+05   3.8773960E-02   9.2913491E-04   2.6734378E-02
   1.5000000E-01   7.0028175E+04   3.2085637E+04   1.0200771E+05   4.1561882E-02   1.1414985E-03   2.8824696E-02
   2.0000000E-01   4.8462680E+04   2.0562819E+04   6.9025499E+04   3.7219015E-02   5.5422756E-04   2.6151458E-02
   2.5000000E-01   3.6083609E+04   1.4616790E+04   5.0700399E+04   3.7726391E-02   8.4300764E-04   2.6582118E-02
   3.0000000E-01   2.7109392E+04   1.1045353E+04   3.8154745E+04   3.8106117E-02   2.0063843E-04   2.7095604E-02
   3.5000000E-01   2.2490867E+04   8.4397593E+03   3.0912437E+04   3.7511357E-02   1.1097141E-04   2.7297733E-02
   4.0000000E-01   1.7992466E+04   6.6288034E+03   2.4613312E+04   3.5381841E-02   5.7968098E-04   2.5597077E-02
   4.5000000E-01   1.5208139E+04   5.1424731E+03   2.0350612E+04   4.0885271E-02   6.4414686E-04   3.0695675E-02
   5.0000000E-01   1.2891550E+04   4.0170708E+03   1.6902255E+04   3.3500035E-02   5.1424869E-04   2.5348035E-02
   5.5000000E-01   1.1135059E+04   3.1136494E+03   1.4237133E+04   2.6097369E-02   1.2441526E-04   2.0404938E-02
   6.0000000E-01   9.8357755E+03   2.5305636E+03   1.2361034E+04   3.3536651E-02   5.4096095E-05   2.6674846E-02
   6.5000000E-01   8.1193506E+03   1.8657856E+03   9.9900334E+03   2.7247256E-02   4.7441098E-06   2.2145568E-02
   7.0000000E-01   7.3529584E+03   1.4869619E+03   8.8399203E+03   2.5747405E-02   8.4618845E-04   2.1386230E-02
   7.5000000E-01   6.3492212E+03   1.0185916E+03   7.3678128E+03   2.3285914E-02   6.1454652E-04   1.9929589E-02
   8.0000000E-01   5.4988033E+03   8.3954232E+02   6.3383456E+03   2.3194628E-02   2.8605283E-05   2.0119633E-02
   8.5000000E-01   4.4600832E+03   4.6810277E+02   4.9281860E+03   2.1416156E-02   1.8739948E-06   1.9382005E-02
   9.0000000E-01   3.5261662E+03   3.5014087E+02   3.8763071E+03   1.6152894E-02   2.4081937E-05   1.4696002E-02
   9.5000000E-01   2.2884806E+03   2.3789476E+02   2.5263753E+03   2.2483986E-02   2.5942111E-05   2.0365063E-02
   1.0000000E+00   9.9344123E+02   1.0060164E+02   1.0940429E+03   2.4799232E-02   1.1176044E-04   2.2529026E-02
