   0.0000000E+00   1.4025498E+07   9.4983670E+06   2.3409273E+07   3.2615950E-02   6.2657178E-07   1.9427807E-02
   5.0000000E-02   1.0578711E+06   3.9788736E+05   1.4527663E+06   1.2984875E-01   7.2259321E-06   9.4417272E-02
   1.0000000E-01   3.3317496E+05   1.2649635E+05   4.5897102E+05   1.1784771E-01   8.5490592E-07   8.5361790E-02
   1.5000000E-01   1.2399231E+05   4.8192117E+04   1.7214199E+05   1.1269132E-01   3.8794182E-05   8.1180846E-02
   2.0000000E-01   4.8558173E+04   1.9003100E+04   6.7529442E+04   1.0154164E-01   5.6999218E-06   7.3030811E-02
   2.5000000E-01   1.8551100E+04   7.3975218E+03   2.5948622E+04   9.8073232E-02   6.4054851E-05   7.0128189E-02
   3.0000000E-01   7.2574654E+03   3.0876059E+03   1.0345071E+04   9.6658970E-02   2.2736024E-04   6.7877580E-02
   3.5000000E-01   3.0830586E+03   1.0822536E+03   4.1653122E+03   8.4922916E-02   3.6223657E-04   6.2947972E-02
   4.0000000E-01   1.2811973E+03   4.4563384E+02   1.7268311E+03   1.0867006E-01   2.4438897E-06   8.0626183E-02
   4.5000000E-01   5.0929582E+02   1.4147106E+02   6.5076688E+02   7.3076225E-02   1.5891739E-05   5.7191269E-02
   5.0000000E-01   2.0371833E+02   3.8197186E+01   2.4191551E+02   8.7426590E-02   7.0662097E-06   7.3623271E-02
   5.5000000E-01   8.1024335E+01   1.1574905E+01   9.2599240E+01   1.5902724E-01   4.6543518E-08   1.3914883E-01
   6.0000000E-01   2.6525824E+01   2.6525824E+01   5.3051648E+01   9.0375991E-02   6.9003714E-06   4.5190850E-02
   6.5000000E-01   2.4485376E+01   4.8970752E+00   2.9382451E+01   2.0482729E-01   4.2207330E-05   1.7068783E-01
   7.0000000E-01   9.0945682E+00   0.0000000E+00   9.0945682E+00   1.0267553E-01   0.0000000E+00   1.0267553E-01
   7.5000000E-01   8.4882636E+00   0.0000000E+00   8.4882636E+00   2.3654926E-01   0.0000000E+00   2.3654926E-01
   8.0000000E-01   0.0000000E+00   0.0000000E+00   0.0000000E+00   0.0000000E+00   0.0000000E+00   0.0000000E+00
   8.5000000E-01   0.0000000E+00   0.0000000E+00   0.0000000E+00   0.0000000E+00   0.0000000E+00   0.0000000E+00
   9.0000000E-01   0.0000000E+00   0.0000000E+00   0.0000000E+00   0.0000000E+00   0.0000000E+00   0.0000000E+00
   9.5000000E-01   0.0000000E+00   0.0000000E+00   0.0000000E+00   0.0000000E+00   0.0000000E+00   0.0000000E+00
   1.0000000E+00   0.0000000E+00   0.0000000E+00   0.0000000E+00   0.0000000E+00   0.0000000E+00   0.0000000E+00
