   0.0000000E+00   6.2388738E+05   2.8265918E+05   9.0654656E+05   2.0874755E-02   9.7652934E-05   1.4365708E-02
   5.0000000E-02   2.2905579E+05   1.1058085E+05   3.3963665E+05   7.5440129E-03   5.3116500E-05   5.0945933E-03
   1.0000000E-01   1.2554142E+05   5.8919160E+04   1.8442875E+05   8.4631322E-03   2.1082458E-04   5.7181842E-03
   1.5000000E-01   8.1763199E+04   4.0234370E+04   1.2199757E+05   1.0939723E-02   1.1626962E-04   7.3124825E-03
   2.0000000E-01   6.4425921E+04   3.2197045E+04   9.6622966E+04   8.4104342E-03   1.1037542E-04   5.6134398E-03
   2.5000000E-01   5.1235159E+04   2.4789974E+04   7.6025133E+04   5.7009614E-03   4.9205144E-05   3.8544608E-03
   3.0000000E-01   4.2441318E+04   2.1602631E+04   6.4043949E+04   4.0570126E-03   2.0644369E-04   2.6381703E-03
   3.5000000E-01   3.7033082E+04   1.8170947E+04   5.5204029E+04   3.1005407E-03   1.9359649E-04   2.0339116E-03
   4.0000000E-01   3.1616129E+04   1.5040142E+04   4.6656272E+04   2.1723666E-03   6.9029163E-05   1.4503833E-03
   4.5000000E-01   2.6497530E+04   1.3899532E+04   4.0397061E+04   7.6254224E-03   1.5522211E-04   5.0040781E-03
   5.0000000E-01   2.5598481E+04   1.2000283E+04   3.7598764E+04   6.5344667E-03   9.5658189E-05   4.4199890E-03
   5.5000000E-01   2.1656647E+04   1.0938285E+04   3.2589145E+04   7.0384470E-03   1.5018109E-04   4.6550998E-03
   6.0000000E-01   1.8594603E+04   9.7084515E+03   2.8303054E+04   9.4861618E-03   9.9029466E-05   6.2108663E-03
   6.5000000E-01   1.7149557E+04   8.7951470E+03   2.5944704E+04   3.9810729E-03   9.2933979E-05   2.6409305E-03
   7.0000000E-01   1.4915092E+04   7.2756545E+03   2.2190746E+04   6.6154326E-03   1.0056988E-04   4.4775700E-03
   7.5000000E-01   1.2830010E+04   6.6038691E+03   1.9433880E+04   5.0613210E-03   7.1279772E-05   3.3187240E-03
   8.0000000E-01   1.1037395E+04   5.6460216E+03   1.6683417E+04   2.2443933E-03   1.8277263E-04   1.4229922E-03
   8.5000000E-01   9.1935385E+03   4.7671586E+03   1.3960697E+04   1.4993199E-02   9.6586427E-05   9.8408967E-03
   9.0000000E-01   7.0983105E+03   3.9611897E+03   1.1059500E+04   2.5625381E-03   5.5857962E-05   1.6273927E-03
   9.5000000E-01   4.9120241E+03   2.5464791E+03   7.4585032E+03   3.7007580E-03   6.9730722E-05   2.4407944E-03
   1.0000000E+00   2.7602576E+03   1.4775866E+03   4.2378442E+03   3.2179599E-02   2.1445277E-06   2.0960036E-02
