   0.0000000E+00   3.0858234E+07   1.5881371E+07   4.6285313E+07   2.0011054E-04   1.3536750E-04   1.7898713E-04
   5.0000000E-02   2.8711552E+04   1.1841128E+04   4.0552679E+04   1.2947192E-01   8.6957132E-02   1.1700623E-01
   1.0000000E-01   1.3209860E+04   5.2521131E+03   1.8461973E+04   1.4449390E-01   1.0103227E-01   1.3212970E-01
   1.5000000E-01   8.2548364E+03   3.3316435E+03   1.1586480E+04   1.3647019E-01   8.2755750E-02   1.2101621E-01
   2.0000000E-01   6.3980287E+03   2.5623946E+03   8.9604233E+03   1.3734751E-01   1.0369138E-01   1.2771943E-01
   2.5000000E-01   4.4818032E+03   1.7825354E+03   6.2643386E+03   1.3582695E-01   9.9795448E-02   1.2556004E-01
   3.0000000E-01   3.5650707E+03   1.4430048E+03   5.0080755E+03   1.4339873E-01   1.1075591E-01   1.3399123E-01
   3.5000000E-01   3.1285315E+03   1.0458753E+03   4.1744068E+03   1.5162602E-01   1.1589607E-01   1.4267138E-01
   4.0000000E-01   2.8488735E+03   8.3556345E+02   3.6844369E+03   1.3748683E-01   1.2508203E-01   1.3467045E-01
   4.5000000E-01   2.2352428E+03   7.4979662E+02   2.9850394E+03   1.6704484E-01   1.1159543E-01   1.5311679E-01
   5.0000000E-01   1.8080002E+03   5.2839441E+02   2.3363946E+03   1.4263666E-01   1.2185321E-01   1.3791625E-01
   5.5000000E-01   1.6667863E+03   6.0189506E+02   2.2686814E+03   1.6859719E-01   1.1655106E-01   1.5476566E-01
   6.0000000E-01   1.5862443E+03   4.8276999E+02   2.0690143E+03   1.5060717E-01   1.2446263E-01   1.4450163E-01
   6.5000000E-01   1.1704010E+03   3.6238356E+02   1.5327845E+03   1.6423498E-01   1.5504486E-01   1.6203883E-01
   7.0000000E-01   8.9581497E+02   2.9102618E+02   1.1868411E+03   1.6988732E-01   1.7677991E-01   1.7157734E-01
   7.5000000E-01   8.5307049E+02   2.8011270E+02   1.1331832E+03   1.7814399E-01   1.2474650E-01   1.6494260E-01
   8.0000000E-01   6.8834513E+02   2.5464791E+02   9.4299304E+02   1.8412043E-01   1.6530179E-01   1.7898572E-01
   8.5000000E-01   5.2053028E+02   1.7226182E+02   6.9279211E+02   1.7027784E-01   1.0995819E-01   1.5527898E-01
   9.0000000E-01   3.7489831E+02   1.0964007E+02   4.8453838E+02   2.0882905E-01   1.4323844E-01   1.9398721E-01
   9.5000000E-01   2.8145295E+02   5.6960716E+01   3.3841367E+02   2.1674669E-01   1.4342254E-01   2.0394649E-01
   1.0000000E+00   1.0688925E+02   2.5150411E+01   1.3203966E+02   2.0374794E-01   9.3301288E-02   1.6749290E-01
