   0.0000000E+00   1.0453297E+07   9.2854814E+06   1.9673588E+07   4.0997926E-05   2.6637607E-07   2.1728988E-05
   5.0000000E-02   1.5399832E+05   9.4983670E+04   2.4891833E+05   8.6941124E-04   6.1286868E-04   4.3099039E-04
   1.0000000E-01   8.7248740E+04   4.1221130E+04   1.2843804E+05   6.8011690E-04   3.3583228E-04   4.7544360E-04
   1.5000000E-01   5.9332963E+04   2.6992678E+04   8.6304420E+04   7.7564439E-04   3.1329286E-04   6.3047452E-04
   2.0000000E-01   4.9035638E+04   2.0371833E+04   6.9375640E+04   3.4000629E-04   1.2843046E-03   3.9440177E-04
   2.5000000E-01   4.1202032E+04   1.4884170E+04   5.6060737E+04   7.7676894E-04   1.9173785E-04   6.0810669E-04
   3.0000000E-01   3.5024698E+04   1.2074555E+04   4.7067422E+04   2.7332382E-03   2.9861110E-03   1.3625210E-03
   3.5000000E-01   3.1376260E+04   1.0085876E+04   4.1462136E+04   2.2642724E-04   1.1318599E-03   1.2634060E-04
   4.0000000E-01   2.8178383E+04   9.0240853E+03   3.7194510E+04   4.5772692E-04   1.3043534E-03   3.9438090E-04
   4.5000000E-01   2.4608891E+04   7.7526141E+03   3.2347358E+04   1.9027432E-03   7.9235444E-04   1.2918455E-03
   5.0000000E-01   2.2529974E+04   6.5826484E+03   2.9112622E+04   2.1265305E-03   2.7255292E-03   2.2616141E-03
   5.5000000E-01   2.1106839E+04   5.9437137E+03   2.7027403E+04   3.9153403E-03   2.6511493E-03   2.5228955E-03
   6.0000000E-01   1.4796105E+04   3.8674651E+03   1.8663570E+04   1.3084351E-03   5.4310642E-03   2.0717550E-03
   6.5000000E-01   9.0693832E+03   1.9686242E+03   1.1038007E+04   1.8517309E-03   4.5209752E-03   7.6975069E-04
   7.0000000E-01   6.7709060E+03   1.3141651E+03   8.0850711E+03   4.8248618E-03   6.7367860E-03   4.4230464E-03
   7.5000000E-01   5.6149864E+03   1.0864977E+03   6.7014841E+03   6.9292001E-03   4.7544890E-03   5.0695880E-03
   8.0000000E-01   4.1300708E+03   7.2813386E+02   4.8542258E+03   6.3507523E-03   1.4992313E-02   7.2893128E-03
   8.5000000E-01   3.3703400E+03   5.0555100E+02   3.8758910E+03   1.0577602E-02   1.0420009E-02   8.9271777E-03
   9.0000000E-01   2.2847576E+03   4.3856029E+02   2.7233179E+03   1.0956732E-02   2.0161501E-03   8.8734858E-03
   9.5000000E-01   1.6619127E+03   2.5464791E+02   1.9165606E+03   2.2703200E-02   1.7635016E-02   2.1838787E-02
   1.0000000E+00   5.7845945E+02   1.1317685E+02   6.9163630E+02   9.1504625E-03   3.7978269E-02   1.3333455E-02
