   0.0000000E+00   2.8995230E+07   1.6041800E+07   4.4616351E+07   7.5675634E-04   5.8727167E-05   5.0729703E-04
   5.0000000E-02   4.8128455E+04   1.3814649E+04   6.1943104E+04   1.5536456E-01   3.8617589E-02   1.2932593E-01
   1.0000000E-01   2.3809579E+04   6.3343667E+03   3.0143946E+04   1.6606845E-01   4.3205034E-02   1.4024827E-01
   1.5000000E-01   1.5660846E+04   3.7772773E+03   1.9438124E+04   1.6279909E-01   2.8209778E-02   1.3660673E-01
   2.0000000E-01   1.0631550E+04   2.7533805E+03   1.3384931E+04   1.6673131E-01   2.8942067E-02   1.3838140E-01
   2.5000000E-01   7.7922260E+03   1.8971269E+03   9.6893529E+03   1.7560346E-01   2.9195728E-02   1.4691967E-01
   3.0000000E-01   6.5677940E+03   1.3581222E+03   7.9259162E+03   1.6885971E-01   2.4533706E-02   1.4405753E-01
   3.5000000E-01   5.1748093E+03   1.1186319E+03   6.2934412E+03   1.6663940E-01   3.2326665E-02   1.4276571E-01
   4.0000000E-01   4.3051412E+03   9.4697191E+02   5.2521131E+03   1.8227414E-01   9.0476757E-03   1.5104076E-01
   4.5000000E-01   3.2750551E+03   6.7198754E+02   3.9470426E+03   1.7229131E-01   1.0099396E-02   1.4467785E-01
   5.0000000E-01   2.7692960E+03   6.1752118E+02   3.3868172E+03   1.7042380E-01   2.9583117E-02   1.4474132E-01
   5.5000000E-01   2.4017928E+03   4.1669658E+02   2.8184894E+03   1.6308160E-01   1.1072356E-02   1.4060796E-01
   6.0000000E-01   2.1751176E+03   4.1380285E+02   2.5889204E+03   1.6502551E-01   1.5843094E-02   1.4118078E-01
   6.5000000E-01   1.7678441E+03   3.1341281E+02   2.0812569E+03   1.5639026E-01   6.8163645E-03   1.3386611E-01
   7.0000000E-01   1.5642657E+03   2.3191149E+02   1.7961772E+03   1.4306697E-01   1.8854253E-02   1.2702904E-01
   7.5000000E-01   1.3369015E+03   1.5278875E+02   1.4896903E+03   1.5378779E-01   1.1755640E-02   1.3922028E-01
   8.0000000E-01   1.1180635E+03   1.2334508E+02   1.2414086E+03   1.3751911E-01   1.5468951E-06   1.2385550E-01
   8.5000000E-01   8.8003321E+02   9.7365377E+01   9.7739859E+02   1.4989556E-01   1.6056641E-02   1.3656287E-01
   9.0000000E-01   6.0478878E+02   6.3661977E+01   6.6845076E+02   1.6292887E-01   1.0140705E-05   1.4741087E-01
   9.5000000E-01   4.4563384E+02   6.3661977E+01   5.0929582E+02   1.1866421E-01   5.3680519E-05   1.0382450E-01
   1.0000000E+00   1.9491568E+02   1.8862808E+01   2.1377849E+02   1.7086591E-01   9.0681766E-07   1.5578943E-01
