   0.0000000E+00   3.2704431E+07   1.6527668E+07   4.8747249E+07   1.2001579E-04   6.3410099E-05   1.0635577E-04
   5.0000000E-02   9.9312684E+03   4.0107046E+03   1.3941973E+04   1.4162981E-01   1.1013671E-01   1.3256598E-01
   1.0000000E-01   4.3926764E+03   1.6233804E+03   6.0160568E+03   1.3228044E-01   1.0395198E-01   1.2463538E-01
   1.5000000E-01   2.9921129E+03   9.1248834E+02   3.9046013E+03   1.6112326E-01   1.1626092E-01   1.5063635E-01
   2.0000000E-01   2.0690143E+03   5.5704230E+02   2.6260566E+03   1.5392535E-01   1.3093344E-01   1.4904822E-01
   2.5000000E-01   1.3623663E+03   4.5836624E+02   1.8207325E+03   1.5021692E-01   1.0574178E-01   1.3901906E-01
   3.0000000E-01   1.1989672E+03   4.0319252E+02   1.6021598E+03   1.8290789E-01   9.8943633E-02   1.6177221E-01
   3.5000000E-01   1.1368210E+03   3.5468816E+02   1.4915092E+03   1.6258133E-01   9.0109010E-02   1.4534686E-01
   4.0000000E-01   7.0823950E+02   2.4669016E+02   9.5492966E+02   1.7844827E-01   1.3881966E-01   1.6820995E-01
   4.5000000E-01   7.2150241E+02   2.3342725E+02   9.5492966E+02   1.8945834E-01   7.0520687E-02   1.6038461E-01
   5.0000000E-01   5.6022540E+02   1.7188734E+02   7.3211274E+02   1.7927721E-01   1.7445672E-01   1.7814494E-01
   5.5000000E-01   5.4402053E+02   1.0417414E+02   6.4819468E+02   1.8374259E-01   1.2408134E-01   1.7415402E-01
   6.0000000E-01   4.8276999E+02   1.4854461E+02   6.3131461E+02   1.9412424E-01   1.2020244E-01   1.7673075E-01
   6.5000000E-01   4.3583969E+02   9.3044428E+01   5.2888412E+02   1.6025543E-01   9.8083530E-02   1.4931768E-01
   7.0000000E-01   2.6828976E+02   8.6398398E+01   3.5468816E+02   1.9820776E-01   1.1495162E-01   1.7791821E-01
   7.5000000E-01   2.7586857E+02   7.2150241E+01   3.4801881E+02   2.2827275E-01   1.0919847E-01   2.0358662E-01
   8.0000000E-01   2.1883805E+02   5.1725357E+01   2.7056340E+02   2.0826177E-01   1.7015200E-01   2.0094856E-01
   8.5000000E-01   1.6102735E+02   6.7406799E+01   2.2843415E+02   2.2465738E-01   1.8350725E-01   2.1251472E-01
   9.0000000E-01   1.4500784E+02   4.2441318E+01   1.8744916E+02   2.3090370E-01   1.3564976E-01   2.0933674E-01
   9.5000000E-01   1.2062269E+02   1.3402522E+01   1.3402522E+02   3.1340665E-01   1.0655888E-01   2.9272187E-01
   1.0000000E+00   3.7725616E+01   6.2876027E+00   4.4013219E+01   3.4862044E-01   4.9176125E-06   2.9881682E-01
