   0.0000000E+00   3.0431953E+07   1.6144168E+07   4.6153915E+07   2.3538821E-04   1.9194871E-04   2.2136314E-04
   5.0000000E-02   2.9921129E+04   1.3305353E+04   4.3226483E+04   1.2497462E-01   8.0324547E-02   1.1122764E-01
   1.0000000E-01   1.5278875E+04   5.6340850E+03   2.0912960E+04   1.2134635E-01   8.9126914E-02   1.1262295E-01
   1.5000000E-01   9.6978412E+03   3.3953055E+03   1.3093147E+04   1.2990792E-01   9.4268704E-02   1.2056559E-01
   2.0000000E-01   6.6845076E+03   2.1804227E+03   8.8649303E+03   1.3410964E-01   9.8631760E-02   1.2566125E-01
   2.5000000E-01   5.5513244E+03   1.8334649E+03   7.3847894E+03   1.3183155E-01   1.1117551E-01   1.2670194E-01
   3.0000000E-01   3.9046013E+03   1.3475119E+03   5.2521131E+03   1.3639999E-01   1.2703094E-01   1.3399598E-01
   3.5000000E-01   3.7105838E+03   9.7311879E+02   4.6837026E+03   1.4354970E-01   8.3456704E-02   1.3100489E-01
   4.0000000E-01   2.6340143E+03   8.9126768E+02   3.5252820E+03   1.4577478E-01   1.2336179E-01   1.4010276E-01
   4.5000000E-01   2.2564634E+03   6.6491398E+02   2.9213774E+03   1.3292823E-01   1.1127494E-01   1.2799809E-01
   5.0000000E-01   1.9098593E+03   6.3025357E+02   2.5401129E+03   1.4643123E-01   1.0247461E-01   1.3551567E-01
   5.5000000E-01   1.7767479E+03   3.3567224E+02   2.1124202E+03   1.5414991E-01   7.9518837E-02   1.4229053E-01
   6.0000000E-01   1.5225823E+03   3.8197186E+02   1.9045542E+03   1.5550587E-01   8.7908953E-02   1.4177884E-01
   6.5000000E-01   1.2144746E+03   3.1341281E+02   1.5278875E+03   1.5265427E-01   1.0766592E-01   1.4339920E-01
   7.0000000E-01   1.1504629E+03   2.2736420E+02   1.3778271E+03   1.7297654E-01   1.2230779E-01   1.6460393E-01
   7.5000000E-01   8.9975594E+02   1.6127701E+02   1.0610330E+03   1.6834416E-01   1.1322664E-01   1.5988666E-01
   8.0000000E-01   7.0028175E+02   1.4721832E+02   8.4750007E+02   1.5415257E-01   1.7535453E-01   1.5781260E-01
   8.5000000E-01   6.5534388E+02   1.2732395E+02   7.8266784E+02   1.7716636E-01   1.0876263E-01   1.6603838E-01
   9.0000000E-01   4.0672930E+02   7.0735530E+01   4.7746483E+02   1.7851970E-01   1.2175251E-01   1.7010632E-01
   9.5000000E-01   2.7140106E+02   5.6960716E+01   3.2836178E+02   1.7888825E-01   1.0896307E-01   1.6675703E-01
   1.0000000E+00   1.1946445E+02   5.6588424E+01   1.7605288E+02   2.4553602E-01   9.2453456E-02   1.9633091E-01
