   0.0000000E+00   1.3750987E+07   1.0315277E+07   2.3958803E+07   4.1983961E-03   4.1712496E-04   2.5766215E-03
   5.0000000E-02   2.5534819E+05   1.1045353E+05   3.6561074E+05   3.6955328E-02   1.0452227E-02   2.8788224E-02
   1.0000000E-01   9.7625642E+04   4.1825919E+04   1.3938790E+05   2.9505117E-02   5.7312189E-03   2.2455272E-02
   1.5000000E-01   5.6489394E+04   2.3894462E+04   8.0362636E+04   2.4586061E-02   7.6093228E-03   1.9063879E-02
   2.0000000E-01   4.1889581E+04   1.6918170E+04   5.8807751E+04   3.1113765E-02   4.4154656E-03   2.3423152E-02
   2.5000000E-01   3.2403946E+04   1.1879325E+04   4.4206877E+04   3.0925545E-02   5.3585564E-03   2.4107922E-02
   3.0000000E-01   2.5263195E+04   9.5705172E+03   3.4833712E+04   3.5040422E-02   3.5057079E-03   2.6174787E-02
   3.5000000E-01   2.1072114E+04   7.2574654E+03   2.8338674E+04   2.5851491E-02   3.7197450E-03   2.0201761E-02
   4.0000000E-01   1.7857185E+04   6.0797188E+03   2.3928946E+04   2.9635680E-02   4.6853558E-03   2.3196341E-02
   4.5000000E-01   1.5215213E+04   4.7817218E+03   1.9996934E+04   3.0107492E-02   2.2580730E-03   2.2468843E-02
   5.0000000E-01   1.3279888E+04   3.9916060E+03   1.7265128E+04   2.8077587E-02   3.0384496E-03   2.2263875E-02
   5.5000000E-01   1.1592267E+04   3.1078620E+03   1.4694342E+04   3.6498371E-02   5.1491883E-03   2.9682300E-02
   6.0000000E-01   1.0551973E+04   2.8753993E+03   1.3427372E+04   2.6667129E-02   1.6950672E-03   2.1309300E-02
   6.5000000E-01   8.5453962E+03   2.3946698E+03   1.0944963E+04   2.7314697E-02   4.0570799E-03   2.2208878E-02
   7.0000000E-01   7.6076063E+03   1.9826159E+03   9.5856749E+03   2.8332273E-02   3.4505487E-03   2.2885790E-02
   7.5000000E-01   6.4171273E+03   1.6000377E+03   8.0129209E+03   2.2234154E-02   6.2102241E-03   1.9045223E-02
   8.0000000E-01   5.5425709E+03   1.2493663E+03   6.7959161E+03   2.2076957E-02   3.7286629E-03   1.8664547E-02
   8.5000000E-01   4.3439937E+03   9.9986752E+02   5.3363716E+03   2.2122340E-02   1.6542065E-03   1.7315513E-02
   9.0000000E-01   3.2856654E+03   6.4369333E+02   3.9293587E+03   1.9397115E-02   6.0043643E-04   1.6278695E-02
   9.5000000E-01   2.2750780E+03   3.9202375E+02   2.6671018E+03   2.5939178E-02   1.2307968E-03   2.2260334E-02
   1.0000000E+00   7.2307431E+02   1.3832726E+02   8.6140157E+02   1.0060612E-02   6.3315182E-03   7.6055083E-03
