   0.0000000E+00   6.8892445E+06   1.0599465E+07   1.7445928E+07   3.4781519E-03   4.0352023E-04   1.6098732E-03
   5.0000000E-02   1.8971269E+05   1.1993917E+05   3.0939721E+05   2.4478214E-02   8.1862278E-03   1.7976567E-02
   1.0000000E-01   1.0064959E+05   5.1661695E+04   1.5224762E+05   1.6761950E-02   6.5706491E-03   1.3310385E-02
   1.5000000E-01   7.3784232E+04   3.1491458E+04   1.0523325E+05   1.6139065E-02   2.6552636E-03   1.2109620E-02
   2.0000000E-01   6.2054512E+04   2.0117185E+04   8.2155782E+04   1.4468161E-02   3.3688513E-03   1.1815034E-02
   2.5000000E-01   5.1235159E+04   1.5113353E+04   6.6323048E+04   1.4972216E-02   7.0040257E-03   1.3160013E-02
   3.0000000E-01   4.2611083E+04   1.0652771E+04   5.3253244E+04   1.2098287E-02   3.5256257E-03   1.0382857E-02
   3.5000000E-01   3.6805717E+04   8.3397190E+03   4.5127247E+04   1.5242405E-02   2.0592872E-03   1.2792878E-02
   4.0000000E-01   3.2809792E+04   6.3104935E+03   3.9080496E+04   9.9946310E-03   2.4888428E-03   8.7632615E-03
   4.5000000E-01   2.8598375E+04   4.8666045E+03   3.3464979E+04   1.3602399E-02   3.0325653E-03   1.2035049E-02
   5.0000000E-01   2.5547551E+04   3.6160003E+03   2.9150819E+04   1.0735100E-02   1.8848866E-03   9.6409557E-03
   5.5000000E-01   2.3144022E+04   2.8590015E+03   2.5997237E+04   1.0268630E-02   2.9127177E-03   9.4070690E-03
   6.0000000E-01   1.8148969E+04   2.2812209E+03   2.0430190E+04   1.0591123E-02   5.5379733E-04   9.4252276E-03
   6.5000000E-01   1.0656036E+04   8.4229693E+02   1.1498333E+04   1.4941442E-02   9.7212265E-03   1.4552979E-02
   7.0000000E-01   7.0028175E+03   4.9565397E+02   7.4984715E+03   1.9864927E-02   1.4650493E-02   1.9498724E-02
   7.5000000E-01   5.0547610E+03   2.2493899E+02   5.2797000E+03   2.0943677E-02   9.1832391E-03   1.9849563E-02
   8.0000000E-01   3.8435919E+03   1.4721832E+02   3.9908102E+03   2.0909007E-02   1.2511149E-02   2.0513065E-02
   8.5000000E-01   2.7075064E+03   9.3620555E+01   2.8011270E+03   2.6716638E-02   1.6900727E-02   2.6386675E-02
   9.0000000E-01   2.0513304E+03   3.1830989E+01   2.0831614E+03   3.0546644E-02   1.9415191E-02   3.0113149E-02
   9.5000000E-01   1.1559675E+03   6.3661977E+01   1.2196295E+03   3.8151315E-02   3.0294608E-02   3.7736775E-02
   1.0000000E+00   4.5899500E+02   1.2575205E+01   4.7157020E+02   5.3133568E-02   1.3531987E-06   5.1716638E-02
