   0.0000000E+00   2.3868658E+07   1.4009200E+07   3.7615571E+07   1.2315057E-02   1.9231997E-07   7.7739937E-03
   5.0000000E-02   5.3858033E+05   1.4966931E+05   6.8729471E+05   1.9646206E-01   1.9637536E-05   1.5378157E-01
   1.0000000E-01   1.6548931E+05   4.9815497E+04   2.1498650E+05   2.1494516E-01   1.3193249E-06   1.6515135E-01
   1.5000000E-01   6.2813151E+04   1.9841316E+04   8.2633246E+04   2.3071806E-01   6.7273489E-05   1.7536642E-01
   2.0000000E-01   2.5003242E+04   8.1009866E+03   3.3088313E+04   2.3721612E-01   1.3517469E-05   1.7924119E-01
   2.5000000E-01   8.2505922E+03   2.3809579E+03   1.0631550E+04   2.4040267E-01   1.3050872E-05   1.8656615E-01
   3.0000000E-01   3.0663852E+03   9.4431933E+02   4.0107046E+03   2.3365378E-01   1.5379607E-05   1.7863649E-01
   3.5000000E-01   1.2550504E+03   3.1830989E+02   1.5733603E+03   2.3494025E-01   1.0380557E-05   1.8740776E-01
   4.0000000E-01   4.6950708E+02   1.2732395E+02   5.9683104E+02   2.3796322E-01   2.6556483E-06   1.8719718E-01
   4.5000000E-01   1.4854461E+02   1.4147106E+01   1.6269172E+02   2.4235067E-01   1.9304232E-05   2.2127836E-01
   5.0000000E-01   7.0028175E+01   1.2732395E+01   8.2760570E+01   2.5681312E-01   1.3708784E-06   2.1730349E-01
   5.5000000E-01   2.3149810E+01   1.1574905E+01   3.4724715E+01   2.1196215E-01   4.5235177E-06   1.4130799E-01
   6.0000000E-01   1.0610330E+01   1.0610330E+01   2.1220659E+01   8.8254644E-02   1.2831620E-06   4.4127963E-02
   6.5000000E-01   0.0000000E+00   0.0000000E+00   0.0000000E+00   0.0000000E+00   0.0000000E+00   0.0000000E+00
   7.0000000E-01   0.0000000E+00   0.0000000E+00   0.0000000E+00   0.0000000E+00   0.0000000E+00   0.0000000E+00
   7.5000000E-01   0.0000000E+00   0.0000000E+00   0.0000000E+00   0.0000000E+00   0.0000000E+00   0.0000000E+00
   8.0000000E-01   0.0000000E+00   0.0000000E+00   0.0000000E+00   0.0000000E+00   0.0000000E+00   0.0000000E+00
   8.5000000E-01   0.0000000E+00   0.0000000E+00   0.0000000E+00   0.0000000E+00   0.0000000E+00   0.0000000E+00
   9.0000000E-01   0.0000000E+00   0.0000000E+00   0.0000000E+00   0.0000000E+00   0.0000000E+00   0.0000000E+00
   9.5000000E-01   0.0000000E+00   0.0000000E+00   0.0000000E+00   0.0000000E+00   0.0000000E+00   0.0000000E+00
   1.0000000E+00   0.0000000E+00   0.0000000E+00   0.0000000E+00   0.0000000E+00   0.0000000E+00   0.0000000E+00
