   0.0000000E+00   3.3438326E+07   1.6791483E+07   4.9689956E+07   1.6378091E-05   1.3894265E-10   1.1021415E-05
   5.0000000E-02   7.0028175E+02   2.5464791E+02   9.5492966E+02   9.1701012E-02   1.3357122E-01   1.0286640E-01
   1.0000000E-01   4.4563384E+02   1.9098593E+02   6.3661977E+02   2.1559101E-01   1.2780731E-01   1.8917523E-01
   1.5000000E-01   4.6685450E+02   1.4854461E+02   6.1539911E+02   1.4058986E-01   5.4334138E-02   1.1976952E-01
   2.0000000E-01   2.7056340E+02   1.2732395E+02   3.9788736E+02   1.1446448E-01   1.1525546E-01   1.1471759E-01
   2.5000000E-01   1.1459156E+02   3.8197186E+01   1.5278875E+02   2.0189219E-01   4.1663641E-02   1.6183505E-01
   3.0000000E-01   6.3661977E+01   3.1830989E+01   9.5492966E+01   1.6232568E-01   3.6626510E-06   1.0821834E-01
   3.5000000E-01   6.3661977E+01   2.7283705E+01   9.0945682E+01   8.6795743E-02   3.0976436E-02   7.0049951E-02
   4.0000000E-01   6.3661977E+01   1.5915494E+01   7.9577472E+01   1.7615262E-01   4.4607527E-02   1.4984360E-01
   4.5000000E-01   4.9514871E+01   1.4147106E+01   6.3661977E+01   1.6311478E-01   3.0328252E-01   1.9426317E-01
   5.0000000E-01   8.2760570E+01   1.2732395E+01   9.5492966E+01   1.6928544E-01   7.6906621E-02   1.5696826E-01
   5.5000000E-01   3.4724715E+01   2.3149810E+01   5.7874525E+01   1.8983553E-01   2.6402133E-05   1.1391188E-01
   6.0000000E-01   6.8967142E+01   1.5915494E+01   8.4882636E+01   1.5041124E-01   4.3953932E-02   1.3045050E-01
   6.5000000E-01   4.8970752E+01   1.4691226E+01   6.3661977E+01   2.2402958E-01   1.8979622E-06   1.7233001E-01
   7.0000000E-01   2.2736420E+01   9.0945682E+00   3.1830989E+01   1.5327243E-01   8.7615498E-02   1.3451330E-01
   7.5000000E-01   3.3953055E+01   4.2441318E+00   3.8197186E+01   2.5248260E-01   9.6821213E-07   2.2442908E-01
   8.0000000E-01   1.5915494E+01   1.9894368E+01   3.5809862E+01   3.0169771E-01   5.3346531E-02   1.6372483E-01
   8.5000000E-01   1.1234467E+01   1.1234467E+01   2.2468933E+01   1.1074192E-01   1.2663130E-06   5.5371593E-02
   9.0000000E-01   3.5367765E+00   7.0735530E+00   1.0610330E+01   8.8436951E-06   6.1608944E-06   1.1593646E-06
   9.5000000E-01   1.6753152E+01   3.3506304E+00   2.0103782E+01   3.2425024E-01   3.4698640E-06   2.7020911E-01
   1.0000000E+00   0.0000000E+00   6.2876027E+00   6.2876027E+00   0.0000000E+00   4.2756438E-01   4.2756438E-01
