   0.0000000E+00   1.7802945E+07   1.0885689E+07   2.8521075E+07   1.5305515E-03   8.2747950E-04   1.2310604E-03
   5.0000000E-02   1.9264114E+05   8.8553810E+04   2.8106763E+05   3.4430000E-02   1.9169200E-02   2.9620216E-02
   1.0000000E-01   7.5312119E+04   3.3963665E+04   1.0914846E+05   2.4942573E-02   1.4135095E-02   2.1591329E-02
   1.5000000E-01   4.6261037E+04   2.0286950E+04   6.6463104E+04   2.9337956E-02   1.5895932E-02   2.5293743E-02
   2.0000000E-01   3.3151975E+04   1.4769579E+04   4.7905638E+04   3.1836709E-02   6.6326708E-03   2.3983191E-02
   2.5000000E-01   2.4764509E+04   1.0848001E+04   3.5561580E+04   1.9703173E-02   1.1036183E-02   1.7051357E-02
   3.0000000E-01   2.0594650E+04   8.0214091E+03   2.8626669E+04   2.7323804E-02   1.5862554E-02   2.4102099E-02
   3.5000000E-01   1.6970464E+04   6.5844674E+03   2.3536742E+04   2.9319516E-02   1.6655403E-02   2.5765357E-02
   4.0000000E-01   1.4403522E+04   5.1009159E+03   1.9496481E+04   2.6016340E-02   1.9234787E-02   2.3916908E-02
   4.5000000E-01   1.2046261E+04   4.7675747E+03   1.6813836E+04   2.3926720E-02   1.6722677E-02   2.1712379E-02
   5.0000000E-01   1.0892564E+04   3.8006200E+03   1.4686818E+04   2.4564605E-02   1.3969589E-02   2.1921879E-02
   5.5000000E-01   9.3235859E+03   3.3162103E+03   1.2639796E+04   2.5155404E-02   1.5914963E-02   2.2711475E-02
   6.0000000E-01   8.0744608E+03   2.7746012E+03   1.0838452E+04   2.5461180E-02   1.3627865E-02   2.1337053E-02
   6.5000000E-01   7.1693181E+03   2.3359049E+03   9.5003258E+03   3.3975924E-02   9.4396607E-03   2.7899402E-02
   7.0000000E-01   6.2616102E+03   1.8916702E+03   8.1487331E+03   2.0985564E-02   2.1369050E-02   2.1157102E-02
   7.5000000E-01   5.1820849E+03   1.5406198E+03   6.7227048E+03   2.8649913E-02   7.2622672E-03   2.3518040E-02
   8.0000000E-01   4.4205285E+03   1.3846480E+03   5.8051765E+03   2.7429163E-02   1.7080807E-02   2.4941228E-02
   8.5000000E-01   3.6998843E+03   1.0335709E+03   4.7297104E+03   2.6701838E-02   1.2425671E-02   2.3543255E-02
   9.0000000E-01   2.9249142E+03   7.7101728E+02   3.6959315E+03   2.6427952E-02   2.2194908E-02   2.5249862E-02
   9.5000000E-01   1.7925873E+03   4.9924393E+02   2.2918312E+03   2.8182999E-02   2.5961928E-02   2.7010089E-02
   1.0000000E+00   6.7906109E+02   1.7605288E+02   8.5511397E+02   4.0002064E-02   2.2212179E-02   3.6311431E-02
