   0.0000000E+00   2.7021708E+07   1.5420459E+07   4.2138627E+07   9.0601785E-04   4.5187970E-04   7.4179000E-04
   5.0000000E-02   7.6203387E+04   2.8584228E+04   1.0478761E+05   1.2371081E-01   7.9329527E-02   1.1160154E-01
   1.0000000E-01   3.6191834E+04   1.2764226E+04   4.8956060E+04   1.1617495E-01   7.4804071E-02   1.0537424E-01
   1.5000000E-01   2.2069485E+04   6.8118316E+03   2.8881317E+04   1.2780124E-01   7.2473087E-02   1.1474727E-01
   2.0000000E-01   1.7300142E+04   4.0902820E+03   2.1390424E+04   1.1771596E-01   7.5450597E-02   1.0963374E-01
   2.5000000E-01   1.2821522E+04   3.2340284E+03   1.6055551E+04   1.1434125E-01   6.5611259E-02   1.0451138E-01
   3.0000000E-01   1.0493616E+04   2.4828171E+03   1.2976433E+04   1.2520432E-01   6.6559730E-02   1.1398367E-01
   3.5000000E-01   8.5307049E+03   1.8461973E+03   1.0376902E+04   1.2398756E-01   6.3187507E-02   1.1317007E-01
   4.0000000E-01   6.6845076E+03   1.3448593E+03   8.0293669E+03   1.1342483E-01   5.2663722E-02   1.0324756E-01
   4.5000000E-01   5.4607829E+03   1.1954305E+03   6.6562134E+03   1.1602711E-01   6.3994343E-02   1.0666566E-01
   5.0000000E-01   4.4754370E+03   8.3397190E+02   5.3094089E+03   1.0856776E-01   5.5407651E-02   1.0020452E-01
   5.5000000E-01   3.9296802E+03   6.8291939E+02   4.6125996E+03   1.0899918E-01   5.5265172E-02   1.0104312E-01
   6.0000000E-01   3.1830989E+03   4.6154933E+02   3.6446482E+03   1.1385802E-01   3.0254112E-02   1.0326507E-01
   6.5000000E-01   2.4289493E+03   3.4279526E+02   2.7717445E+03   1.2908070E-01   5.6593828E-02   1.2009995E-01
   7.0000000E-01   1.8598392E+03   2.4100606E+02   2.1008452E+03   1.1293656E-01   7.4006602E-02   1.0846414E-01
   7.5000000E-01   1.4981785E+03   1.9947420E+02   1.6976527E+03   1.3252150E-01   2.9078805E-02   1.2036485E-01
   8.0000000E-01   1.0623592E+03   1.1140846E+02   1.1737677E+03   1.4265308E-01   6.1440277E-02   1.3494438E-01
   8.5000000E-01   9.0999179E+02   8.2386088E+01   9.9237788E+02   1.1920355E-01   1.2766054E-01   1.1990472E-01
   9.0000000E-01   6.5784043E+02   6.3661977E+01   7.2150241E+02   1.2704024E-01   3.0445985E-02   1.1848972E-01
   9.5000000E-01   4.0542628E+02   5.3610086E+01   4.5903636E+02   1.4915545E-01   2.4741538E-02   1.3462531E-01
   1.0000000E+00   1.5719007E+02   0.0000000E+00   1.5719007E+02   9.3555365E-02   0.0000000E+00   9.3555365E-02
