   0.0000000E+00   2.9610968E+07   1.5916513E+07   4.5067078E+07   5.2543691E-04   1.7006711E-04   4.0036296E-04
   5.0000000E-02   4.1189299E+04   1.4769579E+04   5.5958878E+04   1.4667918E-01   7.2382957E-02   1.2706761E-01
   1.0000000E-01   1.8430142E+04   7.4484513E+03   2.5878594E+04   1.4519256E-01   6.9183878E-02   1.2331178E-01
   1.5000000E-01   1.2435306E+04   3.6711740E+03   1.6106480E+04   1.5665382E-01   7.6830965E-02   1.3845568E-01
   2.0000000E-01   8.7057754E+03   2.3236622E+03   1.1029438E+04   1.5050592E-01   7.9467537E-02   1.3553721E-01
   2.5000000E-01   6.6463104E+03   1.8207325E+03   8.4670430E+03   1.5299411E-01   7.2353625E-02   1.3565169E-01
   3.0000000E-01   5.7826296E+03   1.2944602E+03   7.0770898E+03   1.5745871E-01   4.7612442E-02   1.3736676E-01
   3.5000000E-01   4.3562982E+03   1.2095776E+03   5.5658757E+03   1.6054484E-01   6.5603660E-02   1.3988904E-01
   4.0000000E-01   3.6923947E+03   9.8676065E+02   4.6791553E+03   1.7251790E-01   7.1512536E-02   1.5119798E-01
   4.5000000E-01   2.9921129E+03   8.0638504E+02   3.7984980E+03   1.5837089E-01   7.0656140E-02   1.3964386E-01
   5.0000000E-01   2.7629298E+03   6.8118316E+02   3.4441130E+03   1.7615495E-01   5.7110163E-02   1.5254204E-01
   5.5000000E-01   2.2571065E+03   4.8614601E+02   2.7432525E+03   1.9542732E-01   6.5771412E-02   1.7244948E-01
   6.0000000E-01   2.0584039E+03   3.0769956E+02   2.3661035E+03   1.6580733E-01   7.7756387E-02   1.5434408E-01
   6.5000000E-01   1.6796968E+03   4.1625139E+02   2.0959482E+03   1.7376597E-01   6.4174041E-02   1.5196026E-01
   7.0000000E-01   1.3823744E+03   3.0921532E+02   1.6915897E+03   1.8181680E-01   7.5061384E-02   1.6230076E-01
   7.5000000E-01   1.1034743E+03   2.5889204E+02   1.3623663E+03   1.7841614E-01   7.5346374E-02   1.5882963E-01
   8.0000000E-01   8.9524655E+02   2.3873241E+02   1.1339790E+03   1.8435812E-01   4.0883695E-02   1.5415042E-01
   8.5000000E-01   8.0513677E+02   1.3855842E+02   9.4369519E+02   1.8532481E-01   1.2090718E-01   1.7585908E-01
   9.0000000E-01   5.8356812E+02   9.9029742E+01   6.8259787E+02   2.1360469E-01   1.0826487E-01   1.9832154E-01
   9.5000000E-01   4.0207565E+02   8.0415129E+01   4.8249077E+02   2.1561605E-01   6.9224450E-02   1.9120281E-01
   1.0000000E+00   1.1317685E+02   1.2575205E+01   1.2575205E+02   2.1912653E-01   1.2244955E-01   2.0765849E-01
