   0.0000000E+00   1.3641998E+07   1.3007924E+07   2.6561305E+07   4.1795641E-03   5.6369168E-04   2.4196110E-03
   5.0000000E-02   1.9595157E+05   8.9636064E+04   2.8546031E+05   7.7675750E-02   1.7354601E-02   5.8730561E-02
   1.0000000E-01   9.8357755E+04   3.6828454E+04   1.3515438E+05   8.0909822E-02   1.4848613E-02   6.2920873E-02
   1.5000000E-01   6.5041320E+04   2.2090706E+04   8.7110806E+04   6.8073237E-02   1.7039398E-02   5.5147840E-02
   2.0000000E-01   4.8287610E+04   1.3528170E+04   6.1815780E+04   6.5056344E-02   1.3671824E-02   5.3744463E-02
   2.5000000E-01   3.9444961E+04   8.2378599E+03   4.7682821E+04   5.9078116E-02   1.3334616E-02   5.1151775E-02
   3.0000000E-01   3.2892022E+04   7.1619724E+03   4.0043384E+04   6.0316257E-02   4.4578426E-03   5.0293153E-02
   3.5000000E-01   2.6565234E+04   4.1925959E+03   3.0757830E+04   4.7971783E-02   7.5697311E-03   4.2461617E-02
   4.0000000E-01   2.2647748E+04   3.3342961E+03   2.5982044E+04   4.1936355E-02   6.7131231E-03   3.7415707E-02
   4.5000000E-01   2.0159626E+04   2.3837874E+03   2.2536340E+04   3.6739525E-02   7.0734162E-03   3.3583584E-02
   5.0000000E-01   1.6965917E+04   1.6743100E+03   1.8640227E+04   3.0108022E-02   2.6142871E-03   2.7637760E-02
   5.5000000E-01   1.4590168E+04   1.2211525E+03   1.5811320E+04   2.8769043E-02   1.2883856E-03   2.6560777E-02
   6.0000000E-01   1.1575870E+04   9.0718318E+02   1.2483053E+04   2.1966090E-02   3.3609019E-03   2.0601528E-02
   6.5000000E-01   6.9734350E+03   4.2604554E+02   7.3945835E+03   2.9140638E-02   1.0351802E-02   2.8072407E-02
   7.0000000E-01   4.9428978E+03   2.4100606E+02   5.1839039E+03   3.1054299E-02   2.0846692E-02   3.0553645E-02
   7.5000000E-01   3.7263477E+03   1.6976527E+02   3.8961130E+03   3.1412226E-02   1.2017033E-06   3.0043541E-02
   8.0000000E-01   2.5902467E+03   5.1725357E+01   2.6419721E+03   3.8846784E-02   4.0727268E-05   3.8085446E-02
   8.5000000E-01   2.0034799E+03   5.6172333E+01   2.0596522E+03   2.8983793E-02   2.4565798E-05   2.8193996E-02
   9.0000000E-01   1.3758061E+03   1.7683883E+01   1.3934899E+03   3.0501283E-02   3.2534189E-06   3.0114245E-02
   9.5000000E-01   6.3661977E+02   2.3454413E+01   6.6007419E+02   2.8664473E-02   1.9092092E-06   2.7645912E-02
   1.0000000E+00   3.0809253E+02   6.2876027E+00   3.1438013E+02   4.4186724E-02   5.1175755E-05   4.3301978E-02
