   0.0000000E+00   3.3003897E+07   1.6882647E+07   4.9566706E+07   1.1278596E-03   1.1195445E-08   7.4499547E-04
   5.0000000E-02   9.5492966E+02   0.0000000E+00   9.5492966E+02   9.1876181E-02   0.0000000E+00   9.1876181E-02
   1.0000000E-01   6.3661977E+02   0.0000000E+00   6.3661977E+02   8.8750622E-07   0.0000000E+00   8.8750622E-07
   1.5000000E-01   7.6394373E+02   0.0000000E+00   7.6394373E+02   6.0010809E-07   0.0000000E+00   6.0010809E-07
   2.0000000E-01   7.0028175E+02   0.0000000E+00   7.0028175E+02   4.1985002E-06   0.0000000E+00   4.1985002E-06
   2.5000000E-01   8.0214091E+02   0.0000000E+00   8.0214091E+02   1.0996966E-04   0.0000000E+00   1.0996966E-04
   3.0000000E-01   7.7455406E+02   0.0000000E+00   7.7455406E+02   2.9906278E-06   0.0000000E+00   2.9906278E-06
   3.5000000E-01   9.9130793E+02   0.0000000E+00   9.9130793E+02   6.0024936E-06   0.0000000E+00   6.0024936E-06
   4.0000000E-01   1.0424649E+03   0.0000000E+00   1.0424649E+03   4.1157325E-05   0.0000000E+00   4.1157325E-05
   4.5000000E-01   1.3227544E+03   0.0000000E+00   1.3227544E+03   2.1090191E-06   0.0000000E+00   2.1090191E-06
   5.0000000E-01   1.6934086E+03   0.0000000E+00   1.6934086E+03   1.1717092E-05   0.0000000E+00   1.1717092E-05
   5.5000000E-01   2.7258901E+03   0.0000000E+00   2.7258901E+03   6.9789995E-06   0.0000000E+00   6.9789995E-06
   6.0000000E-01   2.1220659E+01   0.0000000E+00   2.1220659E+01   9.5159482E-06   0.0000000E+00   9.5159482E-06
   6.5000000E-01   0.0000000E+00   0.0000000E+00   0.0000000E+00   0.0000000E+00   0.0000000E+00   0.0000000E+00
   7.0000000E-01   0.0000000E+00   0.0000000E+00   0.0000000E+00   0.0000000E+00   0.0000000E+00   0.0000000E+00
   7.5000000E-01   0.0000000E+00   0.0000000E+00   0.0000000E+00   0.0000000E+00   0.0000000E+00   0.0000000E+00
   8.0000000E-01   0.0000000E+00   0.0000000E+00   0.0000000E+00   0.0000000E+00   0.0000000E+00   0.0000000E+00
   8.5000000E-01   0.0000000E+00   0.0000000E+00   0.0000000E+00   0.0000000E+00   0.0000000E+00   0.0000000E+00
   9.0000000E-01   0.0000000E+00   0.0000000E+00   0.0000000E+00   0.0000000E+00   0.0000000E+00   0.0000000E+00
   9.5000000E-01   0.0000000E+00   0.0000000E+00   0.0000000E+00   0.0000000E+00   0.0000000E+00   0.0000000E+00
   1.0000000E+00   0.0000000E+00   0.0000000E+00   0.0000000E+00   0.0000000E+00   0.0000000E+00   0.0000000E+00
