   0.0000000E+00   2.4896926E+07   1.4028553E+07   3.9057387E+07   1.6641494E-02   4.2195412E-07   1.0669534E-02
   5.0000000E-02   6.4425921E+05   1.9843438E+05   8.4339387E+05   1.8624237E-01   4.8751705E-06   1.4267819E-01
   1.0000000E-01   1.4486283E+05   4.8796906E+04   1.9369157E+05   2.1018205E-01   2.8033743E-06   1.5721929E-01
   1.5000000E-01   3.6923947E+04   1.2520189E+04   4.9444136E+04   2.1615770E-01   1.1265730E-05   1.6144416E-01
   2.0000000E-01   9.4060571E+03   3.2467608E+03   1.2652818E+04   2.3637838E-01   1.1876097E-05   1.7571975E-01
   2.5000000E-01   1.9098593E+03   6.8754935E+02   2.5974087E+03   2.3455686E-01   1.5987184E-05   1.7247248E-01
   3.0000000E-01   2.4403758E+02   1.3793428E+02   3.8197186E+02   2.6402669E-01   9.6309725E-06   1.6868044E-01
   3.5000000E-01   8.1851114E+01   2.7283705E+01   1.0913482E+02   2.7946912E-01   1.7080884E-06   2.0960142E-01
   4.0000000E-01   7.9577472E+00   0.0000000E+00   7.9577472E+00   7.1023066E-02   0.0000000E+00   7.1023066E-02
   4.5000000E-01   0.0000000E+00   0.0000000E+00   0.0000000E+00   0.0000000E+00   0.0000000E+00   0.0000000E+00
   5.0000000E-01   0.0000000E+00   0.0000000E+00   0.0000000E+00   0.0000000E+00   0.0000000E+00   0.0000000E+00
   5.5000000E-01   0.0000000E+00   0.0000000E+00   0.0000000E+00   0.0000000E+00   0.0000000E+00   0.0000000E+00
   6.0000000E-01   0.0000000E+00   0.0000000E+00   0.0000000E+00   0.0000000E+00   0.0000000E+00   0.0000000E+00
   6.5000000E-01   0.0000000E+00   0.0000000E+00   0.0000000E+00   0.0000000E+00   0.0000000E+00   0.0000000E+00
   7.0000000E-01   0.0000000E+00   0.0000000E+00   0.0000000E+00   0.0000000E+00   0.0000000E+00   0.0000000E+00
   7.5000000E-01   0.0000000E+00   0.0000000E+00   0.0000000E+00   0.0000000E+00   0.0000000E+00   0.0000000E+00
   8.0000000E-01   0.0000000E+00   0.0000000E+00   0.0000000E+00   0.0000000E+00   0.0000000E+00   0.0000000E+00
   8.5000000E-01   0.0000000E+00   0.0000000E+00   0.0000000E+00   0.0000000E+00   0.0000000E+00   0.0000000E+00
   9.0000000E-01   0.0000000E+00   0.0000000E+00   0.0000000E+00   0.0000000E+00   0.0000000E+00   0.0000000E+00
   9.5000000E-01   0.0000000E+00   0.0000000E+00   0.0000000E+00   0.0000000E+00   0.0000000E+00   0.0000000E+00
   1.0000000E+00   0.0000000E+00   0.0000000E+00   0.0000000E+00   0.0000000E+00   0.0000000E+00   0.0000000E+00
