   0.0000000E+00   1.8996225E+07   9.9613169E+06   2.8939716E+07   3.7547065E-04   6.1628082E-05   2.6376986E-04
   5.0000000E-02   3.9024792E+05   1.9888002E+05   5.8887329E+05   5.2153447E-03   6.0604419E-04   3.6068298E-03
   1.0000000E-01   8.8808458E+04   4.4085919E+04   1.3286255E+05   1.1650156E-02   2.4647205E-03   8.5534225E-03
   1.5000000E-01   5.1353995E+04   2.4976716E+04   7.6330711E+04   4.6730098E-03   2.9401797E-03   4.1056875E-03
   2.0000000E-01   3.5141411E+04   1.7379720E+04   5.2521131E+04   8.4887045E-03   3.6467710E-03   6.6586629E-03
   2.5000000E-01   2.4866368E+04   1.2083043E+04   3.6949412E+04   7.9694231E-03   2.4514381E-03   6.1471702E-03
   3.0000000E-01   1.9056152E+04   9.2522074E+03   2.8308359E+04   1.6468710E-02   2.9042900E-03   1.1895150E-02
   3.5000000E-01   1.5187929E+04   7.3756948E+03   2.2554529E+04   1.0304055E-02   2.2020630E-03   7.4551321E-03
   4.0000000E-01   1.1753593E+04   5.4749300E+03   1.7228523E+04   8.8717999E-03   1.7803883E-03   5.9633120E-03
   4.5000000E-01   9.6978412E+03   4.6685450E+03   1.4366386E+04   3.4212914E-03   1.9529393E-03   2.5671500E-03
   5.0000000E-01   7.8176908E+03   3.6287327E+03   1.1446424E+04   9.5531259E-03   3.7271159E-03   7.2075449E-03
   5.5000000E-01   6.4703719E+03   2.6448658E+03   9.1152376E+03   6.0407841E-03   1.0113090E-03   4.4254732E-03
   6.0000000E-01   5.1141788E+03   2.4934274E+03   7.6076063E+03   1.8611850E-03   3.6395496E-03   1.5722246E-03
   6.5000000E-01   4.1429256E+03   1.9049622E+03   6.0478878E+03   1.5072024E-02   2.4439311E-03   1.0409856E-02
   7.0000000E-01   3.5832599E+03   1.4232999E+03   5.0065598E+03   1.0682075E-02   5.8120298E-03   6.6012225E-03
   7.5000000E-01   2.8902538E+03   1.3029485E+03   4.1932022E+03   2.0863091E-02   4.1770358E-03   1.4614983E-02
   8.0000000E-01   2.2003171E+03   9.1514092E+02   3.1154580E+03   1.4488914E-02   3.1084625E-03   1.0126669E-02
   8.5000000E-01   1.7375975E+03   6.8530246E+02   2.4229000E+03   9.9274326E-03   6.7480598E-03   8.9690480E-03
   9.0000000E-01   1.3934899E+03   5.0575904E+02   1.8992490E+03   1.9332428E-02   1.7984152E-03   1.3824095E-02
   9.5000000E-01   8.8456642E+02   2.5799854E+02   1.1425650E+03   6.7574142E-03   8.1397758E-04   5.2199613E-03
   1.0000000E+00   2.5779171E+02   5.0300822E+01   3.0809253E+02   2.2801097E-02   2.5457423E-05   1.9082588E-02
