   0.0000000E+00   3.2601553E+07   1.6373861E+07   4.8576126E+07   4.4350936E-05   4.0193534E-05   4.2058581E-05
   5.0000000E-02   6.7481696E+03   3.1194369E+03   9.8676065E+03   9.3040812E-02   5.9380928E-02   8.2395530E-02
   1.0000000E-01   3.3104228E+03   1.9735213E+03   5.2839441E+03   5.0217161E-02   5.6348036E-02   5.2444448E-02
   1.5000000E-01   2.7374650E+03   1.1034743E+03   3.8409393E+03   7.2164907E-02   4.7698894E-02   6.5109804E-02
   2.0000000E-01   2.1963382E+03   8.2760570E+02   3.0239439E+03   7.6435719E-02   6.4960582E-02   7.3194786E-02
   2.5000000E-01   1.6806762E+03   5.8569019E+02   2.2663664E+03   6.3525922E-02   5.3374789E-02   6.0790427E-02
   3.0000000E-01   1.2520189E+03   6.3661977E+02   1.8886387E+03   6.0017795E-02   5.1531880E-02   5.5585107E-02
   3.5000000E-01   9.0036225E+02   5.0929582E+02   1.4096581E+03   6.0535991E-02   3.2237956E-02   4.3962656E-02
   4.0000000E-01   9.8676065E+02   3.6605637E+02   1.3528170E+03   8.5315708E-02   5.1143258E-02   7.5170570E-02
   4.5000000E-01   1.0256652E+03   4.1733963E+02   1.4430048E+03   7.2772036E-02   5.2291712E-02   6.5881545E-02
   5.0000000E-01   7.3211274E+02   4.0743665E+02   1.1395494E+03   6.7093529E-02   5.6679000E-02   6.3239142E-02
   5.5000000E-01   6.9449430E+02   3.6460951E+02   1.0591038E+03   7.6079793E-02   1.8965816E-02   5.5055524E-02
   6.0000000E-01   8.2230054E+02   2.3342725E+02   1.0557278E+03   9.7980639E-02   6.0255402E-02   8.8806917E-02
   6.5000000E-01   6.1213440E+02   2.3505961E+02   8.4719400E+02   1.0028130E-01   7.9294218E-02   9.4150248E-02
   7.0000000E-01   4.5927569E+02   1.9553322E+02   6.5480891E+02   6.6461589E-02   6.3577261E-02   6.2116958E-02
   7.5000000E-01   4.0743665E+02   1.8249767E+02   5.8993432E+02   1.2243835E-01   6.1852503E-02   1.0280372E-01
   8.0000000E-01   3.5411975E+02   1.9894368E+02   5.5306343E+02   1.1118119E-01   8.7143538E-02   1.0248574E-01
   8.5000000E-01   3.3328917E+02   1.2357913E+02   4.5686831E+02   1.2388555E-01   5.1304507E-02   1.0178741E-01
   9.0000000E-01   2.2281692E+02   1.1671362E+02   3.3953055E+02   1.4680956E-01   6.3282774E-02   1.1567361E-01
   9.5000000E-01   1.9098593E+02   7.0363238E+01   2.6134917E+02   1.3537972E-01   7.4033196E-02   1.1885328E-01
   1.0000000E+00   5.0300822E+01   2.5150411E+01   7.5451232E+01   3.0765839E-01   2.0028904E-01   2.6799958E-01
