   0.0000000E+00   3.2040818E+07   1.6608137E+07   4.8124380E+07   2.6089561E-04   1.3759354E-05   1.7844968E-04
   5.0000000E-02   1.5278875E+04   3.2467608E+03   1.8525635E+04   1.7853746E-01   2.0705838E-02   1.5087384E-01
   1.0000000E-01   7.5757753E+03   1.7188734E+03   9.2946487E+03   1.6883754E-01   1.2209031E-02   1.3987098E-01
   1.5000000E-01   4.7746483E+03   1.2732395E+03   6.0478878E+03   1.8740510E-01   2.7718888E-03   1.4853471E-01
   2.0000000E-01   3.5014087E+03   6.2070428E+02   4.1221130E+03   1.9213911E-01   2.3547793E-02   1.6675274E-01
   2.5000000E-01   2.5719439E+03   6.4935217E+02   3.2212960E+03   1.8492858E-01   1.5494253E-02   1.5077383E-01
   3.0000000E-01   2.0477936E+03   5.0929582E+02   2.5570894E+03   1.8626816E-01   1.7227114E-02   1.5259981E-01
   3.5000000E-01   1.6006440E+03   3.8197186E+02   1.9826159E+03   2.3043183E-01   2.6634279E-02   1.9116783E-01
   4.0000000E-01   1.1061269E+03   2.3873241E+02   1.3448593E+03   2.3917170E-01   8.5793121E-07   1.9671534E-01
   4.5000000E-01   1.1034743E+03   2.8294212E+02   1.3864164E+03   2.4194956E-01   3.3109030E-06   1.9257277E-01
   5.0000000E-01   8.5943669E+02   1.8461973E+02   1.0440564E+03   2.2497093E-01   1.4761981E-02   1.8779881E-01
   5.5000000E-01   6.7134449E+02   1.9677338E+02   8.6811787E+02   2.1703209E-01   1.1633214E-02   1.7047486E-01
   6.0000000E-01   6.7906109E+02   1.8568077E+02   8.6474186E+02   2.3285607E-01   8.2700877E-03   1.8463181E-01
   6.5000000E-01   4.9950167E+02   1.1263273E+02   6.1213440E+02   2.3947363E-01   1.3739856E-06   1.9541023E-01
   7.0000000E-01   4.7746483E+02   8.6398398E+01   5.6386323E+02   2.2568421E-01   3.4483286E-02   1.9638687E-01
   7.5000000E-01   3.7348360E+02   7.2150241E+01   4.4563384E+02   2.5001785E-01   3.9436004E-05   2.0954515E-01
   8.0000000E-01   2.8647890E+02   6.7640851E+01   3.5411975E+02   2.8899458E-01   9.9141692E-08   2.3379338E-01
   8.5000000E-01   2.3217898E+02   4.4937866E+01   2.7711684E+02   2.3816308E-01   6.5415892E-02   2.1015002E-01
   9.0000000E-01   1.7683883E+02   2.1220659E+01   1.9805948E+02   2.6299488E-01   5.1237517E-06   2.3481631E-01
   9.5000000E-01   1.0386954E+02   1.6753152E+01   1.2062269E+02   2.6237266E-01   6.0623824E-06   2.2593117E-01
   1.0000000E+00   5.0300822E+01   6.2876027E+00   5.6588424E+01   3.6823218E-01   1.8546189E-05   3.2731543E-01
