   0.0000000E+00   3.3304891E+07   1.6803706E+07   4.9487256E+07   2.7878909E-05   9.5682400E-10   1.8762812E-05
   5.0000000E-02   1.5915494E+03   4.4563384E+02   2.0371833E+03   2.4003511E-01   1.2034550E-01   2.1384189E-01
   1.0000000E-01   7.3211274E+02   2.2281692E+02   9.5492966E+02   1.3208015E-01   7.7584239E-02   1.1935993E-01
   1.5000000E-01   2.5464791E+02   1.2732395E+02   3.8197186E+02   2.1154728E-01   1.3385019E-01   1.8561130E-01
   2.0000000E-01   2.5464791E+02   4.7746483E+01   3.0239439E+02   1.7163298E-01   1.4170593E-02   1.4676541E-01
   2.5000000E-01   3.6923947E+02   7.6394373E+01   4.4563384E+02   1.8021652E-01   4.7481646E-02   1.4304987E-01
   3.0000000E-01   1.6976527E+02   2.1220659E+01   1.9098593E+02   2.5758231E-01   1.3443178E-02   2.3045574E-01
   3.5000000E-01   2.2736420E+02   2.7283705E+01   2.5464791E+02   2.1541301E-01   1.4969331E-05   1.9233464E-01
   4.0000000E-01   1.7507044E+02   1.5915494E+01   1.9098593E+02   2.6393016E-01   3.9460764E-06   2.4193631E-01
   4.5000000E-01   8.4882636E+01   3.5367765E+01   1.2025040E+02   2.1491868E-01   1.5057431E-01   1.9450298E-01
   5.0000000E-01   1.4642255E+02   2.5464791E+01   1.7188734E+02   2.8302626E-01   8.5713807E-02   2.5378663E-01
   5.5000000E-01   9.8386692E+01   5.7874525E+00   1.0417414E+02   2.8699313E-01   1.5088640E-05   2.7104990E-01
   6.0000000E-01   5.8356812E+01   2.1220659E+01   7.9577472E+01   2.8326516E-01   1.3623552E-06   2.0772815E-01
   6.5000000E-01   6.8559052E+01   1.9588301E+01   8.8147353E+01   2.6366833E-01   1.0666669E-01   2.2876994E-01
   7.0000000E-01   7.2756545E+01   1.8189136E+01   9.0945682E+01   2.8778075E-01   8.1338996E-06   2.3022623E-01
   7.5000000E-01   4.6685450E+01   4.2441318E+00   5.0929582E+01   3.3093572E-01   1.7237146E-05   3.0335631E-01
   8.0000000E-01   5.1725357E+01   1.9894368E+01   7.1619724E+01   3.1473044E-01   5.1297992E-02   2.3618254E-01
   8.5000000E-01   1.8724111E+01   1.8724111E+01   3.7448222E+01   3.9919426E-01   8.7857663E-06   1.9959274E-01
   9.0000000E-01   1.4147106E+01   7.0735530E+00   2.1220659E+01   3.8551965E-01   2.0378725E-01   3.2494218E-01
   9.5000000E-01   2.3454413E+01   3.3506304E+00   2.6805043E+01   4.0667427E-01   3.3912684E-06   3.5584008E-01
   1.0000000E+00   1.2575205E+01   0.0000000E+00   1.2575205E+01   4.2030381E-01   0.0000000E+00   4.2030381E-01
