   0.0000000E+00   2.3341537E+07   1.3562548E+07   3.6570495E+07   6.6698115E-03   5.0513172E-08   4.2438238E-03
   5.0000000E-02   3.2416679E+05   9.5047332E+04   4.1895947E+05   1.6179536E-01   2.0350192E-06   1.2522592E-01
   1.0000000E-01   1.2401353E+05   3.8292679E+04   1.6224255E+05   1.6763372E-01   1.0773766E-06   1.2806216E-01
   1.5000000E-01   6.2919254E+04   2.1284321E+04   8.4139913E+04   1.7995999E-01   7.9323079E-06   1.3455029E-01
   2.0000000E-01   3.6669299E+04   1.2430001E+04   4.9099300E+04   1.9205525E-01   3.4386908E-06   1.4343532E-01
   2.5000000E-01   2.2905579E+04   7.8304232E+03   3.0710538E+04   1.9709515E-01   8.0137100E-06   1.4695070E-01
   3.0000000E-01   1.3952583E+04   5.0080755E+03   1.8960659E+04   2.0519466E-01   1.5957192E-05   1.5099243E-01
   3.5000000E-01   9.1855139E+03   2.9102618E+03   1.2095776E+04   2.1566358E-01   1.4999134E-06   1.6409417E-01
   4.0000000E-01   5.0611272E+03   1.9814790E+03   7.0346485E+03   2.0830304E-01   3.6999317E-06   1.4952668E-01
   4.5000000E-01   3.3599377E+03   1.0185916E+03   4.3785293E+03   2.4013992E-01   1.8038159E-04   1.8423347E-01
   5.0000000E-01   1.8525635E+03   6.8118316E+02   2.5273805E+03   2.3846263E-01   2.0741913E-04   1.7449238E-01
   5.5000000E-01   1.1169783E+03   4.4563384E+02   1.5626122E+03   2.3998636E-01   2.8628584E-05   1.7155396E-01
   6.0000000E-01   7.1089208E+02   2.8117373E+02   9.9206581E+02   2.1159057E-01   5.8298706E-06   1.5161943E-01
   6.5000000E-01   3.8197186E+02   1.7629471E+02   5.5826657E+02   2.4373337E-01   4.0721380E-05   1.6675210E-01
   7.0000000E-01   2.3191149E+02   8.6398398E+01   3.1830989E+02   2.5131476E-01   1.8705700E-05   1.8310581E-01
   7.5000000E-01   7.6394373E+01   3.8197186E+01   1.1459156E+02   2.8814103E-01   1.3589521E-05   1.9209854E-01
   8.0000000E-01   4.7746483E+01   1.5915494E+01   6.3661977E+01   3.5480545E-01   6.8139312E-06   2.6610564E-01
   8.5000000E-01   3.3703400E+01   1.8724111E+01   5.2427511E+01   1.9593647E-01   1.1900651E-06   1.2595958E-01
   9.0000000E-01   3.5367765E+00   3.5367765E+00   7.0735530E+00   3.3005112E-01   4.8581722E-06   1.6502738E-01
   9.5000000E-01   0.0000000E+00   3.3506304E+00   3.3506304E+00   0.0000000E+00   1.1902312E-06   1.1902312E-06
   1.0000000E+00   0.0000000E+00   0.0000000E+00   0.0000000E+00   0.0000000E+00   0.0000000E+00   0.0000000E+00
