   0.0000000E+00   1.1517216E+07   9.4953112E+06   2.0913214E+07   9.9849378E-03   1.7640305E-05   5.5018828E-03
   5.0000000E-02   4.1774989E+05   1.9436002E+05   6.1153695E+05   5.4279788E-02   4.2553297E-05   3.7077188E-02
   1.0000000E-01   1.4543579E+05   7.1938034E+04   2.1721467E+05   5.3726912E-02   1.1760330E-04   3.6005710E-02
   1.5000000E-01   8.1211462E+04   3.9512867E+04   1.2066067E+05   5.2541564E-02   3.8234301E-06   3.5325525E-02
   2.0000000E-01   5.0563525E+04   2.4350706E+04   7.4834654E+04   5.2486873E-02   5.6634998E-05   3.5551446E-02
   2.5000000E-01   3.6745693E+04   1.6246537E+04   5.2877638E+04   4.9134345E-02   2.1146529E-05   3.4025827E-02
   3.0000000E-01   2.5984697E+04   1.1448546E+04   3.7412022E+04   5.1957272E-02   1.1767477E-06   3.5974174E-02
   3.5000000E-01   2.0180847E+04   7.5848699E+03   2.7756622E+04   5.1907231E-02   3.0843031E-05   3.7606128E-02
   4.0000000E-01   1.5151551E+04   6.1592963E+03   2.1310847E+04   3.6036691E-02   4.7553710E-06   2.5622431E-02
   4.5000000E-01   1.2187732E+04   3.9258219E+03   1.6106480E+04   4.3657471E-02   2.4042145E-04   3.3016301E-02
   5.0000000E-01   1.0593353E+04   2.7565636E+03   1.3343550E+04   3.3156606E-02   2.3894751E-06   2.6322530E-02
   5.5000000E-01   9.5029970E+03   2.1355700E+03   1.1638567E+04   2.6921160E-02   1.5720773E-05   2.1984134E-02
   6.0000000E-01   8.6049773E+03   1.4217842E+03   1.0026761E+04   1.6745264E-02   2.3338094E-06   1.4370485E-02
   6.5000000E-01   7.2525683E+03   8.9126768E+02   8.1438360E+03   2.1608031E-02   4.1189618E-06   1.9243677E-02
   7.0000000E-01   6.8391153E+03   6.0933607E+02   7.4484513E+03   1.1004608E-02   1.0795357E-05   1.0104914E-02
   7.5000000E-01   6.2261414E+03   4.8383103E+02   6.7099724E+03   9.3880079E-03   6.5409262E-06   8.7107362E-03
   8.0000000E-01   5.4470779E+03   3.2228876E+02   5.7693667E+03   6.6568203E-03   6.4240420E-06   6.2848137E-03
   8.5000000E-01   5.0030824E+03   2.0222040E+02   5.2053028E+03   3.2850640E-03   1.5966540E-05   3.1580439E-03
   9.0000000E-01   4.0496091E+03   1.2025040E+02   4.1698595E+03   6.3182098E-03   5.0553852E-06   6.1358617E-03
   9.5000000E-01   2.9686585E+03   4.3558195E+01   3.0122167E+03   1.6239251E-03   5.8588987E-06   1.6003585E-03
   1.0000000E+00   1.2952462E+03   1.8862808E+01   1.3141090E+03   8.9550268E-03   8.0955649E-06   8.8266006E-03
