   0.0000000E+00   3.3104228E+04   1.5317072E+07   1.5348648E+07   7.4002646E-03   5.5051507E-06   1.8508425E-05
   5.0000000E-02   2.9984791E+04   2.0091720E+05   2.3090199E+05   5.1916354E-05   4.0577597E-04   3.4872261E-04
   1.0000000E-01   3.1417186E+04   2.2281692E+02   3.1640003E+04   1.5587383E-05   4.4296782E-06   1.5448395E-05
   1.5000000E-01   2.9878688E+04   0.0000000E+00   2.9878688E+04   2.7256680E-05   0.0000000E+00   2.7256680E-05
   2.0000000E-01   3.1926482E+04   1.5915494E+01   3.1942397E+04   1.4237941E-04   3.5606039E-01   3.1281713E-04
   2.5000000E-01   3.5103214E+04   0.0000000E+00   3.5103214E+04   2.2903107E-04   0.0000000E+00   2.2903107E-04
   3.0000000E-01   3.6000848E+04   2.1220659E+01   3.6022069E+04   4.5194562E-05   3.9099246E-01   2.6446260E-04
   3.5000000E-01   3.7760647E+04   0.0000000E+00   3.7751553E+04   1.2481645E-05   0.0000000E+00   1.2482048E-05
   4.0000000E-01   4.2048736E+04   0.0000000E+00   4.2032820E+04   4.8072702E-06   0.0000000E+00   4.8060752E-06
   4.5000000E-01   4.6558126E+04   0.0000000E+00   4.6565200E+04   7.1963588E-05   0.0000000E+00   7.1953183E-05
   5.0000000E-01   5.8027892E+04   0.0000000E+00   5.8027892E+04   5.3924322E-05   0.0000000E+00   5.3924322E-05
   5.5000000E-01   9.3669918E+04   0.0000000E+00   9.3669918E+04   1.8701562E-05   0.0000000E+00   1.8701683E-05
   6.0000000E-01   7.3603856E+04   0.0000000E+00   7.3598551E+04   1.8245089E-05   0.0000000E+00   1.8246502E-05
   6.5000000E-01   1.4544313E+03   0.0000000E+00   1.4544313E+03   1.5905368E-03   0.0000000E+00   1.5905368E-03
   7.0000000E-01   4.5472841E+00   0.0000000E+00   4.5472841E+00   2.5782586E-04   0.0000000E+00   2.5782586E-04
   7.5000000E-01   0.0000000E+00   0.0000000E+00   0.0000000E+00   0.0000000E+00   0.0000000E+00   0.0000000E+00
   8.0000000E-01   3.9788736E+00   0.0000000E+00   3.9788736E+00   2.4282351E-01   0.0000000E+00   2.4282351E-01
   8.5000000E-01   3.7448222E+00   0.0000000E+00   3.7448222E+00   4.3969215E-01   0.0000000E+00   4.3969215E-01
   9.0000000E-01   0.0000000E+00   0.0000000E+00   0.0000000E+00   0.0000000E+00   0.0000000E+00   0.0000000E+00
   9.5000000E-01   0.0000000E+00   0.0000000E+00   0.0000000E+00   0.0000000E+00   0.0000000E+00   0.0000000E+00
   1.0000000E+00   0.0000000E+00   0.0000000E+00   0.0000000E+00   0.0000000E+00   0.0000000E+00   0.0000000E+00
