   0.0000000E+00   1.6418169E+07   1.0779755E+07   2.7103196E+07   1.4139012E-03   4.4733521E-04   1.0265648E-03
   5.0000000E-02   2.4847270E+05   1.0580621E+05   3.5396059E+05   1.1355649E-02   4.4354014E-03   9.2529119E-03
   1.0000000E-01   8.0214091E+04   3.7592398E+04   1.1777466E+05   1.0499021E-02   5.9196177E-04   7.3217725E-03
   1.5000000E-01   4.9656342E+04   2.0562819E+04   7.0219161E+04   9.5976262E-03   9.3826860E-03   9.4659615E-03
   2.0000000E-01   3.6016764E+04   1.4674086E+04   5.0674934E+04   1.2387271E-02   3.7351044E-03   9.9215782E-03
   2.5000000E-01   3.0239439E+04   1.0644283E+04   4.0883722E+04   9.2304184E-03   2.1831759E-03   6.2871935E-03
   3.0000000E-01   2.1836058E+04   8.1381228E+03   2.9952960E+04   8.4161845E-03   1.3094348E-03   6.4853067E-03
   3.5000000E-01   1.7943583E+04   6.9573447E+03   2.4900928E+04   1.7117373E-02   4.0048484E-03   1.1480128E-02
   4.0000000E-01   1.5597184E+04   5.5465498E+03   2.1143734E+04   7.5374597E-03   8.1438856E-03   7.8369304E-03
   4.5000000E-01   1.2994117E+04   4.5412210E+03   1.7535338E+04   1.0620062E-02   3.0086232E-03   8.2730036E-03
   5.0000000E-01   1.1904790E+04   3.5778031E+03   1.5482593E+04   5.6300709E-03   4.6072009E-03   5.3345309E-03
   5.5000000E-01   9.9891430E+03   3.3277852E+03   1.3316928E+04   7.6017186E-03   1.5485219E-03   5.7603681E-03
   6.0000000E-01   8.8118787E+03   2.5730049E+03   1.1390189E+04   1.3960175E-02   5.5361899E-03   9.9448451E-03
   6.5000000E-01   7.5708782E+03   2.1302277E+03   9.6962088E+03   1.3593813E-02   7.4875596E-03   1.2204676E-02
   7.0000000E-01   6.1843064E+03   1.7234207E+03   7.9077270E+03   1.4824216E-02   2.3248488E-03   1.1963849E-02
   7.5000000E-01   5.3009206E+03   1.5024227E+03   6.8033433E+03   6.0478599E-03   2.2498296E-03   5.2050037E-03
   8.0000000E-01   4.6791553E+03   1.2493663E+03   5.9285216E+03   8.5697903E-03   2.3319968E-03   6.5347727E-03
   8.5000000E-01   3.8496772E+03   9.8863306E+02   4.8308206E+03   1.4931388E-02   5.3206623E-03   1.2987602E-02
   9.0000000E-01   2.7197811E+03   7.3564951E+02   3.4554307E+03   5.9603632E-03   9.1955118E-03   6.1712976E-03
   9.5000000E-01   1.7289253E+03   3.9537438E+02   2.1242997E+03   2.9868684E-02   4.4462227E-03   2.5102880E-02
   1.0000000E+00   5.3444623E+02   1.4461486E+02   6.7906109E+02   4.1015631E-03   1.9336339E-02   3.1168477E-03
