   0.0000000E+00   3.1702646E+07   1.6263853E+07   4.7668051E+07   6.5247172E-05   8.2508081E-06   4.5288124E-05
   5.0000000E-02   6.5571837E+03   4.8383103E+03   1.1395494E+04   7.9647529E-02   2.3153066E-02   5.5126134E-02
   1.0000000E-01   4.3608454E+03   2.0690143E+03   6.4298597E+03   6.6927341E-02   4.3418847E-02   5.7451721E-02
   1.5000000E-01   3.8833806E+03   1.5491081E+03   5.4324887E+03   5.9108582E-02   2.4427789E-02   4.9219087E-02
   2.0000000E-01   2.9761974E+03   1.1618311E+03   4.1380285E+03   4.0665019E-02   3.4379648E-03   2.9305245E-02
   2.5000000E-01   2.6738030E+03   1.2095776E+03   3.8833806E+03   2.8591677E-02   6.1721490E-03   2.0419335E-02
   3.0000000E-01   2.4297655E+03   1.0504226E+03   3.4801881E+03   4.0356486E-02   2.8721469E-03   2.9008092E-02
   3.5000000E-01   2.0098996E+03   1.0367808E+03   3.0466803E+03   2.9255758E-02   2.1767330E-02   2.6460262E-02
   4.0000000E-01   1.7904931E+03   8.5943669E+02   2.6499298E+03   2.9165263E-02   1.2699731E-02   2.3446629E-02
   4.5000000E-01   1.5703288E+03   6.8613464E+02   2.2564634E+03   4.0268008E-02   1.1676606E-02   3.1457830E-02
   5.0000000E-01   1.5406198E+03   6.1752118E+02   2.1581410E+03   3.6347193E-02   2.4485805E-02   3.1859415E-02
   5.5000000E-01   1.1980027E+03   5.6717034E+02   1.7651730E+03   5.4277537E-02   1.8820651E-02   4.2617610E-02
   6.0000000E-01   1.2042724E+03   5.0399065E+02   1.7082631E+03   5.4162613E-02   7.0304495E-03   3.7414735E-02
   6.5000000E-01   9.2065013E+02   5.3378119E+02   1.4544313E+03   6.0571454E-02   1.6483121E-02   4.2771951E-02
   7.0000000E-01   9.7766608E+02   4.2289742E+02   1.4005635E+03   5.3351457E-02   5.3570842E-02   5.0470257E-02
   7.5000000E-01   7.9789678E+02   3.9046013E+02   1.1883569E+03   5.1985075E-02   1.5864999E-03   3.5140224E-02
   8.0000000E-01   6.2070428E+02   3.0637327E+02   9.2707754E+02   6.7592397E-02   4.0435578E-02   5.8611947E-02
   8.5000000E-01   5.7670262E+02   2.7711684E+02   8.5381946E+02   2.7614416E-02   4.4509865E-02   3.1722590E-02
   9.0000000E-01   4.2441318E+02   2.4403758E+02   6.6845076E+02   7.2881539E-02   3.7820341E-02   5.9483227E-02
   9.5000000E-01   3.6521871E+02   1.6083026E+02   5.2604897E+02   7.8025700E-02   4.2724736E-02   6.6801295E-02
   1.0000000E+00   2.5779171E+02   5.0300822E+01   3.0809253E+02   4.5003208E-02   3.3105197E-02   3.9079641E-02
