   0.0000000E+00   2.8011779E+07   1.4401358E+07   4.2219095E+07   1.7775777E-04   2.0287602E-04   1.7649104E-04
   5.0000000E-02   1.2967945E+05   5.9969583E+04   1.8964903E+05   7.2505935E-03   5.6965184E-03   6.7100829E-03
   1.0000000E-01   4.1889581E+04   2.0180847E+04   6.2038597E+04   2.7120807E-03   4.7871624E-03   2.3651093E-03
   1.5000000E-01   2.0159626E+04   8.7641322E+03   2.8923758E+04   7.2577440E-03   6.9916013E-03   6.5295524E-03
   2.0000000E-01   1.0981691E+04   5.5385920E+03   1.6520283E+04   5.6527991E-03   3.3000604E-03   2.7340082E-03
   2.5000000E-01   7.5248457E+03   3.7942538E+03   1.1319100E+04   8.6356790E-03   1.4477535E-02   4.3829413E-03
   3.0000000E-01   6.4829113E+03   2.9921129E+03   9.4750243E+03   4.4684197E-03   4.5992057E-03   3.2849827E-03
   3.5000000E-01   5.1202419E+03   2.1281290E+03   7.2483708E+03   1.8690401E-02   2.9751718E-03   1.2816788E-02
   4.0000000E-01   4.0584510E+03   1.9019016E+03   5.9603526E+03   1.0067193E-02   1.4165472E-02   4.0868309E-03
   4.5000000E-01   3.7419096E+03   1.7259469E+03   5.4678565E+03   1.0987071E-02   1.5705938E-03   7.1231484E-03
   5.0000000E-01   3.0175777E+03   1.2605071E+03   4.2780849E+03   5.2002961E-03   1.7772701E-02   2.8202088E-03
   5.5000000E-01   2.7258901E+03   1.2211525E+03   3.9470426E+03   1.3114727E-02   7.9678604E-03   1.1305652E-02
   6.0000000E-01   2.1326762E+03   1.0026761E+03   3.1353524E+03   6.3615721E-03   7.7630556E-03   1.8878163E-03
   6.5000000E-01   2.0078008E+03   7.8842910E+02   2.7962299E+03   1.4948072E-02   1.0109459E-02   1.3439857E-02
   7.0000000E-01   1.7597989E+03   8.0032200E+02   2.5601209E+03   1.7818616E-03   6.7876694E-03   1.0399890E-03
   7.5000000E-01   1.5066668E+03   5.5173714E+02   2.0584039E+03   1.9872859E-02   9.3088778E-03   1.6818852E-02
   8.0000000E-01   1.2294719E+03   6.0080991E+02   1.8302818E+03   1.2034641E-02   1.2203709E-02   5.4837968E-03
   8.5000000E-01   9.8488824E+02   3.4826846E+02   1.3331567E+03   1.2815982E-02   2.4066445E-02   1.1666620E-02
   9.0000000E-01   6.6491398E+02   2.3696403E+02   9.0187801E+02   4.7349675E-02   1.4971399E-02   3.8280971E-02
   9.5000000E-01   4.3558195E+02   1.6753152E+02   6.0311347E+02   1.7621456E-02   5.3081009E-02   2.4246306E-02
   1.0000000E+00   1.9491568E+02   6.9163630E+01   2.6407931E+02   2.5106519E-02   2.7536321E-02   1.1502355E-02
