   0.0000000E+00   2.9147509E+07   1.6043328E+07   4.4703950E+07   8.5732546E-04   5.4700788E-05   5.7647260E-04
   5.0000000E-02   5.7168456E+04   1.2032114E+04   6.9200569E+04   1.6758040E-01   2.3161423E-02   1.4246517E-01
   1.0000000E-01   2.4860002E+04   6.8436626E+03   3.1703665E+04   1.8050698E-01   1.2150413E-02   1.4416495E-01
   1.5000000E-01   1.5257654E+04   3.3740848E+03   1.8631739E+04   1.8079186E-01   8.3593069E-03   1.4956543E-01
   2.0000000E-01   1.0711128E+04   2.3395777E+03   1.3034790E+04   1.8166115E-01   6.3512119E-03   1.5041704E-01
   2.5000000E-01   8.0341415E+03   1.7443382E+03   9.7784797E+03   1.8268329E-01   8.6918395E-03   1.5164565E-01
   3.0000000E-01   6.6526766E+03   1.3793428E+03   8.0320195E+03   1.6398545E-01   9.7316954E-03   1.3746920E-01
   3.5000000E-01   5.2566604E+03   1.0185916E+03   6.2752520E+03   1.6447095E-01   4.0327064E-03   1.3842283E-01
   4.0000000E-01   4.0743665E+03   7.8781697E+02   4.8621835E+03   1.6079540E-01   3.4622491E-03   1.3530246E-01
   4.5000000E-01   3.1689518E+03   4.9514871E+02   3.6641005E+03   1.5233937E-01   2.2600675E-05   1.3174991E-01
   5.0000000E-01   2.9857467E+03   4.9019722E+02   3.4759440E+03   1.4371992E-01   3.8342380E-03   1.2399242E-01
   5.5000000E-01   2.2165943E+03   2.9516008E+02   2.5117544E+03   1.3427530E-01   8.3791073E-03   1.1948073E-01
   6.0000000E-01   1.9257748E+03   2.5995307E+02   2.1857279E+03   1.2094324E-01   2.0916449E-05   1.0655673E-01
   6.5000000E-01   1.7531529E+03   1.7139763E+02   1.9245505E+03   1.1314714E-01   2.1226834E-04   1.0308929E-01
   7.0000000E-01   1.3141651E+03   1.0004025E+02   1.4142054E+03   1.1450967E-01   7.1726693E-07   1.0640934E-01
   7.5000000E-01   1.1077184E+03   8.4882636E+01   1.1926010E+03   9.0369800E-02   5.3204797E-06   8.3937407E-02
   8.0000000E-01   9.1514092E+02   5.9683104E+01   9.7482403E+02   6.9978498E-02   4.1395740E-06   6.5693887E-02
   8.5000000E-01   8.2760570E+02   3.7448222E+01   8.6505393E+02   6.4826066E-02   8.8199326E-07   6.2019727E-02
   9.0000000E-01   5.8356812E+02   3.8904542E+01   6.2247267E+02   5.2605758E-02   3.3804206E-06   4.9318110E-02
   9.5000000E-01   4.3223132E+02   1.0051891E+01   4.4228321E+02   5.9062758E-02   2.5456805E-05   5.7721001E-02
   1.0000000E+00   2.0749089E+02   0.0000000E+00   2.0749089E+02   6.3886035E-02   0.0000000E+00   6.3886035E-02
