   0.0000000E+00   3.0597983E+07   1.5962859E+07   4.6102985E+07   3.0176631E-04   1.0216154E-04   2.3451633E-04
   5.0000000E-02   3.1830989E+04   1.0822536E+04   4.2653525E+04   1.2875826E-01   7.7546362E-02   1.1574855E-01
   1.0000000E-01   1.4642255E+04   5.5385920E+03   2.0180847E+04   1.4165458E-01   1.0027178E-01   1.3029714E-01
   1.5000000E-01   8.8490148E+03   3.3316435E+03   1.2180658E+04   1.4180252E-01   1.0086727E-01   1.3056727E-01
   2.0000000E-01   6.9869020E+03   2.4032396E+03   9.3901416E+03   1.4438226E-01   9.8733115E-02   1.3268756E-01
   2.5000000E-01   4.9656342E+03   1.8589297E+03   6.8245640E+03   1.3772127E-01   1.0105243E-01   1.2771969E-01
   3.0000000E-01   4.3396248E+03   1.3899532E+03   5.7295780E+03   1.3556356E-01   1.1763363E-01   1.3118096E-01
   3.5000000E-01   3.7014892E+03   8.8217311E+02   4.5836624E+03   1.4415237E-01   1.2366713E-01   1.4020745E-01
   4.0000000E-01   2.8886622E+03   7.8781697E+02   3.6764792E+03   1.6547491E-01   1.1501567E-01   1.5466184E-01
   4.5000000E-01   2.1857279E+03   6.2954622E+02   2.8152741E+03   1.5913074E-01   9.4669076E-02   1.4465747E-01
   5.0000000E-01   2.0562819E+03   5.4112681E+02   2.5974087E+03   1.7227491E-01   1.0652687E-01   1.5857728E-01
   5.5000000E-01   1.8635597E+03   4.8035856E+02   2.3439183E+03   1.5675639E-01   1.2200588E-01   1.4963467E-01
   6.0000000E-01   1.4164790E+03   3.3953055E+02   1.7560095E+03   1.6064010E-01   1.1219585E-01   1.5126197E-01
   6.5000000E-01   1.2046805E+03   3.1830989E+02   1.5229904E+03   1.5765308E-01   9.9946337E-02   1.4559062E-01
   7.0000000E-01   1.0094971E+03   2.5010062E+02   1.2595977E+03   1.6637774E-01   1.1853153E-01   1.5687700E-01
   7.5000000E-01   8.0214091E+02   2.3342725E+02   1.0355682E+03   1.7626965E-01   1.1488578E-01   1.6243284E-01
   8.0000000E-01   7.2813386E+02   1.9496481E+02   9.2309867E+02   1.7838646E-01   7.9266310E-02   1.5745063E-01
   8.5000000E-01   5.8044744E+02   1.4979289E+02   7.3024033E+02   1.6120094E-01   1.0794445E-01   1.5027403E-01
   9.0000000E-01   5.4820036E+02   1.3086073E+02   6.7906109E+02   1.7760979E-01   1.2495844E-01   1.6746342E-01
   9.5000000E-01   3.0155673E+02   6.3661977E+01   3.6521871E+02   1.5375924E-01   9.5579542E-02   1.4357198E-01
   1.0000000E+00   1.1946445E+02   1.8862808E+01   1.3832726E+02   2.0915699E-01   2.7831388E-06   1.8063520E-01
