   0.0000000E+00   2.7438821E+07   1.4259774E+07   4.1674149E+07   2.2416669E-04   1.2211914E-04   1.0441415E-04
   5.0000000E-02   1.8258255E+05   9.0400008E+04   2.7298256E+05   7.3383969E-03   4.3886574E-03   6.1643033E-03
   1.0000000E-01   6.3311836E+04   3.0876059E+04   9.4187895E+04   7.2557050E-03   5.2173903E-03   5.3705787E-03
   1.5000000E-01   2.8541786E+04   1.3411457E+04   4.1953243E+04   1.0822930E-02   2.7437512E-03   8.1180751E-03
   2.0000000E-01   1.5040142E+04   6.8118316E+03   2.1851974E+04   1.0147994E-02   1.3650754E-03   7.3924806E-03
   2.5000000E-01   9.4474374E+03   4.4690708E+03   1.3916508E+04   2.5930220E-02   6.0985639E-03   1.9116771E-02
   3.0000000E-01   6.1752118E+03   3.0557749E+03   9.2309867E+03   2.7674118E-02   5.0124907E-03   2.0164797E-02
   3.5000000E-01   4.7928374E+03   1.8007245E+03   6.5935619E+03   4.7417908E-02   5.8009576E-03   3.4553671E-02
   4.0000000E-01   3.8674651E+03   1.4403522E+03   5.3078174E+03   4.2055339E-02   3.8857425E-03   3.1697412E-02
   4.5000000E-01   3.1406575E+03   1.3510486E+03   4.4917062E+03   3.9838804E-02   7.2111767E-03   2.8317279E-02
   5.0000000E-01   2.4573523E+03   8.9126768E+02   3.3486200E+03   4.4141676E-02   1.0255670E-02   3.5064063E-02
   5.5000000E-01   1.8924970E+03   9.3177985E+02   2.8242768E+03   3.8376746E-02   1.4952519E-02   3.0590976E-02
   6.0000000E-01   1.7294837E+03   7.2150241E+02   2.4509861E+03   3.1396888E-02   1.6426652E-02   2.6982212E-02
   6.5000000E-01   1.4691226E+03   7.2476713E+02   2.1938897E+03   4.3103219E-02   2.6020290E-03   2.9711841E-02
   7.0000000E-01   1.1777466E+03   5.4112681E+02   1.7188734E+03   2.8378393E-02   2.0497414E-02   2.5407612E-02
   7.5000000E-01   9.8039445E+02   4.2441318E+02   1.4048076E+03   5.5548559E-02   6.7673046E-03   3.7126820E-02
   8.0000000E-01   8.3556345E+02   3.0637327E+02   1.1419367E+03   3.3169407E-02   2.6696738E-03   2.4838663E-02
   8.5000000E-01   6.3287495E+02   2.9584095E+02   9.2871590E+02   5.6010356E-02   4.8615754E-03   3.8633980E-02
   9.0000000E-01   4.3502351E+02   1.8391238E+02   6.1893589E+02   3.3936523E-02   3.5726371E-02   3.4458014E-02
   9.5000000E-01   2.4794665E+02   1.3067458E+02   3.7862123E+02   6.9469128E-02   1.4823461E-02   4.9576262E-02
   1.0000000E+00   1.1317685E+02   5.6588424E+01   1.6976527E+02   4.1932269E-02   7.3954551E-02   5.1601353E-02
