   0.0000000E+00   5.5258596E+05   9.4158611E+06   9.9633541E+06   3.7024543E-03   2.6422517E-06   2.1369447E-04
   5.0000000E-02   9.7975783E+04   1.8226424E+05   2.8011270E+05   5.7971264E-03   2.3811234E-04   2.0505524E-03
   1.0000000E-01   7.2320006E+04   6.4298597E+04   1.3661860E+05   1.1808656E-02   7.0931216E-04   6.4595977E-03
   1.5000000E-01   5.4176343E+04   3.7772773E+04   9.1949116E+04   1.4628777E-03   7.3523488E-04   1.0111053E-03
   2.0000000E-01   4.7062117E+04   2.4414368E+04   7.1492400E+04   4.9347131E-03   4.5974101E-04   3.1894185E-03
   2.5000000E-01   3.9203046E+04   1.6488452E+04   5.5678765E+04   2.3221009E-03   8.7967166E-05   1.5529228E-03
   3.0000000E-01   3.4419909E+04   1.1788076E+04   4.6207985E+04   3.6989183E-03   7.4104119E-05   2.7651081E-03
   3.5000000E-01   3.0657789E+04   8.2123951E+03   3.8861090E+04   4.0292347E-03   5.7458730E-04   3.3109527E-03
   4.0000000E-01   2.8608101E+04   6.0558456E+03   3.4648031E+04   2.3756643E-03   8.8819083E-04   1.9796778E-03
   4.5000000E-01   2.5825542E+04   4.3077938E+03   3.0133336E+04   2.3120247E-03   1.0517707E-05   1.9805351E-03
   5.0000000E-01   2.4522594E+04   3.0175777E+03   2.7540171E+04   2.0593479E-03   1.3069817E-04   1.8217835E-03
   5.5000000E-01   2.3282921E+04   2.2976186E+03   2.5580540E+04   9.0192521E-04   5.9317216E-06   8.2064359E-04
   6.0000000E-01   2.1926246E+04   1.5544133E+03   2.3475354E+04   1.2386631E-03   8.5549355E-06   1.1569898E-03
   6.5000000E-01   2.0704834E+04   1.0675624E+03   2.1772396E+04   1.3396325E-03   1.5562927E-05   1.2735496E-03
   7.0000000E-01   1.9175897E+04   8.5943669E+02   2.0035334E+04   1.6455604E-03   1.3245396E-04   1.5709298E-03
   7.5000000E-01   1.7434893E+04   5.5598127E+02   1.7986631E+04   1.0131396E-03   4.4518492E-04   9.8392390E-04
   8.0000000E-01   1.6838593E+04   4.5359159E+02   1.7288206E+04   7.8803333E-04   1.6450121E-06   7.6756705E-04
   8.5000000E-01   1.5421178E+04   2.9209613E+02   1.5713274E+04   2.7403817E-04   3.1308945E-06   2.6897047E-04
   9.0000000E-01   1.4189547E+04   2.6525824E+02   1.4454806E+04   6.0975272E-04   1.5466370E-06   5.9853955E-04
   9.5000000E-01   6.9157011E+03   8.3765760E+01   6.9994669E+03   2.4050007E-04   2.5756237E-02   5.4578660E-04
   1.0000000E+00   1.4335734E+03   1.8862808E+01   1.4524362E+03   3.1340863E-03   2.9367948E-06   3.0934089E-03
