   0.0000000E+00   1.6919826E+07   1.0834250E+07   2.7724027E+07   4.3749198E-04   5.1808854E-04   4.2015519E-04
   5.0000000E-02   2.0690143E+05   9.8867051E+04   3.0576848E+05   3.9248450E-03   9.2133264E-03   4.0697845E-03
   1.0000000E-01   7.6712683E+04   3.3454369E+04   1.1013522E+05   2.0849816E-03   4.3178087E-03   1.3444735E-03
   1.5000000E-01   4.8255779E+04   2.0541598E+04   6.8797377E+04   5.6014833E-03   3.1821540E-03   3.6609146E-03
   2.0000000E-01   3.4886764E+04   1.4674086E+04   4.9560849E+04   4.2771985E-03   2.8838599E-03   2.8784646E-03
   2.5000000E-01   2.6216002E+04   1.0300508E+04   3.6516510E+04   4.4246551E-03   2.7995959E-03   3.1140370E-03
   3.0000000E-01   2.1178218E+04   7.7349302E+03   2.8913148E+04   5.5585327E-03   8.4158968E-03   3.6343138E-03
   3.5000000E-01   1.7152356E+04   6.7026967E+03   2.3855052E+04   2.6859176E-03   4.3122193E-03   3.0917550E-03
   4.0000000E-01   1.5398241E+04   5.4271836E+03   2.0825424E+04   6.5713025E-03   8.1065385E-03   3.7456536E-03
   4.5000000E-01   1.2923381E+04   4.2653525E+03   1.7188734E+04   5.8881773E-03   5.1170260E-03   3.5421453E-03
   5.0000000E-01   1.1331832E+04   3.8133524E+03   1.5145184E+04   3.6339623E-04   8.6101582E-03   1.9080061E-03
   5.5000000E-01   9.9196935E+03   3.1078620E+03   1.3027556E+04   7.0174375E-03   2.9762643E-03   4.7782993E-03
   6.0000000E-01   8.4458223E+03   2.8276528E+03   1.1273475E+04   5.0248154E-03   7.9939621E-03   5.6000039E-03
   6.5000000E-01   7.7863495E+03   2.3897727E+03   1.0176122E+04   5.1569303E-03   3.1113757E-03   4.1247108E-03
   7.0000000E-01   6.7618114E+03   2.0508251E+03   8.8126366E+03   1.5322110E-03   9.3912448E-03   1.4955925E-03
   7.5000000E-01   6.0139348E+03   1.7782912E+03   7.7922260E+03   1.0246361E-02   5.0182493E-03   8.1438628E-03
   8.0000000E-01   4.7826060E+03   1.2493663E+03   6.0319723E+03   5.4440729E-03   7.2071708E-03   4.5418004E-03
   8.5000000E-01   4.1380285E+03   1.1234467E+03   5.2614752E+03   2.7755694E-03   3.3663359E-03   1.7427935E-03
   9.0000000E-01   3.1583414E+03   7.8870116E+02   3.9470426E+03   2.1118284E-03   1.0538025E-03   1.8818009E-03
   9.5000000E-01   2.1544553E+03   4.8249077E+02   2.6369461E+03   4.3510156E-03   6.5394790E-03   3.6523712E-03
   1.0000000E+00   6.9163630E+02   1.5719007E+02   8.4882636E+02   1.4595134E-02   2.3990890E-02   1.5250951E-02
