   0.0000000E+00   2.6691685E+07   1.6022956E+07   4.2354059E+07   4.1898230E-03   7.5499167E-08   2.6246717E-03
   5.0000000E-02   1.7099607E+05   5.0993244E+04   2.2192565E+05   2.1246321E-01   1.9589154E-06   1.6370519E-01
   1.0000000E-01   5.0420286E+04   1.4578593E+04   6.4998879E+04   2.3045672E-01   1.2596970E-05   1.7877043E-01
   1.5000000E-01   1.9480565E+04   4.8807516E+03   2.4340096E+04   2.1394099E-01   2.2273480E-05   1.7123197E-01
   2.0000000E-01   1.0727043E+04   1.5438029E+03   1.2270846E+04   1.2361267E-01   1.8673199E-05   1.0806323E-01
   2.5000000E-01   7.7922260E+03   5.7295780E+02   8.3651838E+03   4.6180689E-02   3.7685090E-06   4.3017524E-02
   3.0000000E-01   7.2362447E+03   7.4272307E+01   7.3105171E+03   1.0439534E-02   1.4194449E-05   1.0333616E-02
   3.5000000E-01   8.0123146E+03   4.5472841E+01   8.0577874E+03   2.6315394E-03   5.4844632E-05   2.6169982E-03
   4.0000000E-01   8.2919725E+03   0.0000000E+00   8.2919725E+03   3.4592944E-06   0.0000000E+00   3.4592944E-06
   4.5000000E-01   8.4387488E+03   0.0000000E+00   8.4387488E+03   4.2193451E-06   0.0000000E+00   4.2193451E-06
   5.0000000E-01   7.5312119E+03   0.0000000E+00   7.5312119E+03   4.2507039E-05   0.0000000E+00   4.2507039E-05
   5.5000000E-01   5.8453270E+03   0.0000000E+00   5.8453270E+03   6.9790509E-06   0.0000000E+00   6.9790509E-06
   6.0000000E-01   3.2945073E+03   0.0000000E+00   3.2945073E+03   2.1637491E-06   0.0000000E+00   2.1637491E-06
   6.5000000E-01   1.8804769E+03   0.0000000E+00   1.8804769E+03   3.2410950E-06   0.0000000E+00   3.2410950E-06
   7.0000000E-01   9.1855139E+02   0.0000000E+00   9.1855139E+02   9.9566951E-05   0.0000000E+00   9.9566951E-05
   7.5000000E-01   3.3528641E+02   0.0000000E+00   3.3528641E+02   1.2941478E-05   0.0000000E+00   1.2941478E-05
   8.0000000E-01   1.4323945E+02   0.0000000E+00   1.4323945E+02   4.3103461E-05   0.0000000E+00   4.3103461E-05
   8.5000000E-01   4.4937866E+01   0.0000000E+00   4.4937866E+01   1.0009829E-05   0.0000000E+00   1.0009829E-05
   9.0000000E-01   1.4147106E+01   0.0000000E+00   1.4147106E+01   8.0083565E-06   0.0000000E+00   8.0083565E-06
   9.5000000E-01   0.0000000E+00   0.0000000E+00   0.0000000E+00   0.0000000E+00   0.0000000E+00   0.0000000E+00
   1.0000000E+00   0.0000000E+00   0.0000000E+00   0.0000000E+00   0.0000000E+00   0.0000000E+00   0.0000000E+00
