   0.0000000E+00   2.7990389E+07   1.4306120E+07   4.2281739E+07   6.8113635E-05   3.7177310E-05   5.4615746E-05
   5.0000000E-02   1.2541410E+05   5.8760005E+04   1.8417410E+05   1.4288030E-02   2.2506285E-03   1.0422438E-02
   1.0000000E-01   4.9656342E+04   2.3682256E+04   7.3338598E+04   1.0972535E-02   3.7933898E-03   8.6059871E-03
   1.5000000E-01   2.8159815E+04   1.3857090E+04   4.2016905E+04   7.5016648E-03   1.2265858E-03   5.3009968E-03
   2.0000000E-01   1.7698030E+04   8.5307049E+03   2.6228735E+04   2.0524668E-02   2.1787858E-03   1.3480184E-02
   2.5000000E-01   1.1077184E+04   5.5767892E+03   1.6653973E+04   2.6033699E-02   4.3872399E-03   1.8756209E-02
   3.0000000E-01   7.6394373E+03   3.2892022E+03   1.0928639E+04   3.7837572E-02   1.4860654E-03   2.6838096E-02
   3.5000000E-01   5.5567812E+03   2.8647890E+03   8.4215701E+03   4.5736749E-02   5.0135494E-03   3.1119465E-02
   4.0000000E-01   4.3767609E+03   1.8859861E+03   6.2627470E+03   5.9586028E-02   1.6983453E-02   4.6396810E-02
   4.5000000E-01   3.1972460E+03   1.5986230E+03   4.7958690E+03   4.5298953E-02   1.4755965E-02   3.5091344E-02
   5.0000000E-01   2.4700847E+03   1.1968452E+03   3.6669299E+03   5.1515204E-02   7.5560241E-03   3.7093391E-02
   5.5000000E-01   2.0892703E+03   8.9705513E+02   2.9863255E+03   6.0149710E-02   1.5553641E-02   4.6753555E-02
   6.0000000E-01   1.6552114E+03   6.9497658E+02   2.3501880E+03   7.0881757E-02   2.6689692E-02   5.7398227E-02
   6.5000000E-01   1.3809752E+03   5.7785487E+02   1.9588301E+03   5.2820565E-02   9.2307328E-03   3.9556687E-02
   7.0000000E-01   1.2459558E+03   4.1835014E+02   1.6643060E+03   6.5941091E-02   5.2501280E-03   4.9984658E-02
   7.5000000E-01   9.3370900E+02   3.7348360E+02   1.3071926E+03   6.2611994E-02   3.7556882E-02   5.4959980E-02
   8.0000000E-01   6.7640851E+02   2.9443664E+02   9.7084515E+02   7.6454950E-02   2.1274567E-02   5.9087736E-02
   8.5000000E-01   5.5048886E+02   2.0222040E+02   7.5270926E+02   8.9581291E-02   2.3237481E-02   7.1734106E-02
   9.0000000E-01   3.2538344E+02   2.1928014E+02   5.4466358E+02   1.3368352E-01   2.6472476E-02   9.0473613E-02
   9.5000000E-01   2.5129728E+02   1.3067458E+02   3.8197186E+02   1.3886120E-01   1.1503668E-02   9.3490041E-02
   1.0000000E+00   1.6976527E+02   5.0300822E+01   2.2006609E+02   1.8447628E-01   2.3100061E-02   1.4695064E-01
