   0.0000000E+00   3.3365497E+07   1.6845978E+07   4.9695049E+07   3.0092650E-06   7.5235813E-09   2.0229855E-06
   5.0000000E-02   1.4005635E+03   7.0028175E+02   2.1008452E+03   1.7375335E-01   4.2539903E-02   1.3001553E-01
   1.0000000E-01   4.1380285E+02   1.5915494E+02   5.7295780E+02   1.5448237E-01   1.1399250E-01   1.4323518E-01
   1.5000000E-01   2.9708923E+02   4.2441318E+01   3.3953055E+02   1.5833467E-01   1.0754651E-06   1.3854270E-01
   2.0000000E-01   1.7507044E+02   1.2732395E+02   3.0239439E+02   2.0174745E-01   1.0635477E-01   1.6158211E-01
   2.5000000E-01   2.0371833E+02   3.8197186E+01   2.4191551E+02   1.9440034E-01   8.8321394E-02   1.7765103E-01
   3.0000000E-01   1.5915494E+02   3.1830989E+01   1.9098593E+02   1.6924095E-01   1.0821326E-01   1.5906967E-01
   3.5000000E-01   1.2732395E+02   2.7283705E+01   1.5460766E+02   1.5330118E-01   8.8199611E-02   1.4181267E-01
   4.0000000E-01   7.9577472E+01   1.5915494E+01   9.5492966E+01   1.3348940E-01   1.8887180E-01   1.4271980E-01
   4.5000000E-01   4.2441318E+01   7.0735530E+00   4.9514871E+01   2.1777900E-01   3.1124239E-06   1.8666816E-01
   5.0000000E-01   8.9126768E+01   2.5464791E+01   1.1459156E+02   1.4032023E-01   2.1560872E-01   1.5705101E-01
   5.5000000E-01   2.3149810E+01   1.1574905E+01   3.4724715E+01   2.9025698E-01   1.9555843E-04   1.9343947E-01
   6.0000000E-01   5.8356812E+01   1.0610330E+01   6.8967142E+01   1.8738446E-01   7.9034779E-06   1.5855730E-01
   6.5000000E-01   4.8970752E+01   1.9588301E+01   6.8559052E+01   2.4694842E-01   1.0625373E-01   2.0674994E-01
   7.0000000E-01   3.1830989E+01   4.5472841E+00   3.6378273E+01   2.8110192E-01   1.6709635E-06   2.4596439E-01
   7.5000000E-01   2.9708923E+01   4.2441318E+00   3.3953055E+01   3.4350577E-01   3.9624866E-01   3.5009864E-01
   8.0000000E-01   2.7852115E+01   3.9788736E+00   3.1830989E+01   1.9759427E-01   6.5214232E-06   1.7289580E-01
   8.5000000E-01   2.2468933E+01   0.0000000E+00   2.2468933E+01   2.4616239E-01   0.0000000E+00   2.4616239E-01
   9.0000000E-01   2.8294212E+01   0.0000000E+00   2.8294212E+01   2.5079505E-01   0.0000000E+00   2.5079505E-01
   9.5000000E-01   1.6753152E+01   3.3506304E+00   2.0103782E+01   1.6685449E-01   4.0721575E-06   1.3904609E-01
   1.0000000E+00   6.2876027E+00   0.0000000E+00   6.2876027E+00   4.2069833E-01   0.0000000E+00   4.2069833E-01
