   0.0000000E+00   3.3217801E+07   1.6999785E+07   4.9644628E+07   4.3321740E-06   1.4614098E-10   2.8986582E-06
   5.0000000E-02   7.6394373E+02   5.0929582E+02   1.2732395E+03   1.2965419E-01   1.4283884E-01   1.3492805E-01
   1.0000000E-01   2.8647890E+02   1.5915494E+02   4.4563384E+02   1.9153473E-01   1.1670831E-01   1.6481101E-01
   1.5000000E-01   3.1830989E+02   8.4882636E+01   4.0319252E+02   1.5646912E-01   7.5743508E-02   1.3947426E-01
   2.0000000E-01   3.0239439E+02   6.3661977E+01   3.6605637E+02   1.5354799E-01   1.8319730E-05   1.2684081E-01
   2.5000000E-01   1.4005635E+02   2.5464791E+01   1.6552114E+02   2.1592479E-01   2.0707392E-01   2.1452530E-01
   3.0000000E-01   4.2441318E+01   1.0610330E+01   5.3051648E+01   1.0061788E-01   3.7125287E-01   1.5474488E-01
   3.5000000E-01   1.0004025E+02   4.5472841E+01   1.4551309E+02   1.7316569E-01   1.2621283E-01   1.5849292E-01
   4.0000000E-01   7.9577472E+01   3.1830989E+01   1.1140846E+02   1.8939693E-01   1.0226678E-05   1.3528644E-01
   4.5000000E-01   1.1317685E+02   2.8294212E+01   1.4147106E+02   2.0730399E-01   2.7158469E-02   1.7127488E-01
   5.0000000E-01   6.3661977E+01   6.3661977E+00   7.0028175E+01   2.4227857E-01   2.4040316E-01   2.4210808E-01
   5.5000000E-01   6.3661977E+01   1.7362357E+01   8.1024335E+01   1.5486335E-01   1.2014892E-01   1.4742454E-01
   6.0000000E-01   2.6525824E+01   5.3051648E+00   3.1830989E+01   3.0517790E-01   3.7709285E-01   3.1716373E-01
   6.5000000E-01   6.3661977E+01   1.4691226E+01   7.8353203E+01   1.7859730E-01   1.3273340E-01   1.6999782E-01
   7.0000000E-01   5.0020125E+01   4.5472841E+00   5.4567409E+01   2.6926397E-01   1.2350242E-05   2.4682428E-01
   7.5000000E-01   2.9708923E+01   8.4882636E+00   3.8197186E+01   1.1852722E-01   1.5616619E-01   1.2689144E-01
   8.0000000E-01   3.9788736E+00   1.1936621E+01   1.5915494E+01   4.2856423E-01   8.1264795E-02   1.6808965E-01
   8.5000000E-01   1.4979289E+01   0.0000000E+00   1.4979289E+01   2.8609004E-01   0.0000000E+00   2.8609004E-01
   9.0000000E-01   1.7683883E+01   0.0000000E+00   1.7683883E+01   1.6319682E-01   0.0000000E+00   1.6319682E-01
   9.5000000E-01   2.0103782E+01   0.0000000E+00   2.0103782E+01   1.3079813E-01   0.0000000E+00   1.3079813E-01
   1.0000000E+00   0.0000000E+00   0.0000000E+00   0.0000000E+00   0.0000000E+00   0.0000000E+00   0.0000000E+00
