   0.0000000E+00   5.1061999E+06   1.0979399E+07   1.6053513E+07   1.2890054E-02   3.8444256E-05   4.1133809E-03
   5.0000000E-02   2.2937410E+05   1.6214706E+05   3.9145750E+05   7.7155399E-02   4.4084171E-04   4.5391721E-02
   1.0000000E-01   1.0045860E+05   6.3757470E+04   1.6405692E+05   7.7401278E-02   1.8725198E-04   4.7393466E-02
   1.5000000E-01   6.4892775E+04   3.5735590E+04   1.0052226E+05   7.4607068E-02   9.9109960E-05   4.8181553E-02
   2.0000000E-01   4.5120426E+04   2.2170284E+04   6.7242963E+04   6.7410265E-02   1.7097523E-04   4.5248487E-02
   2.5000000E-01   3.3015101E+04   1.3318086E+04   4.6320455E+04   6.9383872E-02   4.5635382E-05   4.9447426E-02
   3.0000000E-01   2.7226106E+04   8.8065735E+03   3.6032679E+04   6.0407633E-02   4.7329160E-06   4.5644836E-02
   3.5000000E-01   2.2836461E+04   5.9933204E+03   2.8820687E+04   4.7340421E-02   4.6930689E-05   3.7517752E-02
   4.0000000E-01   2.0833382E+04   4.0425356E+03   2.4867960E+04   3.4391122E-02   4.0874343E-05   2.8805235E-02
   4.5000000E-01   1.8568077E+04   2.5747733E+03   2.1135776E+04   2.9057382E-02   2.5573752E-06   2.5429574E-02
   5.0000000E-01   1.8003607E+04   1.8589297E+03   1.9856171E+04   2.1916095E-02   7.5232095E-06   1.9870695E-02
   5.5000000E-01   1.6656288E+04   9.7229202E+02   1.7622793E+04   1.4065784E-02   1.7754433E-06   1.3294270E-02
   6.0000000E-01   1.6239109E+04   6.5784043E+02   1.6896950E+04   1.0271918E-02   3.4767117E-06   9.8720544E-03
   6.5000000E-01   1.5660846E+04   3.9666309E+02   1.6057509E+04   6.8468147E-03   4.7699977E-05   6.6765098E-03
   7.0000000E-01   1.4715011E+04   2.5464791E+02   1.4974207E+04   4.8914445E-03   1.9162900E-04   4.8035246E-03
   7.5000000E-01   1.3865579E+04   1.1459156E+02   1.3980170E+04   2.5893898E-03   5.6391674E-06   2.5681408E-03
   8.0000000E-01   1.2863698E+04   7.5598598E+01   1.2939297E+04   1.7422521E-03   6.7498189E-06   1.7321101E-03
   8.5000000E-01   1.1949728E+04   4.1193044E+01   1.1990921E+04   1.2006196E-03   7.8535699E-06   1.1964735E-03
   9.0000000E-01   1.0942787E+04   3.5367765E+01   1.0978154E+04   6.7196401E-04   3.4234754E-05   6.6969376E-04
   9.5000000E-01   8.1185774E+03   1.0051891E+01   8.1286293E+03   1.0420792E-03   1.0612599E-05   1.0407777E-03
   1.0000000E+00   3.2506906E+03   0.0000000E+00   3.2506906E+03   8.0950987E-04   0.0000000E+00   8.0950987E-04
