   0.0000000E+00   3.2358619E+07   1.6779769E+07   4.8628583E+07   1.2160472E-04   8.8270665E-06   8.3964526E-05
   5.0000000E-02   1.1713804E+04   4.3290145E+03   1.6042818E+04   1.6010902E-01   6.0179066E-02   1.3314372E-01
   1.0000000E-01   5.3476061E+03   1.5915494E+03   6.9391555E+03   1.5391222E-01   8.6629548E-02   1.3847911E-01
   1.5000000E-01   3.5650707E+03   1.0610330E+03   4.6261037E+03   1.4964626E-01   5.9012460E-02   1.2885564E-01
   2.0000000E-01   2.8011270E+03   3.9788736E+02   3.1990144E+03   1.7086841E-01   1.1091211E-02   1.4948172E-01
   2.5000000E-01   1.8207325E+03   4.4563384E+02   2.2663664E+03   1.7729038E-01   6.0705357E-02   1.5436635E-01
   3.0000000E-01   1.5703288E+03   1.5915494E+02   1.7294837E+03   1.7425362E-01   5.8406506E-02   1.6359158E-01
   3.5000000E-01   1.3005232E+03   2.3645877E+02   1.5369820E+03   1.5717207E-01   6.0630719E-02   1.4231900E-01
   4.0000000E-01   9.7880290E+02   1.9894368E+02   1.1777466E+03   1.3555742E-01   3.0966664E-02   1.1788981E-01
   4.5000000E-01   8.6297347E+02   1.1317685E+02   9.7615032E+02   1.8455137E-01   3.7698951E-02   1.6752497E-01
   5.0000000E-01   6.6208456E+02   1.2732395E+02   7.8940852E+02   1.5423788E-01   1.2945592E-02   1.3144863E-01
   5.5000000E-01   6.1925741E+02   8.1024335E+01   7.0028175E+02   1.3536302E-01   2.3725660E-02   1.2244614E-01
   6.0000000E-01   4.8807516E+02   6.3661977E+01   5.5173714E+02   1.2893259E-01   9.6243136E-06   1.1405464E-01
   6.5000000E-01   3.8686894E+02   1.9588301E+01   4.0645724E+02   1.2424337E-01   1.4942083E-06   1.1825567E-01
   7.0000000E-01   4.0016100E+02   1.8189136E+01   4.1835014E+02   1.2987268E-01   2.0239694E-07   1.2422605E-01
   7.5000000E-01   3.6499534E+02   4.6685450E+01   4.1168079E+02   1.1550781E-01   4.0242406E-05   1.0240442E-01
   8.0000000E-01   2.5066904E+02   2.7852115E+01   2.7852115E+02   5.7994533E-02   5.9704545E-02   5.8165534E-02
   8.5000000E-01   1.5728253E+02   1.1234467E+01   1.6851700E+02   1.1954238E-01   1.1869684E-01   1.1948601E-01
   9.0000000E-01   1.4147106E+02   1.4147106E+01   1.5561817E+02   4.0014229E-02   2.7431729E-04   3.6351634E-02
   9.5000000E-01   9.3817651E+01   1.0051891E+01   1.0386954E+02   7.4707333E-02   3.0053317E-06   6.7477318E-02
   1.0000000E+00   4.4013219E+01   6.2876027E+00   5.0300822E+01   5.9851176E-02   1.0532660E-05   5.2368463E-02
