   0.0000000E+00   2.3195369E+07   1.2498119E+07   3.5641540E+07   1.9300500E-04   1.2115740E-04   1.2054072E-04
   5.0000000E-02   1.8729354E+05   9.0018036E+04   2.7731157E+05   5.8107412E-03   1.5937201E-03   4.4401749E-03
   1.0000000E-01   5.2011835E+04   2.3109298E+04   7.5089302E+04   3.6026986E-03   1.3544930E-03   2.8963082E-03
   1.5000000E-01   3.0345542E+04   1.4196621E+04   4.4563384E+04   2.0786581E-03   3.3179590E-03   9.8167942E-04
   2.0000000E-01   2.2647748E+04   9.0559163E+03   3.1703665E+04   2.9148300E-03   1.1684570E-02   2.8761730E-03
   2.5000000E-01   1.7099607E+04   7.3338598E+03   2.4433467E+04   1.2576790E-02   8.7620631E-03   1.0902376E-02
   3.0000000E-01   1.3538780E+04   5.7826296E+03   1.9321410E+04   1.2486495E-02   2.7228258E-03   8.9231539E-03
   3.5000000E-01   1.1195413E+04   4.4199601E+03   1.5615374E+04   6.2736980E-03   8.9471796E-03   7.0296520E-03
   4.0000000E-01   9.3264797E+03   3.4695778E+03   1.2796057E+04   9.8359945E-03   1.8651452E-03   7.2417550E-03
   4.5000000E-01   7.7879819E+03   3.0982162E+03   1.0886198E+04   8.1730515E-03   1.1825671E-02   5.3849225E-03
   5.0000000E-01   6.9200569E+03   2.5401129E+03   9.4601698E+03   5.0874385E-03   1.4372101E-02   7.0035740E-03
   5.5000000E-01   6.0768251E+03   2.1992319E+03   8.2760570E+03   5.5580326E-03   1.0426701E-03   3.9110501E-03
   6.0000000E-01   4.8860568E+03   2.0690143E+03   6.9550710E+03   9.9287566E-03   1.6534780E-02   7.0667100E-03
   6.5000000E-01   4.3094262E+03   1.6796968E+03   5.9842259E+03   2.6858739E-03   8.1607475E-03   2.1148625E-03
   7.0000000E-01   3.7196784E+03   1.4051108E+03   5.1247892E+03   5.0010604E-03   1.2124378E-02   4.2985424E-03
   7.5000000E-01   3.4716998E+03   1.1544039E+03   4.6261037E+03   4.9994764E-03   2.4883020E-03   3.4850718E-03
   8.0000000E-01   2.6300354E+03   1.0066550E+03   3.6366904E+03   1.0214101E-02   1.0764688E-02   1.0279448E-02
   8.5000000E-01   2.0484177E+03   7.6019890E+02   2.8086166E+03   2.9981517E-03   1.0119630E-02   1.0738440E-03
   9.0000000E-01   1.5986230E+03   5.3405325E+02   2.1326762E+03   4.7078244E-03   8.6032745E-03   3.3071028E-03
   9.5000000E-01   9.6163092E+02   3.1495926E+02   1.2765902E+03   1.4938633E-02   2.8563710E-02   7.2617449E-03
   1.0000000E+00   3.0180493E+02   9.4314040E+01   3.9611897E+02   3.9246868E-02   6.3801939E-02   3.5345502E-02
