   0.0000000E+00   6.4400456E+06   9.0338892E+06   1.5447451E+07   5.8799069E-05   7.0007146E-06   2.1570728E-05
   5.0000000E-02   1.7456114E+05   1.2083043E+05   2.9532791E+05   2.8994201E-04   4.5380265E-04   1.8697294E-04
   1.0000000E-01   9.5715783E+04   5.3889864E+04   1.4957382E+05   2.4485897E-04   6.2331108E-04   9.2255073E-05
   1.5000000E-01   7.2532213E+04   3.3104228E+04   1.0563644E+05   1.0075152E-03   1.1367838E-03   8.7837842E-04
   2.0000000E-01   5.8330287E+04   2.2377185E+04   8.0707472E+04   1.5040631E-03   8.9087362E-04   1.3060357E-03
   2.5000000E-01   4.8650483E+04   1.6284734E+04   6.4871555E+04   1.5676059E-03   7.5069539E-04   1.0313576E-03
   3.0000000E-01   4.2780849E+04   1.2764226E+04   5.5523854E+04   1.0219838E-03   5.6459504E-04   8.7714318E-04
   3.5000000E-01   4.0016100E+04   1.0213200E+04   5.0229300E+04   2.2465420E-03   4.9832485E-04   1.7738814E-03
   4.0000000E-01   3.3844299E+04   8.6182402E+03   4.2454581E+04   9.8617073E-04   1.0491886E-03   8.8282293E-04
   4.5000000E-01   3.0154557E+04   6.9745233E+03   3.7122006E+04   2.3423235E-03   6.7494127E-04   1.9760004E-03
   5.0000000E-01   2.7565636E+04   6.1179160E+03   3.3677186E+04   2.8960025E-03   2.7159288E-04   2.3635774E-03
   5.5000000E-01   2.5268018E+04   5.0003589E+03   3.0262589E+04   1.4198442E-03   8.4216009E-04   1.2008624E-03
   6.0000000E-01   1.8260377E+04   3.3740848E+03   2.1634462E+04   2.6335786E-03   2.1621811E-03   2.4867752E-03
   6.5000000E-01   1.0494432E+04   1.4005635E+03   1.1890099E+04   2.9516990E-03   2.3199640E-03   2.5296249E-03
   7.0000000E-01   7.4529986E+03   7.9122743E+02   8.2442261E+03   4.0327404E-03   6.9080788E-03   4.2573862E-03
   7.5000000E-01   5.9630052E+03   5.6022540E+02   6.5189865E+03   3.1116154E-03   1.0137697E-02   3.5351429E-03
   8.0000000E-01   4.1340496E+03   4.0186623E+02   4.5359159E+03   1.1842367E-02   2.1024283E-02   1.2158108E-02
   8.5000000E-01   3.2205471E+03   3.2579953E+02   3.5463466E+03   3.3436877E-03   6.6419100E-03   3.6466891E-03
   9.0000000E-01   2.2635370E+03   2.1220659E+02   2.4757436E+03   9.2357056E-03   9.6927740E-03   9.0273683E-03
   9.5000000E-01   1.4273685E+03   1.1727206E+02   1.5446406E+03   1.7906043E-02   7.4963246E-03   1.6024976E-02
   1.0000000E+00   4.5899500E+02   4.4013219E+01   5.0300822E+02   6.0479731E-03   6.5205811E-02   1.0936714E-02
