   0.0000000E+00   1.7478523E+07   9.4632256E+06   2.6828685E+07   3.1307298E-03   8.8541101E-06   2.0117438E-03
   5.0000000E-02   5.5927047E+05   2.8183157E+05   8.3982880E+05   2.4351481E-03   6.6452912E-05   1.6202195E-03
   1.0000000E-01   1.4960565E+05   7.7699443E+04   2.2717777E+05   1.7914425E-03   2.5118823E-04   1.0377440E-03
   1.5000000E-01   7.5906298E+04   4.2398877E+04   1.1822029E+05   1.0739638E-02   4.9426599E-05   6.9157849E-03
   2.0000000E-01   4.4467891E+04   2.3093382E+04   6.7561273E+04   4.1447581E-03   2.6365488E-04   2.7030166E-03
   2.5000000E-01   2.9208115E+04   1.4769579E+04   4.3939497E+04   8.0809450E-03   2.6991588E-05   5.3615644E-03
   3.0000000E-01   1.9416903E+04   9.5599069E+03   2.8976810E+04   1.0075407E-02   1.8702075E-04   6.8127974E-03
   3.5000000E-01   1.2959760E+04   6.3752923E+03   1.9335052E+04   6.5142864E-03   4.0304984E-05   4.3671017E-03
   4.0000000E-01   9.1514092E+03   4.0902820E+03   1.3241691E+04   5.3499394E-03   6.0657330E-04   3.7969025E-03
   4.5000000E-01   6.2459473E+03   2.5394055E+03   8.7853529E+03   9.5237669E-03   8.4378676E-04   6.9945816E-03
   5.0000000E-01   4.2908173E+03   1.6170142E+03   5.9078315E+03   5.3729154E-03   2.1934436E-03   4.4963860E-03
   5.5000000E-01   3.2583357E+03   1.0185916E+03   4.2769274E+03   6.9720978E-03   2.0501247E-03   4.8237379E-03
   6.0000000E-01   2.6366669E+03   7.6924889E+02   3.4059158E+03   5.5945879E-03   2.8228317E-05   4.3363799E-03
   6.5000000E-01   2.3163166E+03   4.2604554E+02   2.7423621E+03   7.2318186E-03   7.6344361E-04   6.2254535E-03
   7.0000000E-01   1.9098593E+03   1.9553322E+02   2.1053925E+03   6.0225807E-03   2.2795712E-05   5.4632483E-03
   7.5000000E-01   1.7995119E+03   1.6127701E+02   1.9607889E+03   2.5000619E-04   1.7385104E-02   1.4743495E-03
   8.0000000E-01   1.6830635E+03   6.3661977E+01   1.7427466E+03   2.8776283E-03   5.7209579E-06   2.7790742E-03
   8.5000000E-01   1.4717151E+03   6.3661977E+01   1.5353771E+03   1.6944412E-03   3.4930400E-02   2.0553944E-03
   9.0000000E-01   1.4182474E+03   2.4757436E+01   1.4430048E+03   3.0993065E-03   1.7053524E-05   3.0458941E-03
   9.5000000E-01   9.8508533E+02   1.6753152E+01   1.0018385E+03   2.0764845E-03   2.5000623E-06   2.0417210E-03
   1.0000000E+00   3.4581815E+02   0.0000000E+00   3.4581815E+02   8.0179081E-03   0.0000000E+00   8.0179081E-03
