   0.0000000E+00   2.0310717E+07   1.1491751E+07   3.1628798E+07   1.6211117E-03   6.8021736E-04   1.2863777E-03
   5.0000000E-02   1.6768565E+05   7.9195500E+04   2.4681749E+05   2.6665651E-02   1.4929659E-02   2.2786073E-02
   1.0000000E-01   6.3693808E+04   2.9252679E+04   9.2819163E+04   1.9918168E-02   1.3855365E-02   1.7846474E-02
   1.5000000E-01   3.8727703E+04   1.7719250E+04   5.6446953E+04   1.3329197E-02   2.5314053E-02   1.6842153E-02
   2.0000000E-01   2.8854791E+04   1.2525494E+04   4.1380285E+04   3.0434145E-02   2.0649027E-02   2.7460041E-02
   2.5000000E-01   2.1364960E+04   9.8166769E+03   3.1168904E+04   2.8749935E-02   1.2103533E-02   2.3228512E-02
   3.0000000E-01   1.7857185E+04   7.2362447E+03   2.5072209E+04   2.7530697E-02   1.7143381E-02   2.4492987E-02
   3.5000000E-01   1.4660444E+04   5.9660367E+03   2.0626481E+04   1.9657787E-02   2.3598489E-02   2.0711070E-02
   4.0000000E-01   1.1530776E+04   5.0372539E+03   1.6560072E+04   2.6930168E-02   2.5373942E-02   2.6445550E-02
   4.5000000E-01   1.0730580E+04   4.0177781E+03   1.4748358E+04   1.8152394E-02   1.6845181E-02   1.7792329E-02
   5.0000000E-01   9.1163951E+03   3.4313806E+03   1.2547776E+04   2.6063906E-02   8.4904263E-03   2.1079529E-02
   5.5000000E-01   7.6799494E+03   2.7490399E+03   1.0428989E+04   2.8675482E-02   1.7784361E-02   2.5785898E-02
   6.0000000E-01   6.8914090E+03   2.3873241E+03   9.2787332E+03   2.7896139E-02   1.9923576E-02   2.5783466E-02
   6.5000000E-01   5.9499463E+03   2.0322862E+03   7.9822325E+03   2.1187680E-02   2.8281725E-02   2.2991566E-02
   7.0000000E-01   4.9747288E+03   1.8507446E+03   6.8254734E+03   2.0413014E-02   6.5769034E-03   1.6637122E-02
   7.5000000E-01   4.2653525E+03   1.5491081E+03   5.8144606E+03   2.9786555E-02   1.6998143E-02   2.6366197E-02
   8.0000000E-01   3.5571130E+03   1.3687325E+03   4.9258455E+03   2.3829080E-02   2.1137326E-02   2.3001287E-02
   8.5000000E-01   2.9359406E+03   1.0934881E+03   4.0294287E+03   2.4094546E-02   9.3388897E-03   2.0087799E-02
   9.0000000E-01   2.3519564E+03   7.3564951E+02   3.0876059E+03   3.4527316E-02   2.0286317E-02   3.1011162E-02
   9.5000000E-01   1.3737585E+03   4.5568573E+02   1.8294442E+03   2.5777113E-02   2.0923298E-02   2.4553168E-02
   1.0000000E+00   6.5391068E+02   1.6976527E+02   8.2367595E+02   3.9700168E-02   3.2638118E-02   3.7793380E-02
