   0.0000000E+00   1.9560524E+07   1.0862770E+07   3.0316343E+07   2.4404527E-03   7.2687226E-05   1.5799580E-03
   5.0000000E-02   2.5846763E+05   1.1885691E+05   3.7719722E+05   2.2660669E-02   1.8777938E-03   1.6128554E-02
   1.0000000E-01   7.9768457E+04   3.7751553E+04   1.1748818E+05   1.3653190E-02   1.0138970E-03   9.3110441E-03
   1.5000000E-01   4.4287515E+04   2.0605260E+04   6.4850334E+04   1.2899028E-02   1.1485415E-03   8.9704290E-03
   2.0000000E-01   2.9968876E+04   1.3894227E+04   4.3863102E+04   2.0514699E-02   7.2073409E-04   1.4243254E-02
   2.5000000E-01   2.2714593E+04   1.0236846E+04   3.2938707E+04   9.7347728E-03   1.2706454E-03   6.9634176E-03
   3.0000000E-01   1.9141034E+04   7.9895781E+03   2.7130613E+04   1.5202932E-02   2.0025883E-03   1.0778117E-02
   3.5000000E-01   1.4533120E+04   6.6572239E+03   2.1181249E+04   1.7434592E-02   5.8644635E-04   1.2103799E-02
   4.0000000E-01   1.2430001E+04   5.1645779E+03   1.7586621E+04   1.9250662E-02   1.0793183E-03   1.3417954E-02
   4.5000000E-01   1.0419344E+04   4.2229112E+03   1.4642255E+04   1.7842471E-02   1.9855001E-03   1.3232290E-02
   5.0000000E-01   8.8681134E+03   3.4250144E+03   1.2293128E+04   1.8715795E-02   1.7588616E-03   1.3716980E-02
   5.5000000E-01   7.7783361E+03   2.7779772E+03   1.0556313E+04   9.6795363E-03   9.6150360E-04   7.2833096E-03
   6.0000000E-01   6.4988268E+03   2.2546950E+03   8.7535219E+03   1.6809211E-02   2.1820072E-03   1.3033561E-02
   6.5000000E-01   5.6267394E+03   1.9686242E+03   7.5953636E+03   1.5548473E-02   1.7053876E-03   1.1889183E-02
   7.0000000E-01   4.6700608E+03   1.8052718E+03   6.4707853E+03   2.3401207E-02   1.6842520E-03   1.6741545E-02
   7.5000000E-01   3.9003571E+03   1.4430048E+03   5.3433620E+03   1.0656812E-02   5.4062795E-04   7.6484464E-03
   8.0000000E-01   3.2706341E+03   1.2414086E+03   4.5120426E+03   2.6378933E-02   1.1148799E-03   1.9410461E-02
   8.5000000E-01   2.5839273E+03   8.7254357E+02   3.4564709E+03   1.0943282E-02   1.2109031E-03   7.9121950E-03
   9.0000000E-01   1.7436308E+03   5.7295780E+02   2.3165886E+03   2.1160475E-02   2.8014385E-03   1.6239340E-02
   9.5000000E-01   1.0219423E+03   3.4511493E+02   1.3670572E+03   2.3296377E-02   1.7556269E-03   1.7180267E-02
   1.0000000E+00   3.7725616E+02   1.5719007E+02   5.3444623E+02   1.7412540E-02   2.0412449E-06   1.2291208E-02
