   0.0000000E+00   3.3161779E+07   1.6702866E+07   4.9030418E+07   1.2793282E-04   4.6146625E-12   8.2995260E-05
   5.0000000E-02   6.1752118E+03   1.1459156E+03   7.3211274E+03   2.3967295E-01   6.3036582E-06   2.0215991E-01
   1.0000000E-01   1.8461973E+03   5.4112681E+02   2.3873241E+03   2.7289390E-01   1.1971923E-06   2.1103822E-01
   1.5000000E-01   5.5173714E+02   1.0610330E+02   6.5784043E+02   3.0305456E-01   1.7911689E-05   2.5417190E-01
   2.0000000E-01   1.7507044E+02   4.7746483E+01   2.2281692E+02   3.6546566E-01   1.2927204E-05   2.8715436E-01
   2.5000000E-01   2.5464791E+01   1.2732395E+01   3.8197186E+01   3.0265957E-01   7.0558088E-07   2.0177281E-01
   3.0000000E-01   2.1220659E+01   1.0610330E+01   3.1830989E+01   3.3623500E-01   2.5749477E-05   2.2414808E-01
   3.5000000E-01   9.0945682E+00   0.0000000E+00   9.0945682E+00   3.5245701E-01   0.0000000E+00   3.5245701E-01
   4.0000000E-01   0.0000000E+00   0.0000000E+00   0.0000000E+00   0.0000000E+00   0.0000000E+00   0.0000000E+00
   4.5000000E-01   0.0000000E+00   0.0000000E+00   0.0000000E+00   0.0000000E+00   0.0000000E+00   0.0000000E+00
   5.0000000E-01   0.0000000E+00   0.0000000E+00   0.0000000E+00   0.0000000E+00   0.0000000E+00   0.0000000E+00
   5.5000000E-01   0.0000000E+00   0.0000000E+00   0.0000000E+00   0.0000000E+00   0.0000000E+00   0.0000000E+00
   6.0000000E-01   0.0000000E+00   0.0000000E+00   0.0000000E+00   0.0000000E+00   0.0000000E+00   0.0000000E+00
   6.5000000E-01   0.0000000E+00   0.0000000E+00   0.0000000E+00   0.0000000E+00   0.0000000E+00   0.0000000E+00
   7.0000000E-01   0.0000000E+00   0.0000000E+00   0.0000000E+00   0.0000000E+00   0.0000000E+00   0.0000000E+00
   7.5000000E-01   0.0000000E+00   0.0000000E+00   0.0000000E+00   0.0000000E+00   0.0000000E+00   0.0000000E+00
   8.0000000E-01   0.0000000E+00   0.0000000E+00   0.0000000E+00   0.0000000E+00   0.0000000E+00   0.0000000E+00
   8.5000000E-01   0.0000000E+00   0.0000000E+00   0.0000000E+00   0.0000000E+00   0.0000000E+00   0.0000000E+00
   9.0000000E-01   0.0000000E+00   0.0000000E+00   0.0000000E+00   0.0000000E+00   0.0000000E+00   0.0000000E+00
   9.5000000E-01   0.0000000E+00   0.0000000E+00   0.0000000E+00   0.0000000E+00   0.0000000E+00   0.0000000E+00
   1.0000000E+00   0.0000000E+00   0.0000000E+00   0.0000000E+00   0.0000000E+00   0.0000000E+00   0.0000000E+00
