   0.0000000E+00   2.6754328E+07   1.5701081E+07   4.2053574E+07   1.2325103E-03   4.1492134E-04   9.2420840E-04
   5.0000000E-02   9.1800571E+04   3.1258031E+04   1.2305860E+05   1.3776441E-01   5.9609380E-02   1.1790759E-01
   1.0000000E-01   4.3512961E+04   1.2350424E+04   5.5863385E+04   1.3780605E-01   5.8186651E-02   1.2020358E-01
   1.5000000E-01   2.7098782E+04   6.1752118E+03   3.3273993E+04   1.3147738E-01   4.6907054E-02   1.1578135E-01
   2.0000000E-01   1.8637044E+04   4.3608454E+03   2.2997889E+04   1.3036612E-01   5.1511894E-02   1.1541128E-01
   2.5000000E-01   1.3852846E+04   2.9284510E+03   1.6768565E+04   1.2968019E-01   5.4518915E-02   1.1664019E-01
   3.0000000E-01   1.0918029E+04   2.0584039E+03   1.2976433E+04   1.2307502E-01   4.1483267E-02   1.1012521E-01
   3.5000000E-01   8.3488136E+03   1.2277667E+03   9.5765803E+03   1.1102088E-01   4.2934907E-02   1.0228644E-01
   4.0000000E-01   6.9073245E+03   9.0718318E+02   7.8145077E+03   1.0044954E-01   2.1508599E-02   9.1282760E-02
   4.5000000E-01   5.5810333E+03   6.0832556E+02   6.1893589E+03   1.0100705E-01   8.3637361E-03   9.1878873E-02
   5.0000000E-01   4.4499722E+03   4.8383103E+02   4.9338032E+03   8.4994486E-02   1.8128799E-02   7.8437335E-02
   5.5000000E-01   3.4319593E+03   3.4724715E+02   3.7792065E+03   8.0635488E-02   2.6941816E-02   7.5701089E-02
   6.0000000E-01   2.6791082E+03   2.0159626E+02   2.8807045E+03   7.8581312E-02   1.8686122E-02   7.4389657E-02
   6.5000000E-01   2.1694043E+03   1.8119178E+02   2.3505961E+03   7.6218434E-02   5.4083696E-05   7.0339094E-02
   7.0000000E-01   1.6188331E+03   3.6378273E+01   1.6552114E+03   8.4021609E-02   4.4697925E-06   8.2174882E-02
   7.5000000E-01   1.2732395E+03   4.2441318E+01   1.3156809E+03   5.5995988E-02   3.8752617E-06   5.4189549E-02
   8.0000000E-01   8.6341557E+02   3.1830989E+01   8.9524655E+02   5.2173951E-02   8.7737907E-06   5.0319187E-02
   8.5000000E-01   5.9542673E+02   2.9958578E+01   6.2538531E+02   6.3193679E-02   1.9580069E-05   6.0165499E-02
   9.0000000E-01   4.9161194E+02   1.0610330E+01   5.0222226E+02   7.0828846E-02   2.1281255E-05   6.9332911E-02
   9.5000000E-01   3.0490736E+02   1.0051891E+01   3.1495926E+02   7.0124918E-02   3.6427979E-06   6.7887002E-02
   1.0000000E+00   9.4314040E+01   0.0000000E+00   9.4314040E+01   2.8576130E-02   0.0000000E+00   2.8576130E-02
