   0.0000000E+00   6.7390023E+06   9.4291028E+06   1.6123287E+07   5.4471553E-03   1.2054284E-04   2.2878752E-03
   5.0000000E-02   3.1398087E+05   1.5641748E+05   4.6988905E+05   3.2880791E-03   1.5208352E-03   2.6611986E-03
   1.0000000E-01   1.1341381E+05   5.2330145E+04   1.6574396E+05   7.8754697E-03   6.2764455E-04   5.2644202E-03
   1.5000000E-01   7.0601133E+04   3.1491458E+04   1.0198649E+05   3.7386328E-03   1.6458032E-03   3.1102597E-03
   2.0000000E-01   5.0993244E+04   2.1517748E+04   7.2463246E+04   5.3243012E-03   8.4913822E-04   3.9518940E-03
   2.5000000E-01   3.9330370E+04   1.5024227E+04   5.4303667E+04   4.0420944E-03   1.2945864E-03   3.1439430E-03
   3.0000000E-01   3.2934463E+04   1.1490987E+04   4.4393619E+04   2.8767831E-03   9.1203137E-04   2.1655384E-03
   3.5000000E-01   2.7729338E+04   8.2578679E+03   3.5978112E+04   7.4547614E-03   1.4485858E-03   5.6518054E-03
   4.0000000E-01   2.3085424E+04   7.1062682E+03   3.0175777E+04   2.6610151E-03   7.0546357E-04   2.2003802E-03
   4.5000000E-01   2.0053523E+04   5.2697970E+03   2.5323320E+04   2.7558873E-03   7.4837296E-04   2.0579116E-03
   5.0000000E-01   1.7844452E+04   3.8197186E+03   2.1651438E+04   5.1452493E-03   2.2995752E-04   4.2011591E-03
   5.5000000E-01   1.6037031E+04   3.1425867E+03   1.9179618E+04   5.3995973E-03   1.3959486E-03   4.7419624E-03
   6.0000000E-01   1.4297419E+04   2.3661035E+03   1.6663523E+04   3.0423179E-03   5.3561466E-07   2.6104036E-03
   6.5000000E-01   1.2751984E+04   1.7923295E+03   1.4544313E+04   1.5508934E-03   9.9811778E-04   1.4824378E-03
   7.0000000E-01   1.1509176E+04   1.2277667E+03   1.2732395E+04   1.6977942E-03   1.4412089E-03   1.4998712E-03
   7.5000000E-01   1.0084057E+04   1.0567888E+03   1.1140846E+04   6.5396793E-04   1.3529595E-03   5.8767745E-04
   8.0000000E-01   8.9882754E+03   8.3954232E+02   9.8198600E+03   1.9487484E-03   3.8124061E-03   2.0585322E-03
   8.5000000E-01   7.6544166E+03   5.0180617E+02   8.1562227E+03   2.1450301E-03   1.7350917E-06   2.0130937E-03
   9.0000000E-01   6.3803448E+03   3.5367765E+02   6.7340225E+03   1.2874358E-03   4.0707168E-06   1.2196870E-03
   9.5000000E-01   4.2787550E+03   1.9433656E+02   4.4730916E+03   1.9011182E-03   7.8053091E-03   1.5068134E-03
   1.0000000E+00   1.4650114E+03   5.6588424E+01   1.5215999E+03   1.8289709E-03   3.9369141E-05   1.7621640E-03
