   0.0000000E+00   2.2438046E+07   1.6615267E+07   3.8735003E+07   2.7613615E-02   5.8972337E-07   1.5859015E-02
   5.0000000E-02   7.5057471E+04   2.7501974E+04   1.0255945E+05   2.2327950E-01   1.1827566E-04   1.6343737E-01
   1.0000000E-01   8.4352120E+03   0.0000000E+00   8.4352120E+03   1.2393270E-06   0.0000000E+00   1.2393270E-06
   1.5000000E-01   9.2309867E+03   0.0000000E+00   9.2309867E+03   5.1249987E-05   0.0000000E+00   5.1249987E-05
   2.0000000E-01   9.6607050E+03   0.0000000E+00   9.6607050E+03   1.3823689E-06   0.0000000E+00   1.3864041E-06
   2.5000000E-01   1.0084057E+04   0.0000000E+00   1.0084057E+04   6.9368257E-07   0.0000000E+00   6.9368257E-07
   3.0000000E-01   9.9949304E+03   0.0000000E+00   9.9949304E+03   1.2991041E-05   0.0000000E+00   1.2991041E-05
   3.5000000E-01   1.1186319E+04   0.0000000E+00   1.1186319E+04   1.8216215E-06   0.0000000E+00   1.8216215E-06
   4.0000000E-01   1.1753593E+04   0.0000000E+00   1.1753593E+04   1.0602751E-04   0.0000000E+00   1.0602751E-04
   4.5000000E-01   1.3291206E+04   0.0000000E+00   1.3291206E+04   1.1825022E-06   0.0000000E+00   1.1825022E-06
   5.0000000E-01   1.4839607E+04   0.0000000E+00   1.4839607E+04   7.5650448E-06   0.0000000E+00   7.5650448E-06
   5.5000000E-01   1.9497927E+04   0.0000000E+00   1.9497927E+04   1.6166938E-06   0.0000000E+00   1.6166938E-06
   6.0000000E-01   3.2987515E+04   0.0000000E+00   3.2987515E+04   1.6760029E-06   0.0000000E+00   1.6760029E-06
   6.5000000E-01   8.0458945E+03   0.0000000E+00   8.0507916E+03   3.3563016E-06   0.0000000E+00   3.3542601E-06
   7.0000000E-01   1.8189136E+01   0.0000000E+00   1.8189136E+01   3.2198904E-06   0.0000000E+00   3.2198904E-06
   7.5000000E-01   0.0000000E+00   0.0000000E+00   0.0000000E+00   0.0000000E+00   0.0000000E+00   0.0000000E+00
   8.0000000E-01   0.0000000E+00   0.0000000E+00   0.0000000E+00   0.0000000E+00   0.0000000E+00   0.0000000E+00
   8.5000000E-01   0.0000000E+00   0.0000000E+00   0.0000000E+00   0.0000000E+00   0.0000000E+00   0.0000000E+00
   9.0000000E-01   0.0000000E+00   0.0000000E+00   0.0000000E+00   0.0000000E+00   0.0000000E+00   0.0000000E+00
   9.5000000E-01   0.0000000E+00   0.0000000E+00   0.0000000E+00   0.0000000E+00   0.0000000E+00   0.0000000E+00
   1.0000000E+00   0.0000000E+00   0.0000000E+00   0.0000000E+00   0.0000000E+00   0.0000000E+00   0.0000000E+00
