   0.0000000E+00   1.8368772E+07   9.1678340E+06   2.7430673E+07   1.1287388E-03   1.1692693E-05   7.3216250E-04
   5.0000000E-02   6.5622766E+05   3.3199721E+05   9.8682431E+05   6.4398227E-03   1.0569878E-04   4.3143620E-03
   1.0000000E-01   1.4043832E+05   7.4007049E+04   2.1444537E+05   2.9014186E-03   1.7150589E-04   1.9573574E-03
   1.5000000E-01   6.9349114E+04   3.6945167E+04   1.0627306E+05   4.8568224E-03   2.3694704E-04   3.2514141E-03
   2.0000000E-01   4.2796764E+04   2.2488593E+04   6.5269442E+04   9.0076096E-03   5.2432249E-04   6.0861493E-03
   2.5000000E-01   2.7960340E+04   1.3903776E+04   4.1838651E+04   3.8534454E-03   4.3598627E-04   2.3454216E-03
   3.0000000E-01   1.8599908E+04   1.0228358E+04   2.8817655E+04   8.5397207E-03   7.1218895E-04   5.9132182E-03
   3.5000000E-01   1.2423180E+04   6.3934814E+03   1.8816662E+04   1.3593644E-02   3.7348790E-04   9.0876978E-03
   4.0000000E-01   8.6261979E+03   4.2335215E+03   1.2859719E+04   2.0608033E-02   5.8492001E-04   1.3986625E-02
   4.5000000E-01   5.6800631E+03   3.0204071E+03   8.7004702E+03   1.0464511E-02   7.7861324E-04   7.1008553E-03
   5.0000000E-01   4.2971835E+03   2.0371833E+03   6.3280005E+03   9.0655874E-03   6.3327946E-04   6.0869263E-03
   5.5000000E-01   2.7664023E+03   1.3021768E+03   4.0685791E+03   4.1308972E-03   4.6041567E-06   2.8093078E-03
   6.0000000E-01   1.9735213E+03   9.1248834E+02   2.8860096E+03   1.7413249E-02   1.8486326E-03   1.1329264E-02
   6.5000000E-01   1.2683425E+03   6.4151685E+02   1.9098593E+03   1.5410333E-02   1.8531615E-03   9.6469110E-03
   7.0000000E-01   7.9122743E+02   3.8197186E+02   1.1731993E+03   1.9406308E-03   7.8658763E-06   1.3068655E-03
   7.5000000E-01   5.0505169E+02   2.3767138E+02   7.4272307E+02   3.2385535E-02   1.3677532E-03   2.1902363E-02
   8.0000000E-01   3.2228876E+02   1.9894368E+02   5.2123244E+02   2.0763910E-02   7.7274105E-03   1.5391146E-02
   8.5000000E-01   1.9098593E+02   1.1983431E+02   3.1082024E+02   2.5217577E-02   6.0086647E-06   1.5496803E-02
   9.0000000E-01   1.6622850E+02   5.6588424E+01   2.2281692E+02   5.2237126E-02   3.2814254E-02   3.3525903E-02
   9.5000000E-01   6.7012608E+01   4.0207565E+01   1.0722017E+02   1.0361366E-01   5.7550648E-06   6.4756785E-02
   1.0000000E+00   3.1438013E+01   6.2876027E+00   3.7725616E+01   1.0035396E-01   1.2534633E-06   8.3628486E-02
