   0.0000000E+00   3.3291649E+07   1.6858710E+07   4.9564669E+07   3.5686469E-05   2.2892784E-10   2.3412158E-05
   5.0000000E-02   3.8833806E+03   7.6394373E+02   4.6473243E+03   2.2156855E-01   6.0748652E-07   1.8514622E-01
   1.0000000E-01   1.1777466E+03   3.5014087E+02   1.5278875E+03   2.9334225E-01   6.3484342E-07   2.2611813E-01
   1.5000000E-01   1.9098593E+02   1.0610330E+02   2.9708923E+02   2.5681632E-01   5.0822206E-06   1.6509439E-01
   2.0000000E-01   6.3661977E+01   0.0000000E+00   6.3661977E+01   1.7066755E-01   0.0000000E+00   1.7066755E-01
   2.5000000E-01   6.3661977E+01   2.5464791E+01   8.9126768E+01   8.7800698E-07   7.1159490E-06   1.4059804E-06
   3.0000000E-01   4.2441318E+01   0.0000000E+00   4.2441318E+01   6.6629662E-07   0.0000000E+00   6.6629662E-07
   3.5000000E-01   3.6378273E+01   0.0000000E+00   3.6378273E+01   1.7363446E-05   0.0000000E+00   1.7363446E-05
   4.0000000E-01   3.1830989E+01   0.0000000E+00   3.1830989E+01   1.2717248E-05   0.0000000E+00   1.2717248E-05
   4.5000000E-01   1.4147106E+01   0.0000000E+00   1.4147106E+01   3.4368203E-06   0.0000000E+00   3.4368203E-06
   5.0000000E-01   5.0929582E+01   0.0000000E+00   5.0929582E+01   1.4461803E-05   0.0000000E+00   1.4461803E-05
   5.5000000E-01   9.2599240E+01   0.0000000E+00   9.2599240E+01   1.8418138E-06   0.0000000E+00   1.8418138E-06
   6.0000000E-01   9.5492966E+01   0.0000000E+00   9.5492966E+01   1.2544362E-06   0.0000000E+00   1.2544362E-06
   6.5000000E-01   3.9176601E+01   0.0000000E+00   3.9176601E+01   9.7912146E-06   0.0000000E+00   9.7912146E-06
   7.0000000E-01   5.0020125E+01   0.0000000E+00   5.0020125E+01   1.2051617E-05   0.0000000E+00   1.2051617E-05
   7.5000000E-01   5.0929582E+01   0.0000000E+00   5.0929582E+01   2.0948804E-06   0.0000000E+00   2.0948804E-06
   8.0000000E-01   4.3767609E+01   0.0000000E+00   4.3767609E+01   1.8317900E-06   0.0000000E+00   1.8317900E-06
   8.5000000E-01   2.9958578E+01   0.0000000E+00   2.9958578E+01   9.1225967E-06   0.0000000E+00   9.1225967E-06
   9.0000000E-01   1.7683883E+01   0.0000000E+00   1.7683883E+01   7.6239268E-06   0.0000000E+00   7.6239268E-06
   9.5000000E-01   3.3506304E+00   0.0000000E+00   3.3506304E+00   1.1618687E-05   0.0000000E+00   1.1618687E-05
   1.0000000E+00   1.8862808E+01   0.0000000E+00   1.8862808E+01   1.2555219E-05   0.0000000E+00   1.2555219E-05
