   0.0000000E+00   3.7377220E+06   1.0671785E+07   1.4391681E+07   6.9649436E-03   1.1311963E-04   1.8524913E-03
   5.0000000E-02   2.1606875E+05   2.0155382E+05   4.1743158E+05   2.1092170E-02   1.5443484E-03   1.1635140E-02
   1.0000000E-01   1.3276705E+05   7.8336063E+04   2.1097579E+05   1.4393939E-02   5.9560215E-04   9.2309573E-03
   1.5000000E-01   1.0232602E+05   4.2674745E+04   1.4495832E+05   1.1272738E-02   1.2237246E-03   8.3114145E-03
   2.0000000E-01   8.5895923E+04   2.4621270E+04   1.1050128E+05   7.5729129E-03   1.0013075E-04   5.8823699E-03
   2.5000000E-01   7.3389527E+04   1.4323945E+04   8.7700740E+04   6.0938020E-03   7.0924335E-04   5.2111560E-03
   3.0000000E-01   6.5094372E+04   8.9126768E+03   7.3985828E+04   4.7941582E-03   6.8914066E-05   4.2260738E-03
   3.5000000E-01   5.8523546E+04   5.4294572E+03   6.3943909E+04   2.9131030E-03   6.5435184E-05   2.6696120E-03
   4.0000000E-01   5.3006554E+04   3.5332397E+03   5.6539794E+04   1.2550148E-03   5.6009536E-06   1.1762379E-03
   4.5000000E-01   4.3367954E+04   2.1645072E+03   4.5518314E+04   1.0034379E-03   1.5217466E-06   9.5605492E-04
   5.0000000E-01   2.5407495E+04   8.2123951E+02   2.6228735E+04   3.2684303E-04   1.3551596E-05   3.1696205E-04
   5.5000000E-01   1.1962664E+04   2.0256084E+02   1.2159438E+04   1.9900058E-03   5.4184233E-06   1.9577393E-03
   6.0000000E-01   7.4484513E+03   6.8967142E+01   7.5174185E+03   1.8419817E-03   2.6283230E-05   1.8249885E-03
   6.5000000E-01   4.8089278E+03   5.3867827E+01   4.8627956E+03   2.8530798E-03   1.7952055E-05   2.8212821E-03
   7.0000000E-01   2.7465596E+03   0.0000000E+00   2.7465596E+03   1.5180664E-03   0.0000000E+00   1.5180664E-03
   7.5000000E-01   1.7231175E+03   8.4882636E+00   1.7316058E+03   3.4737246E-03   4.9862391E-06   3.4567103E-03
   8.0000000E-01   9.8278177E+02   0.0000000E+00   9.8278177E+02   5.9229921E-03   0.0000000E+00   5.9229921E-03
   8.5000000E-01   5.9917155E+02   3.7448222E+00   6.0291637E+02   1.7432473E-03   6.1793179E-06   1.7323909E-03
   9.0000000E-01   3.1123633E+02   0.0000000E+00   3.1123633E+02   2.5539833E-03   0.0000000E+00   2.5539833E-03
   9.5000000E-01   1.4407711E+02   0.0000000E+00   1.4407711E+02   4.9417729E-06   0.0000000E+00   4.9417729E-06
   1.0000000E+00   6.2876027E+01   0.0000000E+00   6.2876027E+01   1.0393161E-04   0.0000000E+00   1.0393161E-04
