   0.0000000E+00   3.1099640E+07   1.5818728E+07   4.6690713E+07   1.7047156E-05   2.5161914E-05   1.1814102E-05
   5.0000000E-02   1.2095776E+04   4.9019722E+03   1.6997748E+04   7.8270364E-03   3.4644981E-02   1.5509984E-02
   1.0000000E-01   7.0346485E+03   4.1698595E+03   1.1204508E+04   4.3246023E-03   1.5094555E-02   5.2151125E-03
   1.5000000E-01   5.5385920E+03   2.3554932E+03   7.8940852E+03   9.3240909E-03   7.9729231E-03   8.8702941E-03
   2.0000000E-01   4.3608454E+03   2.1645072E+03   6.5253527E+03   2.2073888E-02   5.9199909E-03   1.2859820E-02
   2.5000000E-01   3.5650707E+03   1.7952678E+03   5.3603385E+03   2.0187689E-02   1.3484493E-02   1.6470380E-02
   3.0000000E-01   3.2892022E+03   1.3899532E+03   4.6791553E+03   2.2776134E-02   1.7330563E-02   1.8031494E-02
   3.5000000E-01   2.7192759E+03   1.2368613E+03   3.9561372E+03   2.0937061E-02   9.4691243E-03   1.4804633E-02
   4.0000000E-01   2.3475354E+03   1.0822536E+03   3.4297890E+03   1.7974980E-02   1.7023840E-03   1.2840210E-02
   4.5000000E-01   2.3908609E+03   1.0185916E+03   3.4094526E+03   1.7837515E-02   1.5980472E-02   1.2967650E-02
   5.0000000E-01   2.0626481E+03   1.0949860E+03   3.1576341E+03   7.5161794E-03   1.1022141E-02   7.3881018E-03
   5.5000000E-01   1.8056852E+03   7.9866844E+02   2.6043536E+03   1.2581901E-02   1.3736125E-02   4.6531993E-03
   6.0000000E-01   1.4748358E+03   7.6924889E+02   2.2440847E+03   2.1081143E-02   1.0377503E-02   1.7134455E-02
   6.5000000E-01   1.3809752E+03   6.8069345E+02   2.0616686E+03   2.0603819E-02   6.6906562E-03   1.5241661E-02
   7.0000000E-01   1.3141651E+03   5.1384310E+02   1.8280082E+03   1.2888599E-02   1.3317492E-02   6.5162325E-03
   7.5000000E-01   1.1289391E+03   5.1778408E+02   1.6467231E+03   1.4024282E-02   2.4105015E-02   6.5282182E-03
   8.0000000E-01   9.5890853E+02   5.0531694E+02   1.4642255E+03   1.2780869E-02   1.8362981E-02   7.3960954E-03
   8.5000000E-01   8.2386088E+02   3.7822704E+02   1.2020879E+03   1.1720099E-02   8.1909578E-03   9.7185621E-03
   9.0000000E-01   6.2600944E+02   3.1123633E+02   9.3724578E+02   2.0323314E-02   2.3454230E-02   2.0457168E-02
   9.5000000E-01   4.5903636E+02   2.1108971E+02   6.7012608E+02   1.9352889E-02   2.7721798E-02   1.6463937E-02
   1.0000000E+00   3.0809253E+02   1.2575205E+02   4.3384459E+02   2.4233406E-02   1.3175441E-02   1.7306108E-02
