   0.0000000E+00   1.6014298E+07   9.2997416E+06   2.5175511E+07   5.9242019E-03   1.3432578E-05   3.7664141E-03
   5.0000000E-02   3.8120792E+05   1.6889523E+05   5.4965751E+05   4.1980562E-02   6.0084002E-05   2.9174037E-02
   1.0000000E-01   1.2254931E+05   5.9237470E+04   1.8165945E+05   2.7246771E-02   8.9820132E-05   1.8376218E-02
   1.5000000E-01   6.8012212E+04   3.2934463E+04   1.0092545E+05   3.5898555E-02   3.2020383E-04   2.4151475E-02
   2.0000000E-01   4.6330004E+04   2.2138453E+04   6.8468457E+04   3.6423075E-02   1.3253255E-04   2.4581044E-02
   2.5000000E-01   3.1347158E+04   1.6144677E+04   4.7453638E+04   3.9717859E-02   3.5639842E-04   2.6278236E-02
   3.0000000E-01   2.3321504E+04   1.1650142E+04   3.4971646E+04   4.8820893E-02   2.3707653E-04   3.2635605E-02
   3.5000000E-01   1.8753000E+04   8.7489746E+03   2.7492880E+04   4.3304534E-02   8.3777832E-06   2.9534622E-02
   4.0000000E-01   1.3806691E+04   6.7083809E+03   2.0515072E+04   4.3325413E-02   6.3596357E-06   2.9159592E-02
   4.5000000E-01   1.1593553E+04   5.1353995E+03   1.6728953E+04   3.7301416E-02   5.4248431E-06   2.5849092E-02
   5.0000000E-01   9.1736909E+03   3.9852398E+03   1.3158931E+04   3.4387580E-02   1.6094207E-04   2.3956025E-02
   5.5000000E-01   7.1995909E+03   2.6795905E+03   9.8791814E+03   4.3546214E-02   2.7645895E-05   3.1739576E-02
   6.0000000E-01   5.7189676E+03   2.2493899E+03   7.9683575E+03   3.7761885E-02   3.9672250E-05   2.7103431E-02
   6.5000000E-01   4.7305746E+03   1.6894909E+03   6.4249626E+03   2.4334199E-02   4.3518205E-06   1.7917879E-02
   7.0000000E-01   4.0698193E+03   1.3914689E+03   5.4567409E+03   2.9086031E-02   3.1048427E-06   2.1693502E-02
   7.5000000E-01   3.3910613E+03   8.8702355E+02   4.2780849E+03   3.2123116E-02   1.1030943E-05   2.5460787E-02
   8.0000000E-01   2.8608101E+03   7.3609161E+02   3.5969017E+03   3.5182901E-02   3.0289541E-05   2.7977189E-02
   8.5000000E-01   2.2731071E+03   5.8793708E+02   2.8610442E+03   2.8511460E-02   1.7577987E-05   2.2695512E-02
   9.0000000E-01   1.8214399E+03   4.0672930E+02   2.2281692E+03   2.0911847E-02   1.0449730E-05   1.7095309E-02
   9.5000000E-01   1.0755524E+03   1.9098593E+02   1.2665383E+03   2.6084846E-02   1.1792786E-05   2.2152830E-02
   1.0000000E+00   4.0869417E+02   8.1738835E+01   4.9043301E+02   5.6816472E-02   1.2173248E-06   4.7346989E-02
