   0.0000000E+00   2.3468351E+07   1.5719925E+07   3.8928535E+07   6.5086984E-03   1.2843938E-08   3.9056797E-03
   5.0000000E-02   2.3408509E+05   7.8749866E+04   3.1270763E+05   1.9590768E-01   6.8590261E-07   1.4647266E-01
   1.0000000E-01   6.8245640E+04   2.2345354E+04   9.0559163E+04   2.1635442E-01   5.8038803E-06   1.6298324E-01
   1.5000000E-01   2.8541786E+04   6.5784043E+03   3.5120191E+04   1.8459069E-01   7.9584604E-06   1.5001330E-01
   2.0000000E-01   1.4865072E+04   2.2600002E+03   1.7125072E+04   1.1360363E-01   2.9846087E-05   9.8607413E-02
   2.5000000E-01   1.0669747E+04   5.6022540E+02   1.1229973E+04   4.7273163E-02   5.7117320E-03   4.5199722E-02
   3.0000000E-01   1.1342442E+04   1.3793428E+02   1.1480377E+04   1.2536044E-02   4.1215109E-06   1.2385476E-02
   3.5000000E-01   1.2623261E+04   3.6378273E+01   1.2659639E+04   4.0344610E-03   3.9769676E-06   4.0228680E-03
   4.0000000E-01   1.3002959E+04   0.0000000E+00   1.2995001E+04   1.4930829E-05   0.0000000E+00   1.4940334E-05
   4.5000000E-01   1.2711175E+04   0.0000000E+00   1.2711175E+04   8.3906837E-05   0.0000000E+00   8.3906837E-05
   5.0000000E-01   1.2038480E+04   0.0000000E+00   1.2032114E+04   2.0043471E-06   0.0000000E+00   2.0054076E-06
   5.5000000E-01   8.3975935E+03   0.0000000E+00   8.3975935E+03   2.1147928E-06   0.0000000E+00   2.1564997E-06
   6.0000000E-01   4.9656342E+03   0.0000000E+00   4.9656342E+03   1.3430160E-05   0.0000000E+00   1.3430160E-05
   6.5000000E-01   2.6444206E+03   0.0000000E+00   2.6444206E+03   1.7676899E-05   0.0000000E+00   1.7676899E-05
   7.0000000E-01   1.2186721E+03   0.0000000E+00   1.2186721E+03   1.3262337E-05   0.0000000E+00   1.3262337E-05
   7.5000000E-01   5.3476061E+02   0.0000000E+00   5.3476061E+02   4.2802990E-05   0.0000000E+00   4.2802990E-05
   8.0000000E-01   1.8302818E+02   0.0000000E+00   1.8302818E+02   2.3258887E-06   0.0000000E+00   2.3258887E-06
   8.5000000E-01   4.4937866E+01   0.0000000E+00   4.4937866E+01   1.9787048E-05   0.0000000E+00   1.9787048E-05
   9.0000000E-01   7.0735530E+00   0.0000000E+00   7.0735530E+00   1.9460862E-05   0.0000000E+00   1.9460862E-05
   9.5000000E-01   3.3506304E+00   0.0000000E+00   3.3506304E+00   1.8865179E-05   0.0000000E+00   1.8865179E-05
   1.0000000E+00   0.0000000E+00   0.0000000E+00   0.0000000E+00   0.0000000E+00   0.0000000E+00   0.0000000E+00
