   0.0000000E+00   3.2151336E+07   1.6576051E+07   4.7994510E+07   1.7347440E-04   1.7488353E-08   1.1202068E-04
   5.0000000E-02   1.2987043E+04   3.6287327E+03   1.6615776E+04   1.7193852E-01   3.7294772E-02   1.4253220E-01
   1.0000000E-01   5.0929582E+03   2.0690143E+03   7.1619724E+03   1.7231285E-01   5.0499584E-02   1.3707306E-01
   1.5000000E-01   4.2229112E+03   1.1246949E+03   5.3476061E+03   1.6945077E-01   3.6304213E-02   1.4144562E-01
   2.0000000E-01   2.9761974E+03   6.3661977E+02   3.6128172E+03   1.9419945E-01   3.9106282E-02   1.6687003E-01
   2.5000000E-01   2.0117185E+03   5.2202821E+02   2.5337467E+03   1.7665902E-01   2.7278267E-02   1.4588202E-01
   3.0000000E-01   1.4854461E+03   3.1830989E+02   1.8037560E+03   1.8979386E-01   7.3045561E-02   1.6919122E-01
   3.5000000E-01   1.3732798E+03   3.5468816E+02   1.7279680E+03   1.8958058E-01   1.3436007E-02   1.5342445E-01
   4.0000000E-01   1.1697888E+03   3.1830989E+02   1.4880987E+03   1.7852678E-01   2.9336305E-02   1.4661403E-01
   4.5000000E-01   9.4785611E+02   1.6976527E+02   1.1176214E+03   1.7949539E-01   3.1639082E-02   1.5703597E-01
   5.0000000E-01   6.7481696E+02   2.0371833E+02   8.7853529E+02   1.8490207E-01   1.2917355E-02   1.4502097E-01
   5.5000000E-01   7.2921901E+02   1.0417414E+02   8.3339316E+02   1.9270157E-01   2.7225771E-05   1.6861047E-01
   6.0000000E-01   5.5704230E+02   1.0610330E+02   6.6314560E+02   1.9340149E-01   1.5435242E-02   1.6492641E-01
   6.5000000E-01   4.4563384E+02   9.7941503E+01   5.4357534E+02   1.9707839E-01   3.5023145E-02   1.6787916E-01
   7.0000000E-01   3.8197186E+02   4.5472841E+01   4.2744470E+02   1.5753678E-01   8.0948790E-06   1.4077841E-01
   7.5000000E-01   3.3953055E+02   5.0929582E+01   3.9046013E+02   1.8414869E-01   1.2251882E-05   1.6012770E-01
   8.0000000E-01   2.7852115E+02   2.3873241E+01   3.0239439E+02   1.5393927E-01   5.6851610E-02   1.4627440E-01
   8.5000000E-01   1.7975147E+02   1.4979289E+01   1.9473075E+02   1.4916421E-01   3.6344134E-06   1.3769032E-01
   9.0000000E-01   1.7330205E+02   1.7683883E+01   1.9098593E+02   1.5981969E-01   9.3324523E-06   1.4502071E-01
   9.5000000E-01   1.3067458E+02   6.7012608E+00   1.3737585E+02   1.6439684E-01   5.8632319E-05   1.5638034E-01
   1.0000000E+00   3.7725616E+01   6.2876027E+00   4.4013219E+01   2.1009209E-01   7.1226379E-06   1.8007995E-01
