   0.0000000E+00   7.9068176E+06   9.1983918E+06   1.7077198E+07   3.9717218E-06   1.1214469E-05   4.7975729E-06
   5.0000000E-02   1.6634875E+05   1.0816170E+05   2.7451045E+05   2.4993400E-04   2.7156680E-04   2.3421986E-04
   1.0000000E-01   9.3742261E+04   4.8446765E+04   1.4212536E+05   6.2468126E-04   3.2316499E-04   4.1455734E-04
   1.5000000E-01   6.9179349E+04   3.0494087E+04   9.9673436E+04   1.0118144E-03   1.9309950E-04   6.9355120E-04
   2.0000000E-01   5.5242681E+04   2.1995213E+04   7.7237894E+04   1.9914858E-03   7.1640741E-04   1.5375577E-03
   2.5000000E-01   4.5480117E+04   1.5609917E+04   6.1077301E+04   1.3243364E-03   5.8166909E-04   8.4930297E-04
   3.0000000E-01   3.9682632E+04   1.2594461E+04   5.2266483E+04   9.5140053E-04   7.3286288E-04   5.4812634E-04
   3.5000000E-01   3.5377870E+04   1.0149538E+04   4.5518314E+04   5.0338608E-04   1.7252477E-03   3.2721261E-04
   4.0000000E-01   3.1807115E+04   8.4670430E+03   4.0266201E+04   1.1335806E-03   7.8292080E-04   8.8612378E-04
   4.5000000E-01   2.8690331E+04   7.2503919E+03   3.5933649E+04   1.1464914E-03   1.2137170E-03   1.1157851E-03
   5.0000000E-01   2.6610706E+04   6.6272118E+03   3.3237918E+04   7.2608169E-04   1.5598183E-03   5.5731525E-04
   5.5000000E-01   2.4677697E+04   5.3591810E+03   3.0031091E+04   3.3568550E-03   7.5578100E-04   2.6280833E-03
   6.0000000E-01   1.5835917E+04   3.5067139E+03   1.9342631E+04   2.9232773E-03   5.8893840E-04   2.4932922E-03
   6.5000000E-01   9.8137386E+03   1.6356231E+03   1.1444465E+04   9.3227744E-04   2.9398709E-03   3.7951220E-04
   7.0000000E-01   7.2210871E+03   1.0868009E+03   8.3078880E+03   3.8892561E-03   1.4387018E-03   3.4770580E-03
   7.5000000E-01   5.6913808E+03   6.6208456E+02   6.3534653E+03   6.6130122E-03   3.7548498E-03   6.2963212E-03
   8.0000000E-01   4.1937328E+03   5.3714793E+02   4.7308807E+03   2.1442768E-03   1.7997012E-03   2.0232942E-03
   8.5000000E-01   3.1531403E+03   3.8946151E+02   3.5426018E+03   3.3367093E-03   1.5873708E-02   3.6439930E-03
   9.0000000E-01   2.3201254E+03   2.2281692E+02   2.5429423E+03   8.4845028E-03   1.6386292E-02   6.6063038E-03
   9.5000000E-01   1.4072648E+03   1.5412900E+02   1.5613938E+03   1.2246955E-02   2.4035290E-02   1.1791453E-02
   1.0000000E+00   5.9103465E+02   5.6588424E+01   6.4762308E+02   3.3423420E-02   2.8892582E-02   3.1762606E-02
