   0.0000000E+00   2.3335934E+07   1.2991627E+07   3.5979203E+07   1.9707214E-03   1.9623113E-08   1.2740331E-03
   5.0000000E-02   1.4540396E+05   4.8383103E+04   1.9365973E+05   1.2022075E-01   8.0013876E-06   9.0262662E-02
   1.0000000E-01   6.5794653E+04   2.4255213E+04   9.0049867E+04   1.0813682E-01   9.9375139E-06   7.9010280E-02
   1.5000000E-01   3.9831177E+04   1.3581222E+04   5.3391178E+04   1.1002121E-01   3.5145790E-05   8.2069729E-02
   2.0000000E-01   2.7183664E+04   1.0870283E+04   3.8038031E+04   1.0228558E-01   1.7002077E-05   7.3099715E-02
   2.5000000E-01   1.7659832E+04   7.3465922E+03   2.4980960E+04   9.5191823E-02   2.0693131E-05   6.7506980E-02
   3.0000000E-01   1.4175400E+04   5.8462916E+03   2.0000471E+04   1.0261964E-01   1.3984359E-05   7.2330154E-02
   3.5000000E-01   1.1240886E+04   4.4199601E+03   1.5660846E+04   9.8687357E-02   3.5199857E-06   7.0834302E-02
   4.0000000E-01   8.8649303E+03   3.3820425E+03   1.2246973E+04   1.0442642E-01   9.7497860E-06   7.5591095E-02
   4.5000000E-01   7.3564951E+03   2.8860096E+03   1.0242505E+04   1.0773733E-01   1.9823886E-06   7.7380817E-02
   5.0000000E-01   6.2261414E+03   2.2027044E+03   8.4288458E+03   1.0024928E-01   3.2757382E-06   7.4051988E-02
   5.5000000E-01   4.8498852E+03   2.2050194E+03   7.0491171E+03   1.1769425E-01   2.2952432E-05   8.0959617E-02
   6.0000000E-01   4.1486388E+03   1.8355870E+03   5.9842259E+03   1.2890234E-01   2.6484756E-06   8.9363953E-02
   6.5000000E-01   3.4769234E+03   1.5719611E+03   5.0488845E+03   1.3441305E-01   2.2965429E-05   9.2559723E-02
   7.0000000E-01   2.9830184E+03   1.2914287E+03   4.2744470E+03   1.4934738E-01   2.7882447E-06   1.0422624E-01
   7.5000000E-01   2.3936903E+03   1.1628921E+03   3.5565825E+03   1.3041213E-01   3.4257708E-05   8.7760295E-02
   8.0000000E-01   2.0172889E+03   7.8781697E+02   2.8051059E+03   1.4458523E-01   2.9041685E-06   1.0397750E-01
   8.5000000E-01   1.4230324E+03   7.3024033E+02   2.1532728E+03   1.2684497E-01   2.0770084E-06   8.3828036E-02
   9.0000000E-01   1.0645697E+03   5.1990615E+02   1.5844759E+03   1.3369038E-01   1.2168295E-05   8.9827199E-02
   9.5000000E-01   7.4048931E+02   2.8815421E+02   1.0286435E+03   1.8416659E-01   3.4995360E-06   1.3257498E-01
   1.0000000E+00   2.0120329E+02   1.5090246E+02   3.5210575E+02   2.3283057E-01   3.6160854E-05   1.3306145E-01
