   0.0000000E+00   2.9409287E+07   1.6579107E+07   4.5576883E+07   4.9343007E-03   1.4071256E-08   3.1458059E-03
   5.0000000E-02   1.3725522E+05   3.6987609E+04   1.7411551E+05   2.5667833E-01   1.3459701E-06   2.0215242E-01
   1.0000000E-01   1.6392959E+04   3.5969017E+03   1.9989861E+04   2.6162708E-01   2.8682300E-06   2.1455139E-01
   1.5000000E-01   3.9046013E+03   2.3342725E+02   4.1380285E+03   1.0117114E-01   3.0347813E-06   9.5464224E-02
   2.0000000E-01   3.7878876E+03   0.0000000E+00   3.7878876E+03   5.5315735E-03   0.0000000E+00   5.5315735E-03
   2.5000000E-01   3.3868172E+03   0.0000000E+00   3.3868172E+03   1.2076432E-06   0.0000000E+00   1.2076432E-06
   3.0000000E-01   3.9788736E+03   0.0000000E+00   3.9788736E+03   4.2794158E-06   0.0000000E+00   4.2794158E-06
   3.5000000E-01   4.1562177E+03   0.0000000E+00   4.1562177E+03   3.3652990E-06   0.0000000E+00   3.3652990E-06
   4.0000000E-01   4.6871131E+03   0.0000000E+00   4.6871131E+03   1.9649500E-06   0.0000000E+00   1.9649500E-06
   4.5000000E-01   6.1256969E+03   0.0000000E+00   6.1256969E+03   9.8079108E-06   0.0000000E+00   9.8079108E-06
   5.0000000E-01   6.7800006E+03   0.0000000E+00   6.7800006E+03   2.0008349E-06   0.0000000E+00   2.0008349E-06
   5.5000000E-01   5.5385920E+03   0.0000000E+00   5.5385920E+03   3.1404976E-05   0.0000000E+00   3.1404976E-05
   6.0000000E-01   2.3024415E+03   0.0000000E+00   2.3024415E+03   1.1621776E-05   0.0000000E+00   1.1621776E-05
   6.5000000E-01   5.4357534E+02   0.0000000E+00   5.4357534E+02   4.7149155E-05   0.0000000E+00   4.7149155E-05
   7.0000000E-01   6.8209261E+01   0.0000000E+00   6.8209261E+01   4.0883761E-06   0.0000000E+00   4.0883761E-06
   7.5000000E-01   4.2441318E+00   0.0000000E+00   4.2441318E+00   1.2708955E-05   0.0000000E+00   1.2708955E-05
   8.0000000E-01   0.0000000E+00   0.0000000E+00   0.0000000E+00   0.0000000E+00   0.0000000E+00   0.0000000E+00
   8.5000000E-01   0.0000000E+00   0.0000000E+00   0.0000000E+00   0.0000000E+00   0.0000000E+00   0.0000000E+00
   9.0000000E-01   0.0000000E+00   0.0000000E+00   0.0000000E+00   0.0000000E+00   0.0000000E+00   0.0000000E+00
   9.5000000E-01   0.0000000E+00   0.0000000E+00   0.0000000E+00   0.0000000E+00   0.0000000E+00   0.0000000E+00
   1.0000000E+00   0.0000000E+00   0.0000000E+00   0.0000000E+00   0.0000000E+00   0.0000000E+00   0.0000000E+00
