   0.0000000E+00   1.1240159E+06   9.3771546E+06   1.0496078E+07   7.1797941E-04   1.6769853E-06   7.5831898E-05
   5.0000000E-02   9.6002262E+04   1.7328790E+05   2.6903552E+05   2.3874890E-03   1.0502835E-05   8.5314976E-04
   1.0000000E-01   6.9455217E+04   6.3534653E+04   1.3295804E+05   1.1392621E-03   1.3337787E-04   5.9488810E-04
   1.5000000E-01   5.4791742E+04   3.6839064E+04   9.1588365E+04   1.2893276E-03   5.8610877E-04   5.5242932E-04
   2.0000000E-01   5.0070145E+04   2.4653101E+04   7.4707330E+04   1.1639091E-03   5.9493277E-04   6.7449141E-04
   2.5000000E-01   4.4601581E+04   1.5851832E+04   6.0427949E+04   9.9261630E-04   2.5007673E-04   6.9627844E-04
   3.0000000E-01   3.9608360E+04   1.1384884E+04   5.0982633E+04   1.8552745E-03   1.8377744E-04   1.4776015E-03
   3.5000000E-01   3.8224470E+04   8.3488136E+03   4.6546000E+04   3.2892863E-03   7.7403874E-05   2.6873459E-03
   4.0000000E-01   3.4472961E+04   6.2627470E+03   4.0735708E+04   2.1174699E-03   9.9935631E-04   1.9455425E-03
   4.5000000E-01   3.1335840E+04   4.2582789E+03   3.5594119E+04   9.8650950E-04   5.1716368E-04   9.2993093E-04
   5.0000000E-01   2.9806538E+04   3.2403946E+03   3.3046932E+04   9.6397478E-04   3.2158873E-04   8.6570176E-04
   5.5000000E-01   2.7814497E+04   2.4654548E+03   3.0274164E+04   2.0546789E-03   4.9681813E-06   1.8877202E-03
   6.0000000E-01   2.5501927E+04   1.8621128E+03   2.7364040E+04   1.1601521E-03   7.7136882E-04   1.0385854E-03
   6.5000000E-01   2.4171963E+04   1.3662840E+03   2.5523556E+04   5.7787134E-04   1.3952956E-03   4.7278237E-04
   7.0000000E-01   2.2199841E+04   1.1140846E+03   2.3309378E+04   1.0239094E-03   2.9870134E-05   9.7376116E-04
   7.5000000E-01   2.0579795E+04   8.8702355E+02   2.1466819E+04   8.2973519E-04   1.1850803E-05   7.9541370E-04
   8.0000000E-01   1.1431304E+04   3.1433101E+02   1.1745635E+04   8.4144653E-04   2.6200841E-06   8.1886114E-04
   8.5000000E-01   5.5311024E+03   1.0859984E+02   5.6397022E+03   2.7359410E-03   2.0816631E-06   2.6832178E-03
   9.0000000E-01   3.2927389E+03   2.8294212E+01   3.3210331E+03   2.7110604E-03   1.4467223E-06   2.6879556E-03
   9.5000000E-01   1.8998074E+03   6.7012608E+00   1.9065087E+03   2.4591817E-03   2.6787674E-06   2.4505425E-03
   1.0000000E+00   6.2247267E+02   0.0000000E+00   6.2247267E+02   9.4745098E-03   0.0000000E+00   9.4745098E-03
