   0.0000000E+00   1.7427084E+07   8.6132109E+06   2.5965938E+07   2.4979779E-03   1.3645596E-05   1.6586995E-03
   5.0000000E-02   8.1086260E+05   4.0654539E+05   1.2158801E+06   1.1565072E-03   3.5086630E-05   7.6094534E-04
   1.0000000E-01   1.6205156E+05   8.9508740E+04   2.5130566E+05   8.1669282E-03   2.6072808E-04   5.2250705E-03
   1.5000000E-01   6.7969771E+04   3.5862914E+04   1.0379024E+05   7.9219350E-03   3.9725303E-04   5.2673929E-03
   2.0000000E-01   3.9343102E+04   2.1310847E+04   6.0622118E+04   6.3375580E-03   4.7603638E-04   4.0280410E-03
   2.5000000E-01   2.5732171E+04   1.3572734E+04   3.9279440E+04   7.4374866E-03   6.8657538E-04   5.0088601E-03
   3.0000000E-01   1.6562724E+04   8.8596252E+03   2.5411739E+04   5.5037860E-03   5.2462591E-04   3.8461271E-03
   3.5000000E-01   1.0677023E+04   5.8750910E+03   1.6543020E+04   6.8410609E-03   1.0095049E-03   4.3466922E-03
   4.0000000E-01   7.5200711E+03   3.7321834E+03   1.1252254E+04   3.5381671E-03   5.0644397E-04   2.5000017E-03
   4.5000000E-01   5.3122383E+03   2.7586857E+03   8.0709240E+03   2.3490410E-03   1.4966962E-04   1.5104109E-03
   5.0000000E-01   3.7624229E+03   2.0117185E+03   5.7741413E+03   2.1222975E-02   7.6947930E-04   1.4095975E-02
   5.5000000E-01   2.4423049E+03   1.3253266E+03   3.7676316E+03   8.9537146E-03   5.8783402E-04   5.6603882E-03
   6.0000000E-01   1.6976527E+03   8.5943669E+02   2.5570894E+03   6.8220228E-03   4.9711378E-06   4.5276330E-03
   6.5000000E-01   1.0479741E+03   5.5336949E+02   1.6013436E+03   1.1161553E-03   2.7658847E-03   2.3201984E-04
   7.0000000E-01   7.5030187E+02   4.1835014E+02   1.1686520E+03   4.1831396E-02   2.3351698E-05   2.6849068E-02
   7.5000000E-01   4.1168079E+02   2.4191551E+02   6.5359630E+02   1.0282116E-02   1.1747251E-05   6.4781912E-03
   8.0000000E-01   3.1035214E+02   1.1936621E+02   4.2971835E+02   2.4983582E-02   4.6110769E-03   1.9097539E-02
   8.5000000E-01   1.9847558E+02   8.6130910E+01   2.8460649E+02   3.3602180E-02   1.1082411E-03   2.3320894E-02
   9.0000000E-01   1.3086073E+02   4.2441318E+01   1.7330205E+02   9.1829717E-02   3.0886805E-05   6.9341550E-02
   9.5000000E-01   6.0311347E+01   2.0103782E+01   8.0415129E+01   8.9074720E-02   1.2443731E-06   6.6805761E-02
   1.0000000E+00   6.2876027E+00   6.2876027E+00   1.2575205E+01   1.8577823E-01   5.8835342E-06   9.2889082E-02
