   0.0000000E+00   2.2628013E+06   9.7957958E+06   1.2045865E+07   5.1966532E-03   5.0038637E-05   1.0149592E-03
   5.0000000E-02   1.2560508E+05   1.5737241E+05   2.8285016E+05   2.5484441E-02   4.1537275E-04   1.1087863E-02
   1.0000000E-01   7.6999161E+04   6.3661977E+04   1.4062931E+05   3.2500127E-02   8.2908063E-05   1.7824001E-02
   1.5000000E-01   5.9672493E+04   3.8006200E+04   9.7615032E+04   2.8230781E-02   8.6945830E-04   1.7571480E-02
   2.0000000E-01   4.6759722E+04   2.4000565E+04   7.0696626E+04   2.9494709E-02   1.7824905E-04   1.9420172E-02
   2.5000000E-01   4.0921919E+04   1.5928227E+04   5.6837413E+04   2.6529137E-02   6.4987487E-04   1.9102718E-02
   3.0000000E-01   3.4632116E+04   1.1278780E+04   4.5900286E+04   2.8830136E-02   5.0729823E-04   2.1873815E-02
   3.5000000E-01   3.0475898E+04   7.8395178E+03   3.8306321E+04   2.2430951E-02   3.5196064E-04   1.7872833E-02
   4.0000000E-01   2.7772538E+04   5.8171132E+03   3.3573735E+04   2.1782323E-02   4.2207143E-04   1.8089016E-02
   4.5000000E-01   2.5556747E+04   4.0248517E+03   2.9574525E+04   1.8611404E-02   5.5162838E-06   1.6082241E-02
   5.0000000E-01   2.2224396E+04   2.8074932E+03   2.5025523E+04   1.4838938E-02   1.1548793E-03   1.3307298E-02
   5.5000000E-01   2.1778184E+04   2.1066327E+03   2.3873241E+04   1.1141647E-02   7.9289628E-05   1.0159331E-02
   6.0000000E-01   2.0170236E+04   1.3740377E+03   2.1538969E+04   7.9129048E-03   2.8323969E-05   7.4117304E-03
   6.5000000E-01   1.8697033E+04   1.1606068E+03   1.9857640E+04   8.4912880E-03   1.0996600E-03   8.0223633E-03
   7.0000000E-01   1.6934086E+04   7.0482903E+02   1.7638915E+04   8.6751109E-03   9.7833550E-06   8.3288534E-03
   7.5000000E-01   1.6089504E+04   5.8993432E+02   1.6679438E+04   5.1812944E-03   7.2649483E-07   4.9980264E-03
   8.0000000E-01   1.5024227E+04   3.2626763E+02   1.5346515E+04   3.5733089E-03   1.0961186E-05   3.4980984E-03
   8.5000000E-01   1.3765966E+04   2.7337202E+02   1.4031849E+04   2.5117043E-03   4.4403572E-05   2.4649431E-03
   9.0000000E-01   1.1300001E+04   2.2281692E+02   1.1522818E+04   3.0816645E-03   1.1292815E-04   3.0218267E-03
   9.5000000E-01   5.8502006E+03   8.3765760E+01   5.9306158E+03   2.1989533E-03   4.4241047E-06   2.1690960E-03
   1.0000000E+00   1.6284891E+03   1.8862808E+01   1.6473519E+03   9.2527606E-04   2.1895151E-06   9.1466107E-04
