   0.0000000E+00   3.2753323E+07   1.7005897E+07   4.9311040E+07   2.0855030E-04   9.9617517E-10   1.3835377E-04
   5.0000000E-02   1.3050705E+04   3.1830989E+03   1.6233804E+04   2.0611958E-01   1.9282482E-06   1.6570436E-01
   1.0000000E-01   4.7109863E+03   7.6394373E+02   5.4749300E+03   2.1510029E-01   1.8239519E-06   1.8508604E-01
   1.5000000E-01   2.5889204E+03   4.0319252E+02   2.9921129E+03   2.1489279E-01   2.0108302E-06   1.8593534E-01
   2.0000000E-01   1.1777466E+03   3.0239439E+02   1.4801410E+03   1.9960942E-01   5.9053457E-06   1.5882779E-01
   2.5000000E-01   9.2946487E+02   1.0185916E+02   1.0313240E+03   1.3944194E-01   3.3953206E-06   1.2566956E-01
   3.0000000E-01   6.6845076E+02   8.4882636E+01   7.5333340E+02   1.0811796E-01   9.9107265E-07   9.5935738E-02
   3.5000000E-01   6.5480891E+02   2.7283705E+01   6.8209261E+02   7.6735885E-02   2.5881649E-06   7.3666346E-02
   4.0000000E-01   5.8887329E+02   7.9577472E+00   5.9683104E+02   5.4256540E-02   1.8535602E-05   5.3532872E-02
   4.5000000E-01   4.6685450E+02   1.4147106E+01   4.8100161E+02   2.8613277E-02   3.8595844E-05   2.7772845E-02
   5.0000000E-01   4.0107046E+02   0.0000000E+00   4.0107046E+02   1.5338753E-05   0.0000000E+00   1.5338753E-05
   5.5000000E-01   3.3567224E+02   5.7874525E+00   3.4145970E+02   1.2493518E-02   2.9307813E-05   1.2282260E-02
   6.0000000E-01   2.3342725E+02   0.0000000E+00   2.3342725E+02   9.7342709E-03   0.0000000E+00   9.7342709E-03
   6.5000000E-01   2.8403036E+02   0.0000000E+00   2.8403036E+02   3.8202016E-05   0.0000000E+00   3.8202016E-05
   7.0000000E-01   1.4551309E+02   0.0000000E+00   1.4551309E+02   6.6184692E-06   0.0000000E+00   6.6184692E-06
   7.5000000E-01   1.2307982E+02   0.0000000E+00   1.2307982E+02   4.9665938E-06   0.0000000E+00   4.9665938E-06
   8.0000000E-01   9.5492966E+01   0.0000000E+00   9.5492966E+01   2.1968794E-05   0.0000000E+00   2.1968794E-05
   8.5000000E-01   4.8682688E+01   0.0000000E+00   4.8682688E+01   1.6331757E-03   0.0000000E+00   1.6331757E-03
   9.0000000E-01   2.4757436E+01   0.0000000E+00   2.4757436E+01   2.3513396E-07   0.0000000E+00   2.3513396E-07
   9.5000000E-01   1.6753152E+01   0.0000000E+00   1.6753152E+01   1.7067466E-05   0.0000000E+00   1.7067466E-05
   1.0000000E+00   0.0000000E+00   0.0000000E+00   0.0000000E+00   0.0000000E+00   0.0000000E+00   0.0000000E+00
