   0.0000000E+00   3.2594932E+04   1.1173950E+07   1.1206545E+07   1.2718867E-02   3.8411175E-05   8.0272098E-06
   5.0000000E-02   2.6547045E+04   2.9972059E+05   3.2626763E+05   4.7688643E-03   6.8558599E-04   6.4795176E-04
   1.0000000E-01   2.5178312E+04   9.1832402E+04   1.1701071E+05   1.5839650E-03   6.0608651E-04   2.8081857E-04
   1.5000000E-01   2.5040378E+04   3.8133524E+04   6.3173902E+04   7.6534394E-04   1.0789103E-03   6.1058329E-04
   2.0000000E-01   2.5878594E+04   1.6424790E+04   4.2303384E+04   8.5329560E-04   6.8234271E-04   3.3289758E-04
   2.5000000E-01   2.6432453E+04   7.7412964E+03   3.4173749E+04   3.9788621E-04   1.9318108E-03   3.8862918E-04
   3.0000000E-01   2.6674368E+04   3.0663852E+03   2.9740754E+04   9.8043323E-04   7.3880256E-03   9.5827867E-04
   3.5000000E-01   2.7902135E+04   1.2186721E+03   2.9120807E+04   6.6667197E-04   6.8339662E-03   8.4873998E-04
   4.0000000E-01   2.8544439E+04   4.2176060E+02   2.8966200E+04   4.4612102E-04   1.9972044E-03   4.5282087E-04
   4.5000000E-01   3.2319064E+04   1.4854461E+02   3.2467608E+04   2.5126578E-04   9.9766128E-03   2.2000982E-04
   5.0000000E-01   3.3206087E+04   4.4563384E+01   3.3250651E+04   2.3215485E-04   2.1174362E-01   2.7944761E-04
   5.5000000E-01   3.5482871E+04   1.1574905E+01   3.5500233E+04   3.8377256E-05   1.7960081E-06   3.8358919E-05
   6.0000000E-01   3.7422632E+04   1.0610330E+01   3.7433243E+04   3.0169341E-05   3.9239833E-06   3.0159791E-05
   6.5000000E-01   3.7883774E+04   4.8970752E+00   3.7888671E+04   1.4244659E-04   2.7691177E-01   1.5779639E-04
   7.0000000E-01   3.9347649E+04   4.5472841E+00   3.9352197E+04   6.2853360E-05   3.2145491E-05   6.2842419E-05
   7.5000000E-01   3.5073505E+04   4.2441318E+00   3.5086238E+04   1.0491218E-04   5.9950512E-01   6.9236795E-05
   8.0000000E-01   8.0611979E+03   3.9788736E+00   8.0651767E+03   1.6632051E-04   7.5757878E-01   3.3633831E-04
   8.5000000E-01   3.3029332E+03   3.7448222E+00   3.3066780E+03   3.4359530E-04   7.0159144E-01   7.8642425E-04
   9.0000000E-01   1.5102036E+03   0.0000000E+00   1.5102036E+03   1.0762368E-03   0.0000000E+00   1.0762368E-03
   9.5000000E-01   5.9306158E+02   0.0000000E+00   5.9306158E+02   4.0350914E-03   0.0000000E+00   4.0350914E-03
   1.0000000E+00   8.8026438E+01   0.0000000E+00   8.8026438E+01   4.8905826E-02   0.0000000E+00   4.8905826E-02
