   0.0000000E+00   3.2995239E+07   1.6631564E+07   4.9238210E+07   2.0931544E-04   3.5441381E-07   1.3518794E-04
   5.0000000E-02   1.3623663E+04   2.9921129E+03   1.6615776E+04   1.9613947E-01   2.8064003E-03   1.6132468E-01
   1.0000000E-01   5.6659160E+03   1.2732395E+03   6.9391555E+03   2.1697251E-01   1.5547216E-06   1.7716076E-01
   1.5000000E-01   2.7374650E+03   8.9126768E+02   3.6287327E+03   2.0662641E-01   1.6090453E-06   1.5587646E-01
   2.0000000E-01   2.1804227E+03   6.0478878E+02   2.7852115E+03   2.4816654E-01   3.6391075E-05   1.9427105E-01
   2.5000000E-01   1.6806762E+03   3.0557749E+02   1.9862537E+03   2.5059304E-01   4.4832482E-07   2.1204022E-01
   3.0000000E-01   1.0292020E+03   1.4854461E+02   1.1777466E+03   2.2484941E-01   4.7856086E-06   1.9649062E-01
   3.5000000E-01   7.4575459E+02   1.5460766E+02   9.0036225E+02   2.6523524E-01   2.4733889E-06   2.1969022E-01
   4.0000000E-01   6.0478878E+02   1.2732395E+02   7.3211274E+02   2.5465398E-01   5.0830580E-06   2.1036545E-01
   4.5000000E-01   5.0222226E+02   9.9029742E+01   6.0125201E+02   2.6399669E-01   5.0456590E-06   2.2051405E-01
   5.0000000E-01   3.2467608E+02   4.4563384E+01   3.6923947E+02   1.9996622E-01   1.9738847E-05   1.7583474E-01
   5.5000000E-01   2.6043536E+02   3.4724715E+01   2.9516008E+02   1.5931016E-01   2.7922997E-07   1.4056782E-01
   6.0000000E-01   2.4403758E+02   4.7746483E+01   2.9178406E+02   1.6603145E-01   3.2444013E-06   1.3886214E-01
   6.5000000E-01   1.8119178E+02   1.4691226E+01   1.9588301E+02   7.4499246E-02   1.5691235E-05   6.8910627E-02
   7.0000000E-01   1.3641852E+02   9.0945682E+00   1.4551309E+02   1.0038198E-01   7.4626076E-06   9.4108572E-02
   7.5000000E-01   1.4430048E+02   4.2441318E+00   1.4854461E+02   7.0220667E-02   7.0981792E-05   6.8212335E-02
   8.0000000E-01   1.1140846E+02   0.0000000E+00   1.1140846E+02   6.7329825E-02   0.0000000E+00   6.7329825E-02
   8.5000000E-01   6.7406799E+01   3.7448222E+00   7.1151622E+01   6.5343269E-02   7.9870590E-06   6.1903729E-02
   9.0000000E-01   8.4882636E+01   0.0000000E+00   8.4882636E+01   5.2745686E-02   0.0000000E+00   5.2745686E-02
   9.5000000E-01   5.3610086E+01   0.0000000E+00   5.3610086E+01   5.2172775E-02   0.0000000E+00   5.2172775E-02
   1.0000000E+00   1.2575205E+01   0.0000000E+00   1.2575205E+01   7.3766162E-06   0.0000000E+00   7.3766162E-06
