   0.0000000E+00   2.5382285E+07   1.3295677E+07   3.8635690E+07   4.8984730E-04   8.8286087E-05   2.9912769E-04
   5.0000000E-02   2.5356566E+05   1.2426818E+05   3.7770651E+05   4.2916231E-03   1.1794736E-03   3.2007992E-03
   1.0000000E-01   5.4526484E+04   2.6706199E+04   8.1232683E+04   1.2999687E-02   5.2844509E-03   1.0266611E-02
   1.5000000E-01   2.3512490E+04   1.1034743E+04   3.4547233E+04   1.2323331E-02   3.4290547E-03   8.4596567E-03
   2.0000000E-01   1.4705917E+04   6.8118316E+03   2.1517748E+04   7.9532545E-03   1.0050775E-02   8.1029407E-03
   2.5000000E-01   1.1089916E+04   4.9019722E+03   1.5991889E+04   1.6088138E-02   9.2123302E-03   1.3761716E-02
   3.0000000E-01   8.9975594E+03   3.9470426E+03   1.2944602E+04   1.4795525E-02   2.5185542E-03   1.0259598E-02
   3.5000000E-01   7.3575057E+03   2.8647890E+03   1.0222295E+04   3.8642051E-03   4.4453172E-03   2.4087326E-03
   4.0000000E-01   6.1672540E+03   2.7852115E+03   8.9524655E+03   3.2379371E-03   7.3405382E-03   2.7281208E-03
   4.5000000E-01   5.1495466E+03   2.2352428E+03   7.3847894E+03   1.8512612E-02   8.8777277E-04   1.3054260E-02
   5.0000000E-01   4.7109863E+03   1.7825354E+03   6.4935217E+03   1.1533356E-02   4.8365883E-03   8.6566083E-03
   5.5000000E-01   3.8023563E+03   1.5163125E+03   5.3186688E+03   9.4381984E-03   3.0790826E-03   7.3879940E-03
   6.0000000E-01   3.4059158E+03   1.4058687E+03   4.8117844E+03   1.9279058E-02   5.5294641E-03   1.4165736E-02
   6.5000000E-01   2.8794802E+03   1.0773565E+03   3.9568367E+03   5.7589426E-03   4.3355882E-03   5.0529666E-03
   7.0000000E-01   2.4191551E+03   9.5947694E+02   3.3786321E+03   1.4881623E-02   1.3189798E-02   1.1482416E-02
   7.5000000E-01   1.9692772E+03   7.0452588E+02   2.6738030E+03   1.7296009E-02   9.6885304E-03   1.5258631E-02
   8.0000000E-01   1.7148945E+03   5.6897892E+02   2.2838734E+03   1.3680933E-02   1.1024019E-02   1.2798395E-02
   8.5000000E-01   1.2283017E+03   4.7933724E+02   1.7076389E+03   2.0228690E-02   9.7821174E-03   1.7267808E-02
   9.0000000E-01   1.0292020E+03   4.1380285E+02   1.4430048E+03   1.3794255E-02   6.2144075E-03   1.1519421E-02
   9.5000000E-01   5.4615275E+02   2.2449224E+02   7.7064499E+02   3.9934413E-02   1.7256935E-02   3.3316656E-02
   1.0000000E+00   1.7605288E+02   6.9163630E+01   2.4521650E+02   3.2887597E-02   2.7903066E-02   3.0140439E-02
