   0.0000000E+00   7.5671173E+06   9.5167017E+06   1.7034417E+07   1.2088795E-03   2.1864696E-04   6.4478603E-04
   5.0000000E-02   1.3865579E+05   9.4219726E+04   2.3274819E+05   7.6757379E-03   1.5643800E-03   5.0498532E-03
   1.0000000E-01   7.8336063E+04   4.4340567E+04   1.2261297E+05   8.4947672E-03   4.2520791E-03   6.6596358E-03
   1.5000000E-01   5.7996061E+04   2.4615965E+04   8.2548364E+04   1.3151617E-02   2.8080974E-03   1.0031029E-02
   2.0000000E-01   4.5024933E+04   1.8000424E+04   6.2993526E+04   1.6598833E-02   3.2230923E-03   1.2853424E-02
   2.5000000E-01   3.8337243E+04   1.4145691E+04   5.2432004E+04   1.5521433E-02   3.7126931E-03   1.2317535E-02
   3.0000000E-01   3.2329674E+04   1.0652771E+04   4.2961224E+04   1.6794089E-02   3.1823642E-03   1.3309620E-02
   3.5000000E-01   2.8411431E+04   8.4579484E+03   3.6878474E+04   1.9434423E-02   4.7278753E-03   1.6043276E-02
   4.0000000E-01   2.5377256E+04   7.1858457E+03   3.2547186E+04   1.9183744E-02   9.1399150E-03   1.6972692E-02
   4.5000000E-01   2.2500972E+04   5.6800631E+03   2.8166888E+04   2.0344631E-02   7.8690390E-03   1.7816397E-02
   5.0000000E-01   1.9684283E+04   4.4754370E+03   2.4153354E+04   1.9893154E-02   7.3111314E-03   1.7465953E-02
   5.5000000E-01   1.8143664E+04   3.8139312E+03   2.1951807E+04   1.9732932E-02   6.1844321E-03   1.7362285E-02
   6.0000000E-01   1.6541504E+04   3.1247420E+03   1.9655635E+04   1.9738599E-02   1.0902273E-02   1.8274056E-02
   6.5000000E-01   1.4779373E+04   2.6101411E+03   1.7379720E+04   1.6435409E-02   5.8699569E-03   1.4844824E-02
   7.0000000E-01   1.4010182E+04   2.4055133E+03   1.6415696E+04   1.4283989E-02   3.9352729E-03   1.2727524E-02
   7.5000000E-01   1.2358912E+04   2.0159626E+03   1.4366386E+04   1.6881034E-02   4.3898934E-03   1.5035238E-02
   8.0000000E-01   1.1598416E+04   1.7188734E+03   1.3313311E+04   1.7034208E-02   6.9140902E-03   1.5690150E-02
   8.5000000E-01   9.1860488E+03   1.3855842E+03   1.0567888E+04   1.3640801E-02   5.8222867E-03   1.2619698E-02
   9.0000000E-01   5.2415028E+03   6.5784043E+02   5.8958064E+03   2.5218832E-02   1.0784363E-02   2.3619153E-02
   9.5000000E-01   2.5330766E+03   2.5129728E+02   2.7843738E+03   3.6220566E-02   9.0767148E-03   3.3709251E-02
   1.0000000E+00   9.7457842E+02   5.0300822E+01   1.0248792E+03   4.7144913E-02   1.1994872E-06   4.4831055E-02
