   0.0000000E+00   8.0626621E+06   9.6180515E+06   1.7602791E+07   8.5707541E-04   1.6776092E-04   4.7174243E-04
   5.0000000E-02   1.4387607E+05   9.4856346E+04   2.3866875E+05   1.0033629E-02   3.2597838E-03   7.2153929E-03
   1.0000000E-01   7.4516344E+04   4.1475778E+04   1.1589663E+05   1.0481611E-02   3.8504799E-03   8.0331698E-03
   1.5000000E-01   5.6149864E+04   2.6398500E+04   8.2548364E+04   8.7238339E-03   2.1817205E-03   6.6176074E-03
   2.0000000E-01   4.6600567E+04   1.7825354E+04   6.4394090E+04   1.2885201E-02   6.0666148E-03   1.0992691E-02
   2.5000000E-01   3.7089468E+04   1.3852846E+04   5.0929582E+04   1.4636126E-02   6.9894495E-03   1.2529111E-02
   3.0000000E-01   3.2212960E+04   1.0546668E+04   4.2759628E+04   1.4065811E-02   1.0674120E-02   1.3202818E-02
   3.5000000E-01   2.8502377E+04   7.9395580E+03   3.6423746E+04   1.6804592E-02   8.3599761E-03   1.4968857E-02
   4.0000000E-01   2.5218101E+04   6.8118316E+03   3.2045848E+04   1.8959674E-02   2.6863247E-03   1.5375503E-02
   4.5000000E-01   2.2974900E+04   5.3193119E+03   2.8294212E+04   1.8405697E-02   9.8553913E-03   1.6781654E-02
   5.0000000E-01   1.9569692E+04   4.5836624E+03   2.4153354E+04   2.0109719E-02   6.0193277E-03   1.7435014E-02
   5.5000000E-01   1.8444611E+04   3.9354677E+03   2.2368504E+04   1.5319769E-02   7.5236409E-03   1.3951095E-02
   6.0000000E-01   1.6944696E+04   3.2361505E+03   2.0170236E+04   2.0083759E-02   6.3590307E-03   1.7886107E-02
   6.5000000E-01   1.4985050E+04   2.6003469E+03   1.7585397E+04   1.7985671E-02   1.2347053E-02   1.7141517E-02
   7.0000000E-01   1.3773724E+04   2.4146079E+03   1.6188331E+04   1.4258168E-02   6.7187690E-03   1.3070119E-02
   7.5000000E-01   1.2490480E+04   2.0286950E+03   1.4506443E+04   1.7363520E-02   6.3107536E-03   1.5754146E-02
   8.0000000E-01   1.0567888E+04   1.8064086E+03   1.2374297E+04   1.5579754E-02   4.9666936E-03   1.4013483E-02
   8.5000000E-01   7.7293130E+03   1.2058327E+03   8.9351457E+03   2.4900381E-02   5.5569719E-03   2.1950455E-02
   9.0000000E-01   4.1557124E+03   4.6685450E+02   4.6225669E+03   3.0939778E-02   1.6930312E-02   2.9370397E-02
   9.5000000E-01   2.3320387E+03   1.8763530E+02   2.5196740E+03   3.2341854E-02   8.6722905E-03   3.0576596E-02
   1.0000000E+00   7.9852554E+02   8.8026438E+01   8.8655198E+02   6.0448077E-02   5.7506162E-05   5.4451239E-02
