   0.0000000E+00   3.6160003E+04   1.4860233E+07   1.4891810E+07   1.2204310E-02   5.1217175E-06   3.4628457E-05
   5.0000000E-02   2.4700847E+04   2.6559777E+05   2.9029862E+05   1.6961640E-03   1.5453618E-04   2.2236770E-04
   1.0000000E-01   2.3841410E+04   3.8197186E+02   2.4223382E+04   4.0899827E-06   6.1973455E-03   1.0173964E-04
   1.5000000E-01   2.3533711E+04   2.1220659E+01   2.3554932E+04   3.1143184E-05   3.4457644E-01   3.1107634E-04
   2.0000000E-01   2.4764509E+04   0.0000000E+00   2.4764509E+04   3.0803419E-06   0.0000000E+00   3.0803419E-06
   2.5000000E-01   2.5261073E+04   0.0000000E+00   2.5261073E+04   5.6780852E-05   0.0000000E+00   5.6780727E-05
   3.0000000E-01   2.5645166E+04   0.0000000E+00   2.5645166E+04   4.0865876E-05   0.0000000E+00   4.0865876E-05
   3.5000000E-01   2.6929016E+04   9.0945682E+00   2.6938111E+04   4.6737758E-05   5.4966734E-01   2.0534286E-04
   4.0000000E-01   2.7891904E+04   0.0000000E+00   2.7891904E+04   6.4874229E-06   0.0000000E+00   6.4874229E-06
   4.5000000E-01   3.0890206E+04   0.0000000E+00   3.0883133E+04   2.2890209E-05   0.0000000E+00   2.2895173E-05
   5.0000000E-01   3.3829975E+04   0.0000000E+00   3.3823609E+04   2.2021576E-05   0.0000000E+00   2.2018284E-05
   5.5000000E-01   3.9603537E+04   0.0000000E+00   3.9603537E+04   1.0116861E-04   0.0000000E+00   1.0116277E-04
   6.0000000E-01   5.1932258E+04   0.0000000E+00   5.1921648E+04   4.5533815E-05   0.0000000E+00   4.5543960E-05
   6.5000000E-01   8.3005424E+04   0.0000000E+00   8.3000527E+04   3.7500566E-05   0.0000000E+00   3.7502551E-05
   7.0000000E-01   3.7860687E+04   0.0000000E+00   3.7860687E+04   1.4811662E-05   0.0000000E+00   1.4811662E-05
   7.5000000E-01   5.8993432E+02   0.0000000E+00   5.8993432E+02   1.7441726E-03   0.0000000E+00   1.7441726E-03
   8.0000000E-01   1.1936621E+01   0.0000000E+00   1.1936621E+01   7.0868523E-02   0.0000000E+00   7.0868523E-02
   8.5000000E-01   3.7448222E+00   0.0000000E+00   3.7448222E+00   2.5648862E-01   0.0000000E+00   2.5648862E-01
   9.0000000E-01   0.0000000E+00   0.0000000E+00   0.0000000E+00   0.0000000E+00   0.0000000E+00   0.0000000E+00
   9.5000000E-01   0.0000000E+00   0.0000000E+00   0.0000000E+00   0.0000000E+00   0.0000000E+00   0.0000000E+00
   1.0000000E+00   0.0000000E+00   0.0000000E+00   0.0000000E+00   0.0000000E+00   0.0000000E+00   0.0000000E+00
