   0.0000000E+00   3.2640769E+07   1.6763981E+07   4.8937217E+07   7.1277782E-05   6.8986019E-05   7.1135686E-05
   5.0000000E-02   8.4670430E+03   2.8011270E+03   1.1268170E+04   1.2565725E-01   8.5835153E-02   1.1572239E-01
   1.0000000E-01   3.3422538E+03   1.1140846E+03   4.4563384E+03   1.1286457E-01   9.3498139E-02   1.0802104E-01
   1.5000000E-01   2.4403758E+03   7.4272307E+02   3.1830989E+03   1.3507127E-01   1.1105168E-01   1.2946277E-01
   2.0000000E-01   1.8939438E+03   7.3211274E+02   2.6260566E+03   1.4349575E-01   1.0011270E-01   1.3101657E-01
   2.5000000E-01   1.5660846E+03   3.1830989E+02   1.8843945E+03   1.7052941E-01   1.1727172E-01   1.6153125E-01
   3.0000000E-01   1.1883569E+03   3.0769956E+02   1.4960565E+03   1.3003781E-01   8.6917919E-02   1.2115976E-01
   3.5000000E-01   9.5492966E+02   2.7283705E+02   1.2277667E+03   1.5960535E-01   1.1545148E-01   1.4979134E-01
   4.0000000E-01   5.4908455E+02   1.7507044E+02   7.2415499E+02   1.5572493E-01   1.0091759E-01   1.4245588E-01
   4.5000000E-01   6.0125201E+02   1.7683883E+02   7.7809083E+02   1.5781193E-01   1.4885175E-01   1.5576258E-01
   5.0000000E-01   4.8383103E+02   1.4005635E+02   6.2388738E+02   2.0193923E-01   5.3591958E-02   1.6863368E-01
   5.5000000E-01   3.6460951E+02   1.2153650E+02   4.8614601E+02   1.7368705E-01   1.3887171E-01   1.6496858E-01
   6.0000000E-01   3.2361505E+02   6.3661977E+01   3.8727703E+02   1.4932006E-01   1.2376041E-01   1.4511847E-01
   6.5000000E-01   3.3300111E+02   8.3250278E+01   4.1625139E+02   1.9022110E-01   1.0718220E-01   1.7361324E-01
   7.0000000E-01   2.1372235E+02   9.0945682E+01   3.0466803E+02   1.5735512E-01   1.1439561E-01   1.4448636E-01
   7.5000000E-01   2.1645072E+02   5.9417845E+01   2.7586857E+02   1.4553656E-01   3.0382312E-02   1.2073410E-01
   8.0000000E-01   1.7507044E+02   3.1830989E+01   2.0690143E+02   1.5205896E-01   1.6681040E-01   1.5431097E-01
   8.5000000E-01   1.5353771E+02   1.1234467E+01   1.6477218E+02   2.2818214E-01   1.1455882E-01   2.2043510E-01
   9.0000000E-01   1.4147106E+02   2.1220659E+01   1.6269172E+02   1.7338120E-01   5.6781024E-02   1.5817248E-01
   9.5000000E-01   6.3661977E+01   3.3506304E+00   6.7012608E+01   1.5188827E-01   7.8354020E-05   1.4428994E-01
   1.0000000E+00   1.2575205E+01   0.0000000E+00   1.2575205E+01   1.5757621E-06   0.0000000E+00   1.5757621E-06
