   0.0000000E+00   3.2019428E+07   1.6470627E+07   4.7777550E+07   4.5573122E-04   6.0565094E-08   3.0054276E-04
   5.0000000E-02   3.0939721E+04   8.3397190E+03   3.9279440E+04   1.9046278E-01   1.5316188E-05   1.5002091E-01
   1.0000000E-01   1.2223100E+04   2.8011270E+03   1.5024227E+04   2.1622367E-01   7.7034809E-06   1.7591222E-01
   1.5000000E-01   8.0638504E+03   1.7188734E+03   9.7827238E+03   2.4797378E-01   2.2832148E-06   2.0440395E-01
   2.0000000E-01   4.6473243E+03   1.0185916E+03   5.6659160E+03   2.4282867E-01   5.0037176E-05   1.9916508E-01
   2.5000000E-01   3.0557749E+03   7.6394373E+02   3.8197186E+03   2.4538722E-01   5.7480793E-06   1.9631092E-01
   3.0000000E-01   1.8886387E+03   7.4272307E+02   2.6313617E+03   2.6753139E-01   1.3133546E-04   1.9198143E-01
   3.5000000E-01   1.5460766E+03   3.5468816E+02   1.9007647E+03   2.8007623E-01   1.2679360E-06   2.2781344E-01
   4.0000000E-01   1.0265494E+03   2.3873241E+02   1.2652818E+03   2.8958003E-01   8.1307482E-06   2.3494075E-01
   4.5000000E-01   7.2150241E+02   2.1220659E+02   9.3370900E+02   3.1241649E-01   3.0310833E-06   2.4141205E-01
   5.0000000E-01   4.6473243E+02   1.3369015E+02   5.9842259E+02   3.0920362E-01   6.3760176E-06   2.4012763E-01
   5.5000000E-01   2.8937262E+02   6.3661977E+01   3.5303460E+02   3.1758007E-01   6.6094435E-06   2.6031273E-01
   6.0000000E-01   2.3342725E+02   6.8967142E+01   3.0239439E+02   3.4640851E-01   5.3155472E-06   2.6740186E-01
   6.5000000E-01   1.7629471E+02   2.9382451E+01   2.0567716E+02   3.2888867E-01   2.8179157E-05   2.8190859E-01
   7.0000000E-01   1.3187124E+02   1.8189136E+01   1.5006037E+02   2.7542097E-01   3.9068270E-06   2.4203709E-01
   7.5000000E-01   1.0185916E+02   3.8197186E+01   1.4005635E+02   3.4928150E-01   9.1239879E-06   2.5402540E-01
   8.0000000E-01   5.9683104E+01   1.9894368E+01   7.9577472E+01   2.7825192E-01   5.3969473E-06   2.0869029E-01
   8.5000000E-01   4.4937866E+01   0.0000000E+00   4.4937866E+01   2.0954072E-01   0.0000000E+00   2.0954072E-01
   9.0000000E-01   3.8904542E+01   1.0610330E+01   4.9514871E+01   2.8006404E-01   7.3702837E-07   2.2005016E-01
   9.5000000E-01   2.6805043E+01   0.0000000E+00   2.6805043E+01   1.0141267E-01   0.0000000E+00   1.0141267E-01
   1.0000000E+00   0.0000000E+00   0.0000000E+00   0.0000000E+00   0.0000000E+00   0.0000000E+00   0.0000000E+00
