   0.0000000E+00   4.0998313E+05   9.7000481E+06   1.0109522E+07   9.5562033E-04   2.2740725E-05   3.6199792E-05
   5.0000000E-02   7.5312119E+04   1.8703889E+05   2.6235101E+05   3.3498034E-03   3.1052754E-04   1.1403518E-03
   1.0000000E-01   5.8409864E+04   7.2415499E+04   1.3079353E+05   2.3882341E-03   1.3855030E-04   1.0722317E-03
   1.5000000E-01   5.0483948E+04   4.1571271E+04   9.2033998E+04   5.9769603E-04   1.7417397E-04   2.5016326E-04
   2.0000000E-01   4.5279581E+04   2.5162397E+04   7.0426062E+04   1.5450049E-03   1.3061130E-04   9.4777956E-04
   2.5000000E-01   4.2615328E+04   1.6704903E+04   5.9320230E+04   1.2995442E-03   8.5682210E-04   9.7807584E-04
   3.0000000E-01   4.0329863E+04   1.0822536E+04   5.1131178E+04   8.5446356E-04   7.1486469E-04   7.4709179E-04
   3.5000000E-01   3.7542377E+04   7.6667210E+03   4.5200004E+04   1.4199998E-03   3.2756619E-04   1.2239270E-03
   4.0000000E-01   3.5905355E+04   4.9974652E+03   4.0902820E+04   5.6759510E-04   1.2874393E-03   3.7374459E-04
   4.5000000E-01   3.3273993E+04   3.6358063E+03   3.6909800E+04   1.1978963E-03   5.1869327E-04   1.1150620E-03
   5.0000000E-01   3.2333918E+04   2.3300284E+03   3.4657580E+04   1.0265336E-03   1.7547711E-03   1.0623275E-03
   5.5000000E-01   3.0314676E+04   1.6609989E+03   3.1975675E+04   2.7464421E-04   1.5539071E-04   2.6637788E-04
   6.0000000E-01   2.8563007E+04   1.0451175E+03   2.9608125E+04   1.2741284E-03   7.2920919E-04   1.2503423E-03
   6.5000000E-01   2.7075929E+04   6.8559052E+02   2.7756622E+04   1.9449805E-04   5.9646855E-05   1.8915107E-04
   7.0000000E-01   2.5505716E+04   4.9565397E+02   2.6001370E+04   3.3837843E-04   5.5881508E-06   3.3202762E-04
   7.5000000E-01   2.3474293E+04   3.1830989E+02   2.3796847E+04   1.5362949E-04   1.1343663E-03   1.4104760E-04
   8.0000000E-01   8.8052472E+03   6.3661977E+01   8.8689092E+03   1.1145649E-03   1.3798144E-05   1.1066235E-03
   8.5000000E-01   4.5424693E+03   1.8724111E+01   4.5611934E+03   2.1525058E-03   1.1219877E-01   2.3974504E-03
   9.0000000E-01   2.9461348E+03   7.0735530E+00   2.9532084E+03   1.9138047E-03   3.3013425E-07   1.9092206E-03
   9.5000000E-01   1.4307192E+03   3.3506304E+00   1.4340698E+03   2.6037771E-03   1.9347631E-06   2.5976895E-03
   1.0000000E+00   3.8354376E+02   0.0000000E+00   3.8354376E+02   5.2628733E-03   0.0000000E+00   5.2628733E-03
