   0.0000000E+00   1.4831204E+07   1.0073362E+07   2.4800669E+07   7.6314205E-02   1.4201396E-06   4.5467167E-02
   5.0000000E-02   1.7511500E+06   6.5024344E+05   2.3939450E+06   1.0106030E-01   1.0630152E-05   7.3813996E-02
   1.0000000E-01   2.3866875E+05   8.3238035E+04   3.2165214E+05   7.9608059E-02   2.1593550E-05   5.8966379E-02
   1.5000000E-01   3.6435872E+04   1.1607701E+04   4.8022351E+04   6.5921735E-02   2.5664356E-06   5.0010669E-02
   2.0000000E-01   5.8091554E+03   1.8461973E+03   7.6553528E+03   7.1371201E-02   2.0711062E-04   5.4193630E-02
   2.5000000E-01   1.1586480E+03   1.7825354E+02   1.3369015E+03   4.0952745E-02   3.2838967E-06   3.5492198E-02
   3.0000000E-01   1.1671362E+02   4.2441318E+01   1.5915494E+02   9.0399191E-02   1.9449027E-02   7.0887657E-02
   3.5000000E-01   2.7283705E+01   0.0000000E+00   2.7283705E+01   4.8961016E-02   0.0000000E+00   4.8961016E-02
   4.0000000E-01   0.0000000E+00   0.0000000E+00   0.0000000E+00   0.0000000E+00   0.0000000E+00   0.0000000E+00
   4.5000000E-01   0.0000000E+00   0.0000000E+00   0.0000000E+00   0.0000000E+00   0.0000000E+00   0.0000000E+00
   5.0000000E-01   6.3661977E+00   0.0000000E+00   6.3661977E+00   1.5800819E-01   0.0000000E+00   1.5800819E-01
   5.5000000E-01   0.0000000E+00   5.7874525E+00   5.7874525E+00   0.0000000E+00   1.9289697E-01   1.9289697E-01
   6.0000000E-01   5.3051648E+00   0.0000000E+00   5.3051648E+00   7.5983329E-02   0.0000000E+00   7.5983329E-02
   6.5000000E-01   0.0000000E+00   0.0000000E+00   0.0000000E+00   0.0000000E+00   0.0000000E+00   0.0000000E+00
   7.0000000E-01   0.0000000E+00   0.0000000E+00   0.0000000E+00   0.0000000E+00   0.0000000E+00   0.0000000E+00
   7.5000000E-01   4.2441318E+00   0.0000000E+00   4.2441318E+00   1.2136954E-02   0.0000000E+00   1.2136954E-02
   8.0000000E-01   3.9788736E+00   0.0000000E+00   3.9788736E+00   6.7056933E-02   0.0000000E+00   6.7056933E-02
   8.5000000E-01   0.0000000E+00   0.0000000E+00   0.0000000E+00   0.0000000E+00   0.0000000E+00   0.0000000E+00
   9.0000000E-01   0.0000000E+00   0.0000000E+00   0.0000000E+00   0.0000000E+00   0.0000000E+00   0.0000000E+00
   9.5000000E-01   0.0000000E+00   0.0000000E+00   0.0000000E+00   0.0000000E+00   0.0000000E+00   0.0000000E+00
   1.0000000E+00   0.0000000E+00   0.0000000E+00   0.0000000E+00   0.0000000E+00   0.0000000E+00   0.0000000E+00
