   0.0000000E+00   1.3598198E+05   9.6190701E+06   9.7514870E+06   1.0152565E-02   1.1884053E-05   1.2468129E-04
   5.0000000E-02   6.1561132E+04   2.2574537E+05   2.8711552E+05   7.4407762E-03   1.1820940E-04   1.4585754E-03
   1.0000000E-01   5.2202821E+04   7.9450148E+04   1.3155748E+05   8.0608854E-03   2.0060673E-04   3.1548046E-03
   1.5000000E-01   4.6345919E+04   4.1719816E+04   8.7980853E+04   1.6034417E-03   2.4775395E-05   7.8629800E-04
   2.0000000E-01   3.9327186E+04   2.4127889E+04   6.3455076E+04   6.4202088E-03   6.0598012E-05   3.9975018E-03
   2.5000000E-01   3.5930820E+04   1.5928227E+04   5.1820849E+04   1.9643304E-03   2.2100617E-05   1.3712048E-03
   3.0000000E-01   3.1629392E+04   1.0589109E+04   4.2207891E+04   2.5163217E-03   3.5714453E-04   1.9370249E-03
   3.5000000E-01   2.9520968E+04   6.5480891E+03   3.6069057E+04   1.5733452E-03   7.4353925E-04   1.2416692E-03
   4.0000000E-01   2.8361411E+04   4.7109863E+03   3.3064439E+04   9.4769273E-04   1.2956746E-04   7.9918362E-04
   4.5000000E-01   2.6179220E+04   2.7303915E+03   2.8916685E+04   2.5110017E-03   4.6164014E-04   2.2964249E-03
   5.0000000E-01   2.5706706E+04   1.6743100E+03   2.7381016E+04   9.1828418E-04   1.9164269E-06   8.6220661E-04
   5.5000000E-01   2.4561948E+04   1.1632779E+03   2.5725226E+04   9.1460097E-04   4.5430807E-05   8.7272345E-04
   6.0000000E-01   2.3061551E+04   7.9046955E+02   2.3846716E+04   5.7004722E-04   1.0387904E-06   5.5124961E-04
   6.5000000E-01   2.3055430E+04   4.2604554E+02   2.3486373E+04   8.8419516E-04   5.7977879E-06   8.6803927E-04
   7.0000000E-01   2.2931954E+04   3.2285717E+02   2.3254811E+04   7.6846594E-04   4.5838917E-06   7.5779787E-04
   7.5000000E-01   2.1021185E+04   1.7400940E+02   2.1195194E+04   2.0360453E-04   1.1810290E-03   2.1156838E-04
   8.0000000E-01   1.9997819E+04   1.3528170E+02   2.0133100E+04   5.5425197E-04   6.6623355E-07   5.5053225E-04
   8.5000000E-01   2.0296936E+04   8.9875733E+01   2.0390557E+04   1.3400240E-04   5.7827148E-06   1.3337325E-04
   9.0000000E-01   1.3446824E+04   1.7683883E+01   1.3460971E+04   1.5143037E-04   7.5388853E-07   1.5126941E-04
   9.5000000E-01   3.6957453E+03   6.7012608E+00   3.7024466E+03   5.7071042E-04   1.2699922E-04   5.6965667E-04
   1.0000000E+00   9.3685280E+02   0.0000000E+00   9.3685280E+02   3.5614234E-06   0.0000000E+00   3.5614234E-06
