   0.0000000E+00   2.9249877E+07   1.4904542E+07   4.4098906E+07   1.2400478E-05   1.3421344E-04   4.2267479E-05
   5.0000000E-02   1.4597691E+05   7.2765640E+04   2.1874255E+05   5.3639511E-03   6.6586262E-03   4.0446600E-03
   1.0000000E-01   3.9916060E+04   1.9767044E+04   5.9683104E+04   6.8298702E-03   6.4813889E-03   6.7115342E-03
   1.5000000E-01   1.6700659E+04   7.8092025E+03   2.4509861E+04   4.0832092E-03   1.0782819E-02   6.1023348E-03
   2.0000000E-01   9.3583107E+03   4.2812680E+03   1.3639579E+04   1.6856891E-02   3.2092962E-03   1.2572790E-02
   2.5000000E-01   5.9587611E+03   2.8265918E+03   8.7853529E+03   2.2538739E-02   5.1242405E-03   1.6545474E-02
   3.0000000E-01   4.1910802E+03   2.0159626E+03   6.2070428E+03   2.3778292E-02   1.2524866E-02   1.6616103E-02
   3.5000000E-01   3.3286120E+03   1.1913884E+03   4.5200004E+03   2.6755562E-02   2.7484283E-02   2.6917007E-02
   4.0000000E-01   2.8886622E+03   1.2254931E+03   4.1141553E+03   2.0748910E-02   1.7734867E-02   1.2021078E-02
   4.5000000E-01   2.3696403E+03   1.0751801E+03   3.4448203E+03   1.9902288E-02   1.8604661E-02   1.9021021E-02
   5.0000000E-01   1.8907607E+03   1.0058592E+03   2.8902538E+03   3.6057917E-02   1.0484329E-02   2.6761482E-02
   5.5000000E-01   1.7825354E+03   8.5654297E+02   2.6390783E+03   2.9227351E-02   2.2166784E-02   2.5142184E-02
   6.0000000E-01   1.3581222E+03   6.5784043E+02   2.0159626E+03   1.3526047E-02   3.0761649E-02   1.8567215E-02
   6.5000000E-01   1.1997834E+03   5.8764902E+02   1.7874324E+03   1.3710616E-02   3.4093047E-02   1.9356356E-02
   7.0000000E-01   1.2004830E+03   4.0016100E+02   1.6006440E+03   2.8368740E-02   4.6234881E-02   3.2644384E-02
   7.5000000E-01   8.6580289E+02   4.2016905E+02   1.2859719E+03   2.9197421E-02   2.6327322E-02   2.7607392E-02
   8.0000000E-01   6.7242963E+02   2.8647890E+02   9.5890853E+02   2.5611885E-02   3.5695950E-02   2.8540844E-02
   8.5000000E-01   6.2913013E+02   3.0333060E+02   9.3246073E+02   1.8355942E-02   1.5751348E-02   1.6974054E-02
   9.0000000E-01   4.6331772E+02   1.8037560E+02   6.4369333E+02   2.9062349E-02   3.6808422E-02   3.1225520E-02
   9.5000000E-01   1.9768719E+02   9.3817651E+01   2.9150484E+02   3.9435683E-02   1.6717116E-02   2.1659047E-02
   1.0000000E+00   1.1317685E+02   2.5150411E+01   1.3832726E+02   2.2346344E-02   1.7886241E-01   2.0481753E-02
