   0.0000000E+00   1.9247308E+07   1.0038730E+07   2.9277889E+07   1.9193966E-04   3.0718482E-05   1.3371186E-04
   5.0000000E-02   4.7899272E+05   2.2994706E+05   7.0893978E+05   2.1688264E-03   4.2361137E-04   1.6019390E-03
   1.0000000E-01   1.5543072E+05   7.6680852E+04   2.3211157E+05   9.2420270E-03   8.6115180E-04   6.3410430E-03
   1.5000000E-01   6.8839818E+04   3.5671928E+04   1.0451175E+05   1.7839303E-02   2.3544082E-03   1.2500237E-02
   2.0000000E-01   3.5650707E+04   1.7713945E+04   5.3364652E+04   1.7121322E-02   2.1491724E-03   1.2150768E-02
   2.5000000E-01   2.1390424E+04   1.0096790E+04   3.1487214E+04   2.6066294E-02   6.3817259E-03   1.9296506E-02
   3.0000000E-01   1.3528170E+04   6.6632870E+03   2.0191457E+04   2.7894652E-02   6.2517214E-03   2.0739071E-02
   3.5000000E-01   9.7948499E+03   4.8383103E+03   1.4633160E+04   3.4235698E-02   5.6459000E-03   2.4782362E-02
   4.0000000E-01   8.2283106E+03   3.6685214E+03   1.1896832E+04   4.1274205E-02   7.8192146E-03   3.0953831E-02
   4.5000000E-01   5.7083573E+03   3.0204071E+03   8.7287644E+03   4.5005384E-02   1.1578089E-02   3.3437178E-02
   5.0000000E-01   4.9783666E+03   2.0626481E+03   7.0346485E+03   4.1561955E-02   1.0164493E-02   3.2234853E-02
   5.5000000E-01   4.1611783E+03   2.0256084E+03   6.1867867E+03   6.1148663E-02   1.3330346E-02   4.5486537E-02
   6.0000000E-01   3.6128172E+03   1.4854461E+03   5.0982633E+03   3.4696198E-02   1.0726796E-02   2.7672972E-02
   6.5000000E-01   2.8207153E+03   1.1801951E+03   4.0009104E+03   4.7805074E-02   1.4508278E-02   3.7968911E-02
   7.0000000E-01   2.3054730E+03   1.0367808E+03   3.3422538E+03   4.6233876E-02   9.3009788E-03   3.4689595E-02
   7.5000000E-01   2.0032302E+03   8.5731463E+02   2.8605448E+03   4.5678993E-02   1.3315014E-02   3.5966467E-02
   8.0000000E-01   1.6950001E+03   6.5651414E+02   2.3515143E+03   3.9598967E-02   1.4649307E-02   3.2491353E-02
   8.5000000E-01   1.1721293E+03   5.6921297E+02   1.7413423E+03   7.9243373E-02   1.4616553E-02   5.8112448E-02
   9.0000000E-01   8.3467926E+02   4.2441318E+02   1.2590924E+03   8.6864767E-02   1.9596620E-02   6.4121244E-02
   9.5000000E-01   5.2269834E+02   2.7140106E+02   7.9409940E+02   7.1419666E-02   1.7289532E-02   5.2492295E-02
   1.0000000E+00   2.5779171E+02   8.1738835E+01   3.3953055E+02   1.0807396E-01   1.9956305E-02   7.7314997E-02
