   0.0000000E+00   2.9936408E+06   1.1294653E+07   1.4260792E+07   1.1641057E-02   1.4358894E-05   2.4406447E-03
   5.0000000E-02   1.6010987E+05   2.8813411E+05   4.4805300E+05   4.3625408E-02   4.7312085E-05   1.5608323E-02
   1.0000000E-01   9.8166769E+04   9.1705078E+04   1.8984002E+05   2.7992326E-02   2.9960393E-06   1.4474629E-02
   1.5000000E-01   8.1784420E+04   4.0595121E+04   1.2225222E+05   1.4894814E-02   2.4472446E-07   9.9130394E-03
   2.0000000E-01   7.6060147E+04   1.8207325E+04   9.4267473E+04   6.3977184E-03   1.0618075E-05   5.1631193E-03
   2.5000000E-01   7.4700964E+04   7.3720570E+03   8.2034824E+04   2.8779526E-03   7.0933530E-06   2.6206300E-03
   3.0000000E-01   7.2839912E+04   2.9708923E+03   7.5800194E+04   1.1659227E-03   1.8353640E-05   1.1209928E-03
   3.5000000E-01   7.1647008E+04   1.0276862E+03   7.2665600E+04   3.4403685E-04   7.9216031E-06   3.3932596E-04
   4.0000000E-01   6.7075851E+04   3.4218313E+02   6.7425992E+04   1.6214818E-04   6.7827365E-06   1.6133910E-04
   4.5000000E-01   5.9948362E+04   7.7809083E+01   6.0004950E+04   7.9912758E-05   4.7854278E-06   7.9834693E-05
   5.0000000E-01   3.1729129E+04   1.9098593E+01   3.1748228E+04   9.7410625E-05   1.9231761E-04   9.7324128E-05
   5.5000000E-01   1.0463714E+04   0.0000000E+00   1.0457927E+04   2.3419056E-05   0.0000000E+00   2.3431807E-05
   6.0000000E-01   5.2680286E+03   0.0000000E+00   5.2680286E+03   2.1954236E-06   0.0000000E+00   2.1954236E-06
   6.5000000E-01   2.2134780E+03   0.0000000E+00   2.2134780E+03   4.7799207E-06   0.0000000E+00   4.7799207E-06
   7.0000000E-01   9.5947694E+02   0.0000000E+00   9.5947694E+02   5.1653310E-06   0.0000000E+00   5.1653310E-06
   7.5000000E-01   3.6075120E+02   0.0000000E+00   3.6075120E+02   6.1473747E-05   0.0000000E+00   6.1473747E-05
   8.0000000E-01   1.5119720E+02   0.0000000E+00   1.5119720E+02   1.3162583E-05   0.0000000E+00   1.3162583E-05
   8.5000000E-01   5.2427511E+01   0.0000000E+00   5.2427511E+01   1.5126800E-06   0.0000000E+00   1.5126800E-06
   9.0000000E-01   1.0610330E+01   0.0000000E+00   1.0610330E+01   5.8601072E-06   0.0000000E+00   5.8601072E-06
   9.5000000E-01   0.0000000E+00   0.0000000E+00   0.0000000E+00   0.0000000E+00   0.0000000E+00   0.0000000E+00
   1.0000000E+00   0.0000000E+00   0.0000000E+00   0.0000000E+00   0.0000000E+00   0.0000000E+00   0.0000000E+00
