   0.0000000E+00   6.5031983E+06   9.0262498E+06   1.5505511E+07   2.2390506E-05   1.5508214E-06   9.9132489E-06
   5.0000000E-02   1.7513410E+05   1.1357297E+05   2.8877073E+05   6.8676183E-04   1.5755149E-04   4.5068758E-04
   1.0000000E-01   9.7593811E+04   5.2807610E+04   1.5036959E+05   7.3497892E-04   2.7760895E-04   5.1410100E-04
   1.5000000E-01   7.0558691E+04   3.1873430E+04   1.0238968E+05   6.0781551E-04   2.5311853E-04   4.2772104E-04
   2.0000000E-01   5.8043808E+04   2.2568171E+04   8.0611979E+04   5.7406284E-04   3.0915310E-04   4.9101929E-04
   2.5000000E-01   5.0369356E+04   1.6806762E+04   6.7137921E+04   6.4273096E-04   2.0030129E-04   3.9851683E-04
   3.0000000E-01   4.4552774E+04   1.3252302E+04   5.7783855E+04   9.5025059E-04   4.8551532E-04   7.9648882E-04
   3.5000000E-01   3.8661009E+04   1.0249578E+04   4.8892399E+04   8.3644389E-04   1.1800387E-03   4.6379218E-04
   4.0000000E-01   3.5531341E+04   8.5704937E+03   4.4085919E+04   3.6025859E-04   1.0077525E-03   1.0304793E-04
   4.5000000E-01   3.1215590E+04   7.2645390E+03   3.8473055E+04   3.6439009E-04   3.8998615E-04   3.6829655E-04
   5.0000000E-01   2.9010763E+04   6.1879442E+03   3.5192341E+04   8.9204448E-04   2.9918581E-04   7.5486896E-04
   5.5000000E-01   2.6246097E+04   5.1971323E+03   3.1437442E+04   2.3249908E-03   2.0017968E-03   1.8966569E-03
   6.0000000E-01   1.6074649E+04   2.4881223E+03   1.8557466E+04   1.2166474E-03   9.7028837E-04   9.6748236E-04
   6.5000000E-01   9.7500767E+03   1.3271074E+03   1.1077184E+04   3.6047830E-03   4.0332696E-03   2.8405654E-03
   7.0000000E-01   7.3165801E+03   8.4579484E+02   8.1623749E+03   2.9815985E-03   1.7417808E-03   2.7599430E-03
   7.5000000E-01   5.5470803E+03   5.9842259E+02   6.1455029E+03   5.7782283E-03   1.6889407E-02   6.8305483E-03
   8.0000000E-01   4.0266201E+03   3.9788736E+02   4.4245074E+03   4.5498733E-03   7.1486358E-03   4.4773824E-03
   8.5000000E-01   3.0707542E+03   2.3966862E+02   3.3104228E+03   4.8566937E-03   3.1305018E-02   6.7715027E-03
   9.0000000E-01   2.3943977E+03   1.8391238E+02   2.5783101E+03   1.9652831E-03   1.6981625E-02   2.6980477E-03
   9.5000000E-01   1.3670572E+03   8.0415129E+01   1.4474723E+03   4.0822472E-03   2.5817818E-02   4.3606422E-03
   1.0000000E+00   4.8414541E+02   3.7725616E+01   5.2187102E+02   1.1565429E-02   7.6856441E-02   6.4976558E-03
