   0.0000000E+00   3.2472192E+07   1.6826625E+07   4.8930596E+07   2.1438368E-04   9.7081261E-07   1.4260686E-04
   5.0000000E-02   1.5597184E+04   4.3290145E+03   1.9926199E+04   1.8984927E-01   2.5616661E-02   1.5416928E-01
   1.0000000E-01   6.7481696E+03   1.6870424E+03   8.4352120E+03   2.0907357E-01   1.8772927E-03   1.6763431E-01
   1.5000000E-01   3.5226294E+03   8.4882636E+02   4.3714558E+03   1.8991245E-01   4.1949033E-03   1.5385078E-01
   2.0000000E-01   2.8807045E+03   4.6154933E+02   3.3422538E+03   2.2076646E-01   1.4704747E-02   1.9231031E-01
   2.5000000E-01   1.7698030E+03   2.8011270E+02   2.0499157E+03   1.8651951E-01   1.8693427E-02   1.6358672E-01
   3.0000000E-01   1.3687325E+03   2.8647890E+02   1.6552114E+03   2.1707137E-01   1.2316114E-02   1.8163296E-01
   3.5000000E-01   1.0458753E+03   1.7279680E+02   1.2186721E+03   1.4723367E-01   9.0364337E-06   1.2635597E-01
   4.0000000E-01   8.1964796E+02   1.0345071E+02   9.2309867E+02   1.8703088E-01   2.8511521E-06   1.6607084E-01
   4.5000000E-01   7.6394373E+02   1.5561817E+02   9.1956189E+02   1.0378871E-01   1.8742595E-02   8.9395913E-02
   5.0000000E-01   6.0478878E+02   7.0028175E+01   6.7481696E+02   1.1062871E-01   5.3888947E-07   9.9148312E-02
   5.5000000E-01   6.0189506E+02   6.9449430E+01   6.7134449E+02   8.7556042E-02   4.2958142E-06   7.8498076E-02
   6.0000000E-01   4.0319252E+02   1.0610330E+01   4.1380285E+02   8.5171355E-02   5.0066671E-06   8.2987346E-02
   6.5000000E-01   4.1135431E+02   9.7941503E+00   4.2114846E+02   4.0677978E-02   1.2483314E-05   3.9732269E-02
   7.0000000E-01   3.3195174E+02   1.8189136E+01   3.5014087E+02   3.0451027E-02   7.0988787E-06   2.8868786E-02
   7.5000000E-01   2.2493899E+02   8.4882636E+00   2.3342725E+02   4.5286452E-02   1.6984092E-05   4.3639054E-02
   8.0000000E-01   2.0690143E+02   7.9577472E+00   2.1485917E+02   3.1480143E-02   3.2483512E-05   3.0315415E-02
   8.5000000E-01   2.2468933E+02   0.0000000E+00   2.2468933E+02   1.8575386E-02   0.0000000E+00   1.8575386E-02
   9.0000000E-01   1.1317685E+02   0.0000000E+00   1.1317685E+02   2.6490139E-02   0.0000000E+00   2.6490139E-02
   9.5000000E-01   8.3765760E+01   0.0000000E+00   8.3765760E+01   3.5772171E-05   0.0000000E+00   3.5772171E-05
   1.0000000E+00   1.8862808E+01   0.0000000E+00   1.8862808E+01   1.0449814E-05   0.0000000E+00   1.0449814E-05
