   0.0000000E+00   2.3135272E+07   1.5463749E+07   3.8340808E+07   3.3220857E-03   4.9545782E-05   2.0255558E-03
   5.0000000E-02   1.5940959E+05   4.9847328E+04   2.0912960E+05   1.7175576E-01   3.7230513E-03   1.3180868E-01
   1.0000000E-01   7.4739161E+04   1.9767044E+04   9.4506205E+04   1.5618985E-01   2.4972125E-03   1.2404074E-01
   1.5000000E-01   4.1104417E+04   9.7827238E+03   5.0887140E+04   1.4642926E-01   4.6847971E-03   1.1923226E-01
   2.0000000E-01   2.9539157E+04   5.3157751E+03   3.4839017E+04   1.3429987E-01   3.5641020E-03   1.1425334E-01
   2.5000000E-01   2.1530481E+04   2.9157186E+03   2.4446199E+04   1.1078106E-01   4.7074033E-05   9.7562494E-02
   3.0000000E-01   1.6881034E+04   2.0796246E+03   1.8971269E+04   7.7263500E-02   9.0283593E-05   6.8760583E-02
   3.5000000E-01   1.3441772E+04   1.1004427E+03   1.4542215E+04   5.1844515E-02   2.6690198E-04   4.7941518E-02
   4.0000000E-01   1.1212466E+04   5.2521131E+02   1.1737677E+04   3.7557540E-02   1.1413321E-05   3.5877509E-02
   4.5000000E-01   9.1319570E+03   3.3953055E+02   9.4644139E+03   2.7771687E-02   4.1004447E-04   2.6810859E-02
   5.0000000E-01   8.0787049E+03   8.2760570E+01   8.1614655E+03   1.3781860E-02   1.6806455E-05   1.3641934E-02
   5.5000000E-01   5.6080414E+03   5.7874525E+01   5.6659160E+03   1.1824647E-02   6.0121414E-06   1.1703802E-02
   6.0000000E-01   3.9417374E+03   2.1220659E+01   3.9629581E+03   9.7739693E-03   4.7672149E-05   9.7213769E-03
   6.5000000E-01   2.9088627E+03   4.8970752E+00   2.9137597E+03   4.3363397E-03   6.3834102E-05   4.3291553E-03
   7.0000000E-01   1.8098191E+03   4.5472841E+00   1.8143664E+03   2.1186338E-03   1.9713158E-05   2.1133141E-03
   7.5000000E-01   1.2435306E+03   0.0000000E+00   1.2435306E+03   3.6668300E-04   0.0000000E+00   3.6668300E-04
   8.0000000E-01   8.3158458E+02   0.0000000E+00   8.3158458E+02   1.0075685E-03   0.0000000E+00   1.0075685E-03
   8.5000000E-01   5.5797851E+02   0.0000000E+00   5.5797851E+02   2.1493895E-05   0.0000000E+00   2.1493895E-05
   9.0000000E-01   2.7940534E+02   0.0000000E+00   2.7940534E+02   5.0069181E-03   0.0000000E+00   5.0069181E-03
   9.5000000E-01   1.1727206E+02   0.0000000E+00   1.1727206E+02   2.2048373E-06   0.0000000E+00   2.2048373E-06
   1.0000000E+00   3.7725616E+01   0.0000000E+00   3.7725616E+01   1.8104601E-06   0.0000000E+00   1.8104601E-06
