   0.0000000E+00   3.2518029E+07   1.6584709E+07   4.8577654E+07   1.1933768E-04   6.7611447E-05   9.5633715E-05
   5.0000000E-02   1.0567888E+04   3.5650707E+03   1.4132959E+04   1.6098313E-01   5.3680213E-02   1.3390557E-01
   1.0000000E-01   4.9656342E+03   1.8780283E+03   6.8436626E+03   1.5387718E-01   8.6751129E-02   1.3541485E-01
   1.5000000E-01   3.0133336E+03   8.7004702E+02   3.8833806E+03   1.5337674E-01   7.9859600E-02   1.3688707E-01
   2.0000000E-01   2.5146481E+03   7.0028175E+02   3.2149299E+03   1.5430319E-01   9.6763385E-02   1.4176958E-01
   2.5000000E-01   1.8716621E+03   4.8383103E+02   2.3554932E+03   1.8329492E-01   5.6723592E-02   1.5729637E-01
   3.0000000E-01   1.5597184E+03   5.3051648E+02   2.0902349E+03   1.6120387E-01   1.2182835E-01   1.5121008E-01
   3.5000000E-01   1.1004427E+03   4.2744470E+02   1.5278875E+03   1.5252194E-01   6.6493551E-02   1.2844780E-01
   4.0000000E-01   8.7535219E+02   3.1830989E+02   1.1936621E+03   1.5592930E-01   7.4732174E-02   1.3426645E-01
   4.5000000E-01   7.4272307E+02   1.8391238E+02   9.2663545E+02   1.6668315E-01   8.6766958E-02   1.5082189E-01
   5.0000000E-01   5.8569019E+02   2.1645072E+02   8.0214091E+02   1.7509626E-01   7.6219506E-02   1.4827758E-01
   5.5000000E-01   5.5559544E+02   1.3311141E+02   6.8870684E+02   1.7852605E-01   8.1032208E-02   1.5966912E-01
   6.0000000E-01   4.5624417E+02   1.1671362E+02   5.7295780E+02   2.0337242E-01   7.6322130E-02   1.7749024E-01
   6.5000000E-01   3.9666309E+02   6.8559052E+01   4.6522214E+02   2.0504254E-01   3.0714199E-02   1.7935191E-01
   7.0000000E-01   3.1376260E+02   9.5492966E+01   4.0925557E+02   1.7363262E-01   1.0747110E-01   1.5819204E-01
   7.5000000E-01   2.2918312E+02   6.3661977E+01   2.9284510E+02   2.3550648E-01   1.0619642E-01   2.0683401E-01
   8.0000000E-01   1.8700706E+02   7.5598598E+01   2.6260566E+02   2.1027848E-01   8.6596719E-02   1.7467301E-01
   8.5000000E-01   2.0222040E+02   7.4896444E+01   2.7711684E+02   2.2453814E-01   1.0730097E-01   1.9285210E-01
   9.0000000E-01   1.7330205E+02   1.4147106E+01   1.8744916E+02   2.3299451E-01   2.0139359E-01   2.3060944E-01
   9.5000000E-01   8.0415129E+01   3.3506304E+01   1.1392143E+02   2.9126873E-01   1.1326003E-01   2.3890745E-01
   1.0000000E+00   3.7725616E+01   0.0000000E+00   3.7725616E+01   2.7939185E-01   0.0000000E+00   2.7939185E-01
