   0.0000000E+00   1.6592348E+07   1.0605067E+07   2.7180099E+07   7.8331355E-05   1.0055011E-03   3.6752964E-04
   5.0000000E-02   1.9875269E+05   9.2246205E+04   2.9080791E+05   6.5583991E-03   5.7853966E-03   6.3144921E-03
   1.0000000E-01   7.0632964E+04   3.5141411E+04   1.0577438E+05   4.0540019E-03   6.6973288E-03   2.5973783E-03
   1.5000000E-01   4.5157563E+04   2.0011082E+04   6.5168644E+04   3.2592642E-03   5.0744151E-03   1.6535515E-03
   2.0000000E-01   3.3247468E+04   1.4849156E+04   4.8080708E+04   2.8899157E-03   3.8957791E-03   3.1912503E-03
   2.5000000E-01   2.5617580E+04   1.1140846E+04   3.6745693E+04   1.3605262E-03   4.7448019E-03   1.7883301E-03
   3.0000000E-01   2.1358593E+04   9.1248834E+03   3.0483477E+04   7.8112946E-03   5.3751152E-03   7.0813845E-03
   3.5000000E-01   1.7961772E+04   6.7208859E+03   2.4682658E+04   8.2526267E-04   5.5434377E-03   2.1099067E-03
   4.0000000E-01   1.4697959E+04   5.4988033E+03   2.0188805E+04   3.4405472E-03   9.1295066E-03   3.9778056E-03
   4.5000000E-01   1.3404383E+04   4.5553681E+03   1.7959751E+04   2.8725586E-03   5.0001179E-03   1.2653883E-03
   5.0000000E-01   1.1217240E+04   3.8515496E+03   1.5068790E+04   5.3527238E-03   2.2818090E-03   3.4177814E-03
   5.5000000E-01   9.9023312E+03   3.7676316E+03   1.3669963E+04   4.5365118E-03   4.6417286E-03   2.1001950E-03
   6.0000000E-01   8.9179820E+03   2.8064322E+03   1.1724414E+04   4.8881889E-03   7.6387666E-03   4.8241362E-03
   6.5000000E-01   8.2809541E+03   2.4436405E+03   1.0724595E+04   2.7284807E-04   7.2038739E-03   1.4706851E-03
   7.0000000E-01   7.1437833E+03   2.3191149E+03   9.4628982E+03   2.7040111E-03   9.6644161E-03   4.4061622E-03
   7.5000000E-01   6.4425921E+03   1.9989861E+03   8.4415782E+03   6.4530685E-03   3.9165398E-03   5.2773570E-03
   8.0000000E-01   5.4868667E+03   1.6910213E+03   7.1778879E+03   6.7122195E-03   4.3010084E-03   5.1538199E-03
   8.5000000E-01   4.4750625E+03   1.3668601E+03   5.8419226E+03   6.0573687E-03   4.7452162E-03   3.5752840E-03
   9.0000000E-01   3.6994682E+03   1.1034743E+03   4.8029425E+03   4.6947540E-03   2.8166683E-03   3.1357643E-03
   9.5000000E-01   2.4292070E+03   7.2038553E+02   3.1495926E+03   6.8033845E-03   8.5115247E-03   7.1466948E-03
   1.0000000E+00   8.4882636E+02   2.0749089E+02   1.0563173E+03   1.7359345E-02   2.9128620E-02   1.8470820E-02
