   0.0000000E+00   2.4356563E+07   1.4949869E+07   3.9071647E+07   1.6229730E-03   4.2608620E-04   1.1591926E-03
   5.0000000E-02   1.1962086E+05   4.2335215E+04   1.6195607E+05   1.1952514E-01   6.4195803E-02   1.0506181E-01
   1.0000000E-01   5.4876624E+04   1.6583945E+04   7.1460569E+04   1.2207598E-01   7.3823725E-02   1.1086627E-01
   1.5000000E-01   3.5608266E+04   8.8065735E+03   4.4414839E+04   1.1929455E-01   5.0674985E-02   1.0567828E-01
   2.0000000E-01   2.4875918E+04   6.0319723E+03   3.0907890E+04   1.1640419E-01   5.8093046E-02   1.0502334E-01
   2.5000000E-01   2.0104452E+04   4.4436060E+03   2.4548058E+04   1.0935148E-01   4.4806665E-02   9.7664453E-02
   3.0000000E-01   1.5544133E+04   2.7374650E+03   1.8281598E+04   1.0695328E-01   3.5923676E-02   9.6301503E-02
   3.5000000E-01   1.2486842E+04   2.0189941E+03   1.4505836E+04   1.0037282E-01   4.3716376E-02   9.2479418E-02
   4.0000000E-01   9.4776769E+03   1.7427466E+03   1.1212466E+04   9.0790286E-02   4.0874837E-02   8.3089867E-02
   4.5000000E-01   8.2053215E+03   1.2166511E+03   9.4219726E+03   9.3998291E-02   3.3455108E-02   8.6157513E-02
   5.0000000E-01   6.7609020E+03   8.9126768E+02   7.6521697E+03   8.2413194E-02   2.2696890E-02   7.5457281E-02
   5.5000000E-01   5.2665818E+03   6.1346996E+02   5.8800517E+03   9.5990717E-02   3.5739244E-02   8.9704002E-02
   6.0000000E-01   3.8356341E+03   4.7215966E+02   4.3077938E+03   8.8887016E-02   3.0657021E-02   8.2503714E-02
   6.5000000E-01   2.8452007E+03   2.2036838E+02   3.0655691E+03   9.3373939E-02   3.7876977E-02   8.9350186E-02
   7.0000000E-01   2.2008855E+03   1.9098593E+02   2.3918714E+03   1.0180139E-01   2.7136029E-02   9.5839046E-02
   7.5000000E-01   1.7018969E+03   1.6127701E+02   1.8631739E+03   8.9299205E-02   3.6794560E-02   8.4754066E-02
   8.0000000E-01   1.3687325E+03   1.1936621E+02   1.4880987E+03   8.3945934E-02   2.4211647E-02   7.9044659E-02
   8.5000000E-01   9.7365377E+02   6.3661977E+01   1.0373157E+03   6.6235425E-02   4.6043818E-02   6.4995859E-02
   9.0000000E-01   6.9674497E+02   2.8294212E+01   7.2503919E+02   7.1566076E-02   1.1527394E-05   6.8773700E-02
   9.5000000E-01   4.0542628E+02   1.0051891E+01   4.1547817E+02   6.3679697E-02   1.4022368E-01   6.5530945E-02
   1.0000000E+00   2.4521650E+02   1.8862808E+01   2.6407931E+02   9.6850982E-02   7.0668363E-06   8.9932550E-02
