   0.0000000E+00   6.3763836E+06   1.3691909E+07   2.0016344E+07   2.6709675E-02   5.1430128E-07   8.4669726E-03
   5.0000000E-02   2.3694988E+05   3.4243778E+05   5.7906934E+05   1.0554033E-01   9.4138206E-07   4.3188676E-02
   1.0000000E-01   4.6568736E+04   3.5332397E+04   8.1901134E+04   5.6632044E-02   5.2089042E-07   3.2200623E-02
   1.5000000E-01   3.1470237E+04   2.3342725E+03   3.3804510E+04   8.2018044E-03   2.4007815E-03   7.8012315E-03
   2.0000000E-01   3.1385355E+04   1.7507044E+02   3.1560425E+04   5.3266908E-04   3.9151770E-06   5.2973530E-04
   2.5000000E-01   3.2913242E+04   1.2732395E+01   3.2925975E+04   8.3534310E-06   2.2482100E-06   8.3501605E-06
   3.0000000E-01   3.6945167E+04   0.0000000E+00   3.6945167E+04   4.9537503E-06   0.0000000E+00   4.9537503E-06
   3.5000000E-01   3.9534088E+04   0.0000000E+00   3.9524993E+04   1.1383234E-05   0.0000000E+00   1.1385762E-05
   4.0000000E-01   4.8144370E+04   0.0000000E+00   4.8144370E+04   3.0118676E-06   0.0000000E+00   3.0118676E-06
   4.5000000E-01   6.1292337E+04   0.0000000E+00   6.1285263E+04   4.4292625E-06   0.0000000E+00   4.4280223E-06
   5.0000000E-01   7.2122654E+04   6.3661977E+00   7.2122654E+04   8.1573399E-06   6.1816164E-01   4.7060020E-05
   5.5000000E-01   4.3058646E+04   0.0000000E+00   4.3052859E+04   1.2881237E-05   0.0000000E+00   1.2883383E-05
   6.0000000E-01   5.8781226E+03   0.0000000E+00   5.8781226E+03   8.8485893E-06   0.0000000E+00   8.8485893E-06
   6.5000000E-01   7.5414958E+02   0.0000000E+00   7.5414958E+02   1.1153815E-05   0.0000000E+00   1.1153815E-05
   7.0000000E-01   7.7303830E+01   0.0000000E+00   7.7303830E+01   5.9205917E-06   0.0000000E+00   5.9205917E-06
   7.5000000E-01   0.0000000E+00   0.0000000E+00   0.0000000E+00   0.0000000E+00   0.0000000E+00   0.0000000E+00
   8.0000000E-01   0.0000000E+00   0.0000000E+00   0.0000000E+00   0.0000000E+00   0.0000000E+00   0.0000000E+00
   8.5000000E-01   0.0000000E+00   0.0000000E+00   0.0000000E+00   0.0000000E+00   0.0000000E+00   0.0000000E+00
   9.0000000E-01   0.0000000E+00   0.0000000E+00   0.0000000E+00   0.0000000E+00   0.0000000E+00   0.0000000E+00
   9.5000000E-01   0.0000000E+00   0.0000000E+00   0.0000000E+00   0.0000000E+00   0.0000000E+00   0.0000000E+00
   1.0000000E+00   0.0000000E+00   0.0000000E+00   0.0000000E+00   0.0000000E+00   0.0000000E+00   0.0000000E+00
