   0.0000000E+00   3.2595951E+07   1.6613230E+07   4.8629093E+07   8.0448354E-05   3.4462080E-05   6.5691709E-05
   5.0000000E-02   9.1673247E+03   4.0107046E+03   1.3178029E+04   1.4151925E-01   6.4196663E-02   1.1798367E-01
   1.0000000E-01   4.9656342E+03   1.4323945E+03   6.3980287E+03   1.4983901E-01   1.2747270E-01   1.4482890E-01
   1.5000000E-01   3.1830989E+03   1.0398123E+03   4.2229112E+03   1.3062725E-01   6.4459169E-02   1.1432187E-01
   2.0000000E-01   2.1645072E+03   7.1619724E+02   2.8807045E+03   1.5751035E-01   6.1176999E-02   1.3356001E-01
   2.5000000E-01   1.6042818E+03   4.3290145E+02   2.0371833E+03   1.7480596E-01   6.8887750E-02   1.5229669E-01
   3.0000000E-01   1.3581222E+03   2.5464791E+02   1.6127701E+03   1.8283720E-01   7.5637885E-02   1.6590937E-01
   3.5000000E-01   1.0004025E+03   2.9102618E+02   1.2914287E+03   1.3824601E-01   9.8910841E-02   1.2937802E-01
   4.0000000E-01   8.1169021E+02   2.7852115E+02   1.0902114E+03   1.7614894E-01   9.6211033E-02   1.5572655E-01
   4.5000000E-01   6.9320820E+02   2.7586857E+02   9.6907676E+02   1.7249439E-01   8.3589054E-02   1.4717924E-01
   5.0000000E-01   5.2202821E+02   1.5915494E+02   6.8118316E+02   1.7349991E-01   6.1510955E-02   1.4733260E-01
   5.5000000E-01   5.7874525E+02   1.7941103E+02   7.5815627E+02   1.6361174E-01   1.1031741E-01   1.5099894E-01
   6.0000000E-01   4.5093901E+02   1.4854461E+02   5.9948362E+02   1.6662899E-01   1.5598145E-01   1.6399066E-01
   6.5000000E-01   3.6728064E+02   6.8559052E+01   4.3583969E+02   1.7207448E-01   1.6677902E-01   1.7124149E-01
   7.0000000E-01   2.5919519E+02   7.2756545E+01   3.3195174E+02   2.2446608E-01   8.9063088E-02   1.9478704E-01
   7.5000000E-01   3.0133336E+02   5.9417845E+01   3.6075120E+02   2.2502549E-01   1.0198395E-01   2.0475983E-01
   8.0000000E-01   2.5066904E+02   2.3873241E+01   2.7454228E+02   1.8825416E-01   1.5701776E-01   1.8553795E-01
   8.5000000E-01   1.8349629E+02   2.6213755E+01   2.0971004E+02   1.6876532E-01   1.3498152E-01   1.6449355E-01
   9.0000000E-01   1.5208139E+02   5.3051648E+01   2.0513304E+02   2.3326865E-01   2.7318802E-02   1.8000576E-01
   9.5000000E-01   1.0051891E+02   1.0051891E+01   1.1057080E+02   1.9092089E-01   1.3934295E-01   1.8623199E-01
   1.0000000E+00   3.1438013E+01   6.2876027E+00   3.7725616E+01   3.3699554E-01   3.9955484E-05   2.8082296E-01
