   0.0000000E+00   2.6908645E+07   1.4752263E+07   4.1397092E+07   9.7757023E-04   4.6438543E-04   8.0155257E-04
   5.0000000E-02   6.9900851E+04   2.9348172E+04   9.9312684E+04   1.2133469E-01   7.8838417E-02   1.0869769E-01
   1.0000000E-01   3.3390707E+04   1.3623663E+04   4.7014370E+04   1.1288546E-01   8.6793704E-02   1.0543948E-01
   1.5000000E-01   2.1836058E+04   7.9365265E+03   2.9772585E+04   1.2179638E-01   7.7663813E-02   1.1003182E-01
   2.0000000E-01   1.4912818E+04   5.2043666E+03   2.0117185E+04   1.2763467E-01   8.3930000E-02   1.1630182E-01
   2.5000000E-01   1.1420959E+04   3.9725074E+03   1.5393466E+04   1.1785579E-01   8.7764237E-02   1.1008576E-01
   3.0000000E-01   9.1779351E+03   2.9390613E+03   1.2116996E+04   1.2920476E-01   1.0283490E-01   1.2280856E-01
   3.5000000E-01   7.8304232E+03   2.7738433E+03   1.0604266E+04   1.2601313E-01   7.7418283E-02   1.1326568E-01
   4.0000000E-01   5.9842259E+03   2.0212678E+03   8.0054936E+03   1.4032216E-01   9.4336788E-02   1.2870762E-01
   4.5000000E-01   5.4607829E+03   1.5420346E+03   7.0028175E+03   1.2171503E-01   1.0735092E-01   1.1855201E-01
   5.0000000E-01   4.4372398E+03   1.4132959E+03   5.8441695E+03   1.3697216E-01   7.1286631E-02   1.2077029E-01
   5.5000000E-01   4.3116521E+03   1.0880411E+03   5.3996932E+03   1.4442797E-01   6.2516168E-02   1.2787432E-01
   6.0000000E-01   3.3210331E+03   9.7615032E+02   4.2971835E+03   1.4413169E-01   8.9343530E-02   1.3168083E-01
   6.5000000E-01   2.6738030E+03   7.8842910E+02   3.4622321E+03   1.4756569E-01   7.4947422E-02   1.3102124E-01
   7.0000000E-01   2.5555737E+03   7.0028175E+02   3.2558554E+03   1.5009309E-01   8.7605179E-02   1.3659384E-01
   7.5000000E-01   2.1008452E+03   5.2627235E+02   2.6271176E+03   1.5100458E-01   8.4374436E-02   1.3758050E-01
   8.0000000E-01   1.7865142E+03   4.1778173E+02   2.2042960E+03   1.5795211E-01   1.1703137E-01   1.5018828E-01
   8.5000000E-01   1.3631153E+03   3.9320633E+02   1.7563216E+03   1.5065258E-01   8.6047314E-02   1.3618867E-01
   9.0000000E-01   1.0574962E+03   2.6525824E+02   1.3227544E+03   1.6361145E-01   7.9948578E-02   1.4679310E-01
   9.5000000E-01   7.6394373E+02   1.4742774E+02   9.1137146E+02   1.5356066E-01   8.7837938E-02   1.4292652E-01
   1.0000000E+00   3.9611897E+02   7.5451232E+01   4.7157020E+02   1.3764016E-01   1.0196706E-01   1.3193242E-01
