   0.0000000E+00   3.3406241E+07   1.6777732E+07   4.9636989E+07   8.0397017E-06   1.9832762E-11   5.4108011E-06
   5.0000000E-02   1.0185916E+03   4.4563384E+02   1.4642255E+03   1.7822517E-01   5.3188047E-02   1.4017039E-01
   1.0000000E-01   6.3661977E+02   1.9098593E+02   8.2760570E+02   2.2140829E-01   7.6825564E-04   1.7049136E-01
   1.5000000E-01   3.6075120E+02   6.3661977E+01   4.2441318E+02   1.3558036E-01   1.2223578E-01   1.3357867E-01
   2.0000000E-01   3.6605637E+02   1.2732395E+02   4.9338032E+02   1.9426396E-01   5.3547836E-05   1.4414514E-01
   2.5000000E-01   2.8011270E+02   6.3661977E+01   3.4377468E+02   1.4446452E-01   6.9745096E-02   1.3062759E-01
   3.0000000E-01   1.8037560E+02   5.3051648E+01   2.3342725E+02   2.4497320E-01   6.2608501E-02   2.0352668E-01
   3.5000000E-01   1.2732395E+02   9.0945682E+00   1.3641852E+02   1.8256982E-01   8.2930512E-07   1.7039844E-01
   4.0000000E-01   7.9577472E+01   2.3873241E+01   1.0345071E+02   1.8270822E-01   2.4446804E-07   1.4054473E-01
   4.5000000E-01   7.0735530E+01   4.2441318E+01   1.1317685E+02   1.5586286E-01   3.0640442E-06   9.7413141E-02
   5.0000000E-01   7.0028175E+01   1.2732395E+01   8.2760570E+01   2.4174245E-01   2.2291747E-06   2.0455096E-01
   5.5000000E-01   5.7874525E+01   0.0000000E+00   5.7874525E+01   8.1249365E-02   0.0000000E+00   8.1249365E-02
   6.0000000E-01   6.3661977E+01   1.0610330E+01   7.4272307E+01   9.9297564E-02   7.7070587E-06   8.5111096E-02
   6.5000000E-01   3.4279526E+01   9.7941503E+00   4.4073677E+01   1.8377829E-01   2.2498455E-06   1.4293817E-01
   7.0000000E-01   1.8189136E+01   0.0000000E+00   1.8189136E+01   7.8988275E-02   0.0000000E+00   7.8988275E-02
   7.5000000E-01   1.6976527E+01   4.2441318E+00   2.1220659E+01   9.2882370E-02   1.2240137E-04   7.4281416E-02
   8.0000000E-01   1.1936621E+01   3.9788736E+00   1.5915494E+01   2.4259788E-01   3.7354194E-06   1.8194748E-01
   8.5000000E-01   1.1234467E+01   0.0000000E+00   1.1234467E+01   6.8960066E-06   0.0000000E+00   6.8960066E-06
   9.0000000E-01   2.4757436E+01   3.5367765E+00   2.8294212E+01   1.5092250E-01   2.9034171E-06   1.3205683E-01
   9.5000000E-01   1.3402522E+01   0.0000000E+00   1.3402522E+01   9.7048213E-02   0.0000000E+00   9.7048213E-02
   1.0000000E+00   1.2575205E+01   6.2876027E+00   1.8862808E+01   2.0342241E-01   3.1411410E-04   1.3551024E-01
