   0.0000000E+00   1.1198906E+07   9.9552054E+06   2.1031880E+07   5.1471912E-03   6.6598874E-04   3.0480117E-03
   5.0000000E-02   2.7521073E+05   1.2191269E+05   3.9680510E+05   3.5907272E-02   6.2657173E-03   2.6868103E-02
   1.0000000E-01   1.0707945E+05   4.4245074E+04   1.5122903E+05   3.1754360E-02   7.9747725E-03   2.4794210E-02
   1.5000000E-01   6.4680569E+04   2.6483383E+04   9.1121510E+04   3.6973091E-02   4.0618538E-03   2.7386737E-02
   2.0000000E-01   4.7539582E+04   1.8589297E+04   6.6065217E+04   3.6717613E-02   4.7928925E-03   2.7794865E-02
   2.5000000E-01   3.5396059E+04   1.3458142E+04   4.8816004E+04   3.8029383E-02   5.3904855E-05   2.7536331E-02
   3.0000000E-01   2.8679721E+04   1.0154085E+04   3.8833806E+04   3.3960897E-02   8.5383687E-04   2.5229867E-02
   3.5000000E-01   2.3509459E+04   8.1305439E+03   3.1621814E+04   2.9247059E-02   3.2131335E-03   2.2373649E-02
   4.0000000E-01   2.0172889E+04   6.3900710E+03   2.6547045E+04   2.8773287E-02   2.8063210E-03   2.2033502E-02
   4.5000000E-01   1.6983601E+04   5.0434433E+03   2.2019971E+04   3.6829383E-02   3.0712698E-03   2.9062679E-02
   5.0000000E-01   1.4769579E+04   4.0870989E+03   1.8856678E+04   3.2470018E-02   1.4039537E-03   2.5467843E-02
   5.5000000E-01   1.3062280E+04   3.5303460E+03   1.6581051E+04   2.6839404E-02   3.7559147E-03   2.1940095E-02
   6.0000000E-01   1.1586480E+04   2.6048359E+03   1.4191316E+04   2.7276905E-02   2.0491697E-03   2.1903284E-02
   6.5000000E-01   9.9655480E+03   2.2379634E+03   1.2198614E+04   2.9012555E-02   4.3620352E-03   2.4408042E-02
   7.0000000E-01   8.8080893E+03   1.7006842E+03   1.0508774E+04   2.5848766E-02   1.8856409E-03   2.1958473E-02
   7.5000000E-01   7.7328082E+03   1.5193992E+03   9.2522074E+03   2.6356505E-02   7.5315816E-04   2.2028485E-02
   8.0000000E-01   6.3542611E+03   1.1857043E+03   7.5399654E+03   2.4280149E-02   2.7918998E-04   2.0479184E-02
   8.5000000E-01   5.1491305E+03   8.2011606E+02   5.9692466E+03   1.8883590E-02   3.6867911E-03   1.6709053E-02
   9.0000000E-01   4.0000942E+03   5.8710490E+02   4.5871991E+03   1.9099816E-02   2.5019125E-03   1.6840966E-02
   9.5000000E-01   2.7575688E+03   3.0825800E+02   3.0658268E+03   2.1387265E-02   4.4400294E-03   1.8816124E-02
   1.0000000E+00   1.0123040E+03   1.6976527E+02   1.1820693E+03   4.0063279E-02   1.6469171E-05   3.4307229E-02
