   0.0000000E+00   1.9318100E+07   1.1144411E+07   3.0308703E+07   3.3442858E-04   1.5253545E-04   1.7191423E-04
   5.0000000E-02   1.8793016E+05   8.8108176E+04   2.7591101E+05   6.6793901E-03   3.2625861E-03   5.1192300E-03
   1.0000000E-01   6.6144794E+04   2.9189017E+04   9.5333811E+04   5.9791743E-03   2.4831681E-03   3.9924596E-03
   1.5000000E-01   4.1910802E+04   1.8695401E+04   6.0584982E+04   3.5722166E-03   9.8542650E-03   1.3521797E-03
   2.0000000E-01   2.9220848E+04   1.3496339E+04   4.2701271E+04   4.3488824E-03   6.2392792E-03   2.0853766E-03
   2.5000000E-01   2.2931044E+04   9.3073811E+03   3.2212960E+04   3.5893590E-03   8.6687474E-03   4.3470229E-03
   3.0000000E-01   1.7761692E+04   7.6076063E+03   2.5369298E+04   3.2152087E-03   1.5569378E-02   3.5622064E-03
   3.5000000E-01   1.5142456E+04   6.0933607E+03   2.1235817E+04   8.8746430E-03   1.1469224E-02   8.6695807E-03
   4.0000000E-01   1.2430001E+04   4.9735920E+03   1.7403593E+04   4.0992195E-03   3.3558469E-03   1.9762534E-03
   4.5000000E-01   1.1112552E+04   4.5270739E+03   1.5632552E+04   5.2507240E-03   8.7209238E-03   3.1156143E-03
   5.0000000E-01   9.2373529E+03   3.7624229E+03   1.2999776E+04   6.1769338E-03   1.0264883E-02   2.2872089E-03
   5.5000000E-01   8.3744437E+03   3.3277852E+03   1.1696441E+04   5.9723647E-03   4.4001785E-03   3.0711909E-03
   6.0000000E-01   7.0877001E+03   2.6525824E+03   9.7243670E+03   7.3688692E-03   8.4712316E-03   7.5059921E-03
   6.5000000E-01   6.4592422E+03   2.1645072E+03   8.6237494E+03   1.3581135E-03   9.2632534E-03   3.0755803E-03
   7.0000000E-01   5.5658757E+03   1.9962577E+03   7.5621334E+03   1.1770192E-02   8.8230586E-03   9.7205772E-03
   7.5000000E-01   4.8001131E+03   1.7655588E+03   6.5656719E+03   9.4405832E-03   6.8076732E-03   5.7323990E-03
   8.0000000E-01   4.0107046E+03   1.5000353E+03   5.5107399E+03   2.5778300E-04   1.0603118E-02   2.9082208E-03
   8.5000000E-01   3.4639605E+03   1.1159570E+03   4.5724279E+03   9.4612859E-03   7.6918139E-03   6.8621844E-03
   9.0000000E-01   2.8082006E+03   9.1248834E+02   3.7206889E+03   1.6077177E-03   3.0712642E-03   1.7727873E-03
   9.5000000E-01   1.6987696E+03   5.3610086E+02   2.2348705E+03   5.9344285E-03   9.1423451E-03   3.1069547E-03
   1.0000000E+00   6.7906109E+02   2.3892890E+02   9.1798999E+02   7.4856427E-03   1.6038635E-02   3.1686897E-03
