   0.0000000E+00   4.6549638E+06   9.1932988E+06   1.3833493E+07   2.8998833E-05   4.5597011E-07   1.0047123E-05
   5.0000000E-02   2.2861016E+05   1.5883663E+05   3.8738313E+05   4.0043231E-04   7.4923259E-05   2.3605426E-04
   1.0000000E-01   1.2789691E+05   7.0028175E+04   1.9782959E+05   4.7565252E-04   9.6845680E-05   2.8323106E-04
   1.5000000E-01   9.8187990E+04   3.9512867E+04   1.3765842E+05   1.7315212E-04   2.8600953E-04   1.8875783E-04
   2.0000000E-01   7.9211415E+04   2.8090847E+04   1.0728635E+05   4.4330628E-04   7.9483780E-04   3.7384431E-04
   2.5000000E-01   6.7978259E+04   1.8665692E+04   8.6631219E+04   4.8042653E-04   6.0244144E-04   2.5041726E-04
   3.0000000E-01   5.9990803E+04   1.5374368E+04   7.5333340E+04   4.3785509E-04   2.7113998E-05   3.5119025E-04
   3.5000000E-01   5.1902701E+04   1.0349619E+04   6.2243225E+04   8.4747400E-04   9.5188998E-06   7.0794255E-04
   4.0000000E-01   4.6974581E+04   8.2283106E+03   5.5155146E+04   6.8464189E-04   5.7577543E-04   5.2428648E-04
   4.5000000E-01   4.0439503E+04   6.2530209E+03   4.6671303E+04   1.5286707E-04   2.1677530E-04   1.4859510E-04
   5.0000000E-01   2.1199438E+04   2.7756622E+03   2.3975101E+04   6.8001277E-04   1.1903061E-03   6.6856628E-04
   5.5000000E-01   1.2309911E+04   1.2385148E+03   1.3548426E+04   1.0674097E-03   3.2163866E-03   1.2585116E-03
   6.0000000E-01   9.0453059E+03   6.8436626E+02   9.7296722E+03   7.1929249E-04   1.5793308E-06   6.6873343E-04
   6.5000000E-01   6.5326983E+03   3.3789819E+02   6.8656994E+03   9.6256901E-04   3.7426393E-03   1.0573120E-03
   7.0000000E-01   4.7655537E+03   3.0921532E+02   5.0747690E+03   1.5676993E-03   3.3494404E-03   1.3631517E-03
   7.5000000E-01   3.4632116E+03   1.3581222E+02   3.5990238E+03   4.2505889E-03   4.0920846E-05   4.0897060E-03
   8.0000000E-01   2.1883805E+03   1.1936621E+02   2.3077467E+03   3.9966418E-03   1.6369530E-02   2.9987298E-03
   8.5000000E-01   1.6065287E+03   4.1193044E+01   1.6477218E+03   5.7660820E-03   6.8242157E-06   5.6220990E-03
   9.0000000E-01   1.1388420E+03   6.0125201E+01   1.1989672E+03   3.6748470E-03   2.1664176E-05   3.4904478E-03
   9.5000000E-01   6.2991851E+02   1.0051891E+01   6.3997040E+02   6.1512972E-03   1.2059878E-05   6.0548586E-03
   1.0000000E+00   3.2695534E+02   6.2876027E+00   3.3324294E+02   1.0587819E-02   4.6535396E-06   1.0388136E-02
