   0.0000000E+00   7.3847894E+05   9.8487625E+06   1.0585714E+07   2.7706923E-04   8.4677971E-05   1.0445706E-04
   5.0000000E-02   1.4693184E+05   1.9423269E+05   3.4116454E+05   2.2960621E-03   6.4245821E-04   1.2610326E-03
   1.0000000E-01   8.0277753E+04   7.1174091E+04   1.5138818E+05   7.1480130E-03   1.2567467E-03   4.2810672E-03
   1.5000000E-01   5.7805075E+04   3.9767515E+04   9.7572590E+04   4.0818673E-03   6.2512731E-04   2.4003602E-03
   2.0000000E-01   4.2032820E+04   2.3268453E+04   6.5301273E+04   6.4718154E-03   5.9568298E-04   4.2814272E-03
   2.5000000E-01   3.5714369E+04   1.5940959E+04   5.1655328E+04   2.6873853E-03   5.9542002E-04   1.6750820E-03
   3.0000000E-01   3.1162538E+04   1.0748264E+04   4.1910802E+04   1.6275601E-03   1.0395699E-03   1.2198760E-03
   3.5000000E-01   2.6838071E+04   7.1483306E+03   3.3986401E+04   2.2936739E-03   2.1077463E-03   1.8287728E-03
   4.0000000E-01   2.4239298E+04   4.7746483E+03   2.9013946E+04   2.2648340E-03   2.6605816E-03   2.2610114E-03
   4.5000000E-01   2.3328578E+04   3.4943352E+03   2.6822913E+04   2.1457397E-03   3.9546687E-03   1.5766656E-03
   5.0000000E-01   2.1288565E+04   2.3618594E+03   2.3650425E+04   1.7313940E-03   4.5603811E-03   1.9704953E-03
   5.5000000E-01   2.0331321E+04   1.5510373E+03   2.1882358E+04   1.7230316E-03   1.1901327E-02   2.2532520E-03
   6.0000000E-01   1.9576058E+04   1.0238968E+03   2.0599955E+04   1.6610339E-03   7.2737783E-03   1.8751601E-03
   6.5000000E-01   1.9372829E+04   6.7089930E+02   2.0043729E+04   1.1469676E-03   1.9293586E-03   1.0588960E-03
   7.0000000E-01   1.7570706E+04   4.1835014E+02   1.7989056E+04   3.4044142E-04   1.0288640E-02   2.4568184E-04
   7.5000000E-01   1.7188734E+04   2.3342725E+02   1.7422161E+04   6.9860482E-04   1.8673342E-03   6.6705889E-04
   8.0000000E-01   1.6484473E+04   1.8700706E+02   1.6675459E+04   6.0399712E-04   9.5014272E-06   5.9718556E-04
   8.5000000E-01   1.5383730E+04   1.0111020E+02   1.5484840E+04   4.6511734E-04   4.2086875E-06   4.6210725E-04
   9.0000000E-01   1.4797873E+04   8.8419413E+01   1.4886292E+04   1.2528452E-03   3.8077079E-05   1.2455722E-03
   9.5000000E-01   1.3911817E+04   5.3610086E+01   1.3965427E+04   2.8610811E-04   1.2450823E-05   2.8504329E-04
   1.0000000E+00   5.8914837E+03   6.2876027E+00   5.8977713E+03   1.0112747E-03   6.7843882E-06   1.0102022E-03
