   0.0000000E+00   6.8907724E+05   3.1168904E+05   1.0007663E+06   1.2660117E-02   1.4949751E-04   8.6712966E-03
   5.0000000E-02   2.4032396E+05   1.1522818E+05   3.5555214E+05   1.0770356E-03   8.7950301E-05   7.0613095E-04
   1.0000000E-01   1.2687832E+05   6.0542540E+04   1.8742086E+05   2.5740251E-03   3.0086644E-04   1.6458140E-03
   1.5000000E-01   8.5795125E+04   4.2589863E+04   1.2838499E+05   2.3683506E-03   9.4559456E-05   1.6057072E-03
   2.0000000E-01   6.4441836E+04   3.1719580E+04   9.6161417E+04   2.9093706E-03   1.9417488E-04   1.8969871E-03
   2.5000000E-01   5.0929582E+04   2.5948622E+04   7.6878204E+04   6.2701399E-03   2.1990023E-04   4.1062759E-03
   3.0000000E-01   4.3375027E+04   2.1942161E+04   6.5317189E+04   3.8448839E-03   3.5474832E-04   2.4477200E-03
   3.5000000E-01   3.5487005E+04   1.7779881E+04   5.3266886E+04   3.8972426E-03   3.3006432E-04   2.6771709E-03
   4.0000000E-01   3.1671834E+04   1.5804086E+04   4.7475920E+04   6.9346930E-03   1.0597856E-04   4.6369405E-03
   4.5000000E-01   2.7537342E+04   1.3574148E+04   4.1111490E+04   9.3132006E-03   8.0673967E-05   6.2148025E-03
   5.0000000E-01   2.4860002E+04   1.1917522E+04   3.6777524E+04   9.6493698E-03   8.7021907E-05   6.5487665E-03
   5.5000000E-01   2.1297825E+04   1.0955648E+04   3.2253473E+04   6.1225792E-03   2.5063877E-04   4.1204201E-03
   6.0000000E-01   1.9215307E+04   9.4909398E+03   2.8706247E+04   6.0345340E-03   1.7702219E-04   4.0953142E-03
   6.5000000E-01   1.6630467E+04   8.1487331E+03   2.4779200E+04   6.3494325E-03   3.3978864E-04   4.3611997E-03
   7.0000000E-01   1.4792315E+04   7.5075660E+03   2.2304428E+04   1.6328693E-03   3.4725865E-04   1.1996953E-03
   7.5000000E-01   1.2409841E+04   6.4298597E+03   1.8839701E+04   8.3726267E-03   2.8213144E-04   5.4213662E-03
   8.0000000E-01   1.0826515E+04   5.3555638E+03   1.6182079E+04   8.7358512E-03   9.6600413E-05   5.8749681E-03
   8.5000000E-01   9.0175318E+03   4.6847726E+03   1.3702304E+04   4.0170769E-03   3.4576415E-04   2.5890902E-03
   9.0000000E-01   6.9214716E+03   3.5756811E+03   1.0497153E+04   9.6921117E-03   4.4296569E-04   6.2607926E-03
   9.5000000E-01   4.7411420E+03   2.4895184E+03   7.2306604E+03   1.0189060E-02   1.8685089E-04   6.7452272E-03
   1.0000000E+00   2.3389882E+03   1.3706974E+03   3.7096856E+03   8.8080610E-03   5.7868948E-04   5.6729583E-03
