   0.0000000E+00   2.6762986E+07   1.4974316E+07   4.1379776E+07   7.9314848E-04   3.7586982E-04   6.3789576E-04
   5.0000000E-02   6.4871555E+04   2.6610706E+04   9.1418599E+04   9.7989381E-02   8.5307979E-02   9.4161368E-02
   1.0000000E-01   3.4154651E+04   1.2223100E+04   4.6377750E+04   1.1313693E-01   7.6517111E-02   1.0346143E-01
   1.5000000E-01   2.1666293E+04   7.6394373E+03   2.9305730E+04   1.1607715E-01   9.1447224E-02   1.0965358E-01
   2.0000000E-01   1.4769579E+04   4.9019722E+03   1.9671551E+04   1.1029649E-01   7.4634880E-02   1.0139334E-01
   2.5000000E-01   1.2070311E+04   3.6541975E+03   1.5724508E+04   1.1150919E-01   9.0938140E-02   1.0665730E-01
   3.0000000E-01   9.1142731E+03   2.9815026E+03   1.2095776E+04   1.1219109E-01   7.9105413E-02   1.0393461E-01
   3.5000000E-01   7.8758960E+03   2.1463181E+03   1.0022214E+04   1.1603770E-01   6.5573840E-02   1.0521794E-01
   4.0000000E-01   6.3821132E+03   1.9257748E+03   8.3078880E+03   1.2648771E-01   1.0160309E-01   1.2070160E-01
   4.5000000E-01   5.5385920E+03   1.4005635E+03   6.9391555E+03   1.2362933E-01   7.3939706E-02   1.1356801E-01
   5.0000000E-01   4.7873807E+03   1.3305353E+03   6.1179160E+03   1.2257468E-01   7.8255449E-02   1.1291078E-01
   5.5000000E-01   4.2827148E+03   9.8965437E+02   5.2723692E+03   1.3240164E-01   7.4432508E-02   1.2151017E-01
   6.0000000E-01   3.4218313E+03   7.2150241E+02   4.1433337E+03   1.3800187E-01   6.9773371E-02   1.2612075E-01
   6.5000000E-01   2.8892744E+03   7.3456128E+02   3.6238356E+03   1.3779974E-01   9.0238449E-02   1.2814389E-01
   7.0000000E-01   2.4146079E+03   6.4116706E+02   3.0557749E+03   1.3695951E-01   7.6673540E-02   1.2429157E-01
   7.5000000E-01   2.1560190E+03   5.6871366E+02   2.7247326E+03   1.2856051E-01   7.7125711E-02   1.1778833E-01
   8.0000000E-01   1.8382396E+03   4.1380285E+02   2.2520424E+03   1.3099874E-01   5.3265791E-02   1.1662110E-01
   8.5000000E-01   1.4904392E+03   3.3328917E+02   1.8237284E+03   1.2004121E-01   5.9338322E-02   1.0892058E-01
   9.0000000E-01   1.0398123E+03   2.2635370E+02   1.2661660E+03   1.4092583E-01   6.2720085E-02   1.2694136E-01
   9.5000000E-01   6.2656788E+02   1.2062269E+02   7.4719057E+02   1.7170438E-01   9.1108176E-02   1.5869327E-01
   1.0000000E+00   2.8294212E+02   5.0300822E+01   3.3324294E+02   1.4896385E-01   1.3536583E-01   1.4507928E-01
