   0.0000000E+00   3.3231043E+07   1.6968718E+07   4.9665510E+07   2.2489852E-05   2.4691772E-10   1.5047977E-05
   5.0000000E-02   1.5915494E+03   3.1830989E+02   1.9098593E+03   2.0671115E-01   3.3159116E-06   1.7225984E-01
   1.0000000E-01   9.8676065E+02   1.9098593E+02   1.1777466E+03   2.0206637E-01   7.8627237E-06   1.6930012E-01
   1.5000000E-01   4.0319252E+02   1.2732395E+02   5.3051648E+02   1.7962421E-01   2.6391096E-08   1.3651441E-01
   2.0000000E-01   3.5014087E+02   4.7746483E+01   3.9788736E+02   2.1754744E-01   7.9395979E-06   1.9144270E-01
   2.5000000E-01   2.4191551E+02   6.3661977E+01   3.0557749E+02   2.5446171E-01   1.0567883E-06   2.0144863E-01
   3.0000000E-01   2.2281692E+02   2.1220659E+01   2.4403758E+02   2.0207686E-01   1.7626440E-06   1.8450511E-01
   3.5000000E-01   1.4551309E+02   1.8189136E+01   1.6370223E+02   1.8550824E-01   2.7295798E-06   1.6489591E-01
   4.0000000E-01   1.0345071E+02   2.3873241E+01   1.2732395E+02   1.5138317E-01   2.0867859E-05   1.2299491E-01
   4.5000000E-01   1.4854461E+02   2.1220659E+01   1.6976527E+02   1.6335249E-01   5.9382727E-05   1.4292600E-01
   5.0000000E-01   7.0028175E+01   1.2732395E+01   8.2760570E+01   1.7809531E-01   3.3936221E-06   1.5069551E-01
   5.5000000E-01   5.7874525E+01   0.0000000E+00   5.7874525E+01   2.1716577E-01   0.0000000E+00   2.1716577E-01
   6.0000000E-01   4.2441318E+01   0.0000000E+00   4.2441318E+01   9.4659684E-02   0.0000000E+00   9.4659684E-02
   6.5000000E-01   5.3867827E+01   0.0000000E+00   5.3867827E+01   7.0797148E-02   0.0000000E+00   7.0797148E-02
   7.0000000E-01   3.6378273E+01   0.0000000E+00   3.6378273E+01   8.0250445E-02   0.0000000E+00   8.0250445E-02
   7.5000000E-01   1.6976527E+01   0.0000000E+00   1.6976527E+01   9.0887480E-02   0.0000000E+00   9.0887480E-02
   8.0000000E-01   1.1936621E+01   0.0000000E+00   1.1936621E+01   2.6044814E-05   0.0000000E+00   2.6044814E-05
   8.5000000E-01   1.4979289E+01   0.0000000E+00   1.4979289E+01   2.5280758E-06   0.0000000E+00   2.5280758E-06
   9.0000000E-01   3.1830989E+01   3.5367765E+00   3.5367765E+01   6.6573679E-05   2.8879342E-05   5.7028377E-05
   9.5000000E-01   1.0051891E+01   0.0000000E+00   1.0051891E+01   1.2722138E-01   0.0000000E+00   1.2722138E-01
   1.0000000E+00   0.0000000E+00   0.0000000E+00   0.0000000E+00   0.0000000E+00   0.0000000E+00   0.0000000E+00
