   0.0000000E+00   1.9180590E+07   1.1273263E+07   3.0293425E+07   2.0643790E-03   4.8963394E-04   1.4942110E-03
   5.0000000E-02   1.8258255E+05   8.9699726E+04   2.7221861E+05   3.0678350E-02   1.2692156E-02   2.4776677E-02
   1.0000000E-01   7.0664795E+04   3.1353524E+04   1.0198649E+05   2.4592350E-02   1.5716378E-02   2.1582551E-02
   1.5000000E-01   4.3926764E+04   1.9629110E+04   6.3555874E+04   2.4728933E-02   1.3915513E-02   2.1368937E-02
   2.0000000E-01   3.0143946E+04   1.3719156E+04   4.3847187E+04   2.5035409E-02   1.0669590E-02   2.0548457E-02
   2.5000000E-01   2.4013298E+04   9.3583107E+03   3.3358876E+04   2.7023518E-02   2.2617115E-02   2.5469032E-02
   3.0000000E-01   1.9034931E+04   7.7349302E+03   2.6759251E+04   1.7932944E-02   6.1511379E-03   1.4092333E-02
   3.5000000E-01   1.6161048E+04   5.3930789E+03   2.1535937E+04   2.6762119E-02   7.7176779E-03   2.1694054E-02
   4.0000000E-01   1.3201903E+04   5.2521131E+03   1.8438100E+04   2.1883870E-02   7.4799799E-03   1.7282328E-02
   4.5000000E-01   1.1600627E+04   4.1875434E+03   1.5781097E+04   2.3157251E-02   1.6884922E-02   2.1500627E-02
   5.0000000E-01   9.5238318E+03   3.2021975E+03   1.2719663E+04   2.6109984E-02   1.3544580E-02   2.2925270E-02
   5.5000000E-01   8.4381057E+03   3.1078620E+03   1.1540180E+04   2.4108333E-02   1.3264933E-02   2.0718316E-02
   6.0000000E-01   7.2946016E+03   2.4615965E+03   9.7561980E+03   3.3956673E-02   1.3065414E-02   2.8367440E-02
   6.5000000E-01   6.5473895E+03   2.1106394E+03   8.6531318E+03   2.1191911E-02   5.9708938E-03   1.7439478E-02
   7.0000000E-01   5.3521534E+03   1.8916702E+03   7.2438236E+03   2.5338085E-02   1.3611430E-02   2.2269573E-02
   7.5000000E-01   4.7746483E+03   1.4005635E+03   6.1752118E+03   2.1779071E-02   1.3067880E-02   1.9083119E-02
   8.0000000E-01   3.9311271E+03   1.1697888E+03   5.1009159E+03   2.6773581E-02   1.7746302E-02   2.4667029E-02
   8.5000000E-01   3.1156921E+03   1.1122122E+03   4.2279043E+03   2.5803015E-02   8.9861119E-03   2.1365540E-02
   9.0000000E-01   2.2281692E+03   6.9674497E+02   2.9249142E+03   2.6611771E-02   2.0990746E-02   2.4321206E-02
   9.5000000E-01   1.4977318E+03   4.4228321E+02   1.9400150E+03   4.2661651E-02   3.1151013E-02   3.9796896E-02
   1.0000000E+00   5.4073383E+02   1.5719007E+02   6.9792390E+02   3.4499779E-02   3.9247315E-02   2.0425795E-02
