   0.0000000E+00   3.4122820E+04   1.5529957E+07   1.5561024E+07   7.1040247E-06   6.2887042E-06   6.2568491E-06
   5.0000000E-02   3.1194369E+04   1.8181861E+05   2.1301298E+05   4.1561831E-04   4.0699143E-04   2.9833940E-04
   1.0000000E-01   3.1289862E+04   2.2281692E+02   3.1512679E+04   4.2751009E-04   1.6815051E-01   1.5780998E-03
   1.5000000E-01   3.2743477E+04   4.2441318E+01   3.2785918E+04   6.0279823E-06   2.5097345E-01   3.2806791E-04
   2.0000000E-01   3.2754087E+04   1.5915494E+01   3.2770003E+04   5.8562281E-05   2.2891077E-01   8.5530577E-05
   2.5000000E-01   3.5574313E+04   0.0000000E+00   3.5574313E+04   2.6636445E-05   0.0000000E+00   2.6636445E-05
   3.0000000E-01   3.7284698E+04   0.0000000E+00   3.7284698E+04   7.2435624E-05   0.0000000E+00   7.2435624E-05
   3.5000000E-01   4.0261653E+04   0.0000000E+00   4.0261653E+04   4.8027508E-05   0.0000000E+00   4.8027508E-05
   4.0000000E-01   4.2653525E+04   0.0000000E+00   4.2653525E+04   1.5695862E-04   0.0000000E+00   1.5695862E-04
   4.5000000E-01   4.9903917E+04   7.0735530E+00   4.9910990E+04   9.5189660E-06   5.6579933E-01   8.5678722E-05
   5.0000000E-01   6.3674710E+04   0.0000000E+00   6.3681076E+04   3.8195112E-05   0.0000000E+00   3.8191293E-05
   5.5000000E-01   1.1081235E+05   5.7874525E+00   1.1080657E+05   1.8254444E-05   7.1939744E-01   2.0861689E-05
   6.0000000E-01   4.7704042E+04   0.0000000E+00   4.7709347E+04   5.2921764E-05   0.0000000E+00   5.2915880E-05
   6.5000000E-01   1.5670641E+02   0.0000000E+00   1.5670641E+02   7.8640110E-03   0.0000000E+00   7.8640110E-03
   7.0000000E-01   4.5472841E+00   4.5472841E+00   9.0945682E+00   3.4828563E-02   8.1273663E-01   4.2369095E-01
   7.5000000E-01   0.0000000E+00   0.0000000E+00   0.0000000E+00   0.0000000E+00   0.0000000E+00   0.0000000E+00
   8.0000000E-01   0.0000000E+00   0.0000000E+00   0.0000000E+00   0.0000000E+00   0.0000000E+00   0.0000000E+00
   8.5000000E-01   0.0000000E+00   0.0000000E+00   0.0000000E+00   0.0000000E+00   0.0000000E+00   0.0000000E+00
   9.0000000E-01   0.0000000E+00   0.0000000E+00   0.0000000E+00   0.0000000E+00   0.0000000E+00   0.0000000E+00
   9.5000000E-01   0.0000000E+00   0.0000000E+00   0.0000000E+00   0.0000000E+00   0.0000000E+00   0.0000000E+00
   1.0000000E+00   0.0000000E+00   0.0000000E+00   0.0000000E+00   0.0000000E+00   0.0000000E+00   0.0000000E+00
