   0.0000000E+00   2.9041066E+07   1.5836553E+07   4.4570005E+07   4.6316854E-04   3.0199551E-04   4.0454641E-04
   5.0000000E-02   4.9910990E+04   1.8016340E+04   6.7927330E+04   1.2351003E-01   8.0256634E-02   1.1203533E-01
   1.0000000E-01   2.5146481E+04   7.3529584E+03   3.2499439E+04   1.3302441E-01   7.1334009E-02   1.1906676E-01
   1.5000000E-01   1.5936715E+04   4.7746483E+03   2.0711363E+04   1.2578922E-01   6.7413242E-02   1.1233006E-01
   2.0000000E-01   1.1236339E+04   3.3422538E+03   1.4578593E+04   1.3248275E-01   7.8581793E-02   1.2011737E-01
   2.5000000E-01   8.6962261E+03   2.4064227E+03   1.1102649E+04   1.2541483E-01   1.0628494E-01   1.2126650E-01
   3.0000000E-01   6.9922072E+03   1.7294837E+03   8.7216909E+03   1.3147910E-01   5.2515965E-02   1.1581449E-01
   3.5000000E-01   5.4112681E+03   1.3187124E+03   6.7299805E+03   1.3454906E-01   7.8312985E-02   1.2351721E-01
   4.0000000E-01   4.4404229E+03   8.9126768E+02   5.3316906E+03   1.5037841E-01   8.4884245E-02   1.3943012E-01
   4.5000000E-01   3.7631302E+03   9.4785611E+02   4.7109863E+03   1.3067895E-01   6.2154098E-02   1.1688058E-01
   5.0000000E-01   3.2212960E+03   5.9205639E+02   3.8133524E+03   1.3554981E-01   4.7926158E-02   1.2194326E-01
   5.5000000E-01   2.8127019E+03   5.0350837E+02   3.3162103E+03   1.3145912E-01   8.5575569E-02   1.2449250E-01
   6.0000000E-01   2.0000471E+03   4.9338032E+02   2.4934274E+03   1.2646107E-01   7.2700786E-02   1.1582209E-01
   6.5000000E-01   2.0175950E+03   2.7913328E+02   2.2967283E+03   1.2185063E-01   6.4916609E-02   1.1491290E-01
   7.0000000E-01   1.6097386E+03   2.4555334E+02   1.8552919E+03   1.2710290E-01   5.6811690E-02   1.1779655E-01
   7.5000000E-01   1.0483006E+03   1.7825354E+02   1.2265541E+03   1.3966065E-01   9.2137551E-02   1.3275332E-01
   8.0000000E-01   8.8330993E+02   1.2732395E+02   1.0106339E+03   1.2309879E-01   8.4201556E-02   1.1819681E-01
   8.5000000E-01   7.0028175E+02   7.8641266E+01   7.7892302E+02   1.4741078E-01   7.7946896E-02   1.4038929E-01
   9.0000000E-01   5.4466358E+02   7.7809083E+01   6.2247267E+02   1.2772095E-01   7.7192817E-02   1.2139990E-01
   9.5000000E-01   3.4511493E+02   2.6805043E+01   3.7191997E+02   1.4501144E-01   5.3569455E-02   1.3842058E-01
   1.0000000E+00   1.3832726E+02   1.2575205E+01   1.5090246E+02   9.9990501E-02   1.1014746E-05   9.1658870E-02
