   0.0000000E+00   3.2186986E+07   1.6430902E+07   4.8206886E+07   2.0502399E-04   1.3051348E-04   1.7865180E-04
   5.0000000E-02   2.0626481E+04   6.8754935E+03   2.7501974E+04   1.4402685E-01   9.0449617E-02   1.3063254E-01
   1.0000000E-01   8.6580289E+03   3.1512679E+03   1.1809297E+04   1.2101458E-01   1.0928158E-01   1.1787777E-01
   1.5000000E-01   5.6659160E+03   1.9310800E+03   7.5969960E+03   1.3853903E-01   1.5106855E-01   1.4172364E-01
   2.0000000E-01   3.9629581E+03   8.7535219E+02   4.8383103E+03   1.5083038E-01   8.9984382E-02   1.3982200E-01
   2.5000000E-01   3.6032679E+03   6.2388738E+02   4.2271553E+03   1.4976738E-01   1.2970748E-01   1.4680609E-01
   3.0000000E-01   2.2387795E+03   5.4112681E+02   2.7799063E+03   1.4222043E-01   1.1698889E-01   1.3730461E-01
   3.5000000E-01   2.0098996E+03   5.3657952E+02   2.5464791E+03   1.3423213E-01   9.8034058E-02   1.2660467E-01
   4.0000000E-01   1.4880987E+03   2.7852115E+02   1.7666199E+03   1.3897461E-01   8.2169529E-02   1.2998936E-01
   4.5000000E-01   1.1176214E+03   2.5464791E+02   1.3722693E+03   1.4809860E-01   8.3081975E-02   1.3603334E-01
   5.0000000E-01   9.7402825E+02   1.9098593E+02   1.1650142E+03   1.4498285E-01   7.6095165E-02   1.3367186E-01
   5.5000000E-01   7.1185665E+02   1.6783612E+02   8.7969278E+02   1.5451633E-01   8.3687713E-02   1.4100239E-01
   6.0000000E-01   6.3661977E+02   1.0079813E+02   7.3741790E+02   1.4558402E-01   5.2057025E-02   1.3279958E-01
   6.5000000E-01   4.7991337E+02   8.3250278E+01   5.6316364E+02   1.4491294E-01   4.5889004E-02   1.3027462E-01
   7.0000000E-01   3.5468816E+02   8.1851114E+01   4.3653927E+02   1.5930318E-01   1.2381784E-01   1.5264968E-01
   7.5000000E-01   3.3104228E+02   4.2441318E+01   3.7348360E+02   1.3640892E-01   1.1082669E-01   1.3350184E-01
   8.0000000E-01   2.5066904E+02   3.1830989E+01   2.8250002E+02   1.5516265E-01   8.5197051E-02   1.4717696E-01
   8.5000000E-01   2.1719969E+02   1.8724111E+01   2.3592380E+02   1.3616315E-01   2.7859680E-06   1.2535676E-01
   9.0000000E-01   1.5915494E+02   2.4757436E+01   1.8391238E+02   1.1415749E-01   5.1312708E-02   1.0569646E-01
   9.5000000E-01   9.0467020E+01   6.7012608E+00   9.7168281E+01   1.2231853E-01   4.2198091E-01   1.4298490E-01
   1.0000000E+00   3.7725616E+01   0.0000000E+00   3.7725616E+01   2.7918467E-01   0.0000000E+00   2.7918467E-01
