   0.0000000E+00   3.2457932E+07   1.6600497E+07   4.8595479E+07   2.4355378E-04   2.1637349E-05   1.6732372E-04
   5.0000000E-02   1.3687325E+04   3.5650707E+03   1.7252396E+04   1.6870933E-01   2.6986885E-02   1.3942344E-01
   1.0000000E-01   6.4616907E+03   1.4323945E+03   7.8940852E+03   1.7254699E-01   5.9773626E-02   1.5208400E-01
   1.5000000E-01   3.6075120E+03   9.1248834E+02   4.5200004E+03   1.8519407E-01   1.8505061E-02   1.5154259E-01
   2.0000000E-01   3.0557749E+03   8.1169021E+02   3.8674651E+03   1.9266825E-01   1.1448562E-02   1.5463446E-01
   2.5000000E-01   2.1135776E+03   5.3476061E+02   2.6483383E+03   2.0875192E-01   6.2399885E-03   1.6786001E-01
   3.0000000E-01   1.7507044E+03   3.8197186E+02   2.1326762E+03   1.9835111E-01   4.7104979E-03   1.6366918E-01
   3.5000000E-01   1.3459961E+03   1.6370223E+02   1.5096983E+03   1.8560047E-01   3.0117033E-05   1.6547185E-01
   4.0000000E-01   1.0106339E+03   1.9894368E+02   1.2095776E+03   1.8612133E-01   1.2256352E-05   1.5550725E-01
   4.5000000E-01   8.2760570E+02   1.5561817E+02   9.8322387E+02   1.9387034E-01   1.9439827E-02   1.6626250E-01
   5.0000000E-01   7.7667612E+02   1.4005635E+02   9.1673247E+02   1.4638401E-01   3.3862249E-06   1.2402031E-01
   5.5000000E-01   6.6555703E+02   8.1024335E+01   7.4658137E+02   1.5347863E-01   1.9022120E-05   1.3682410E-01
   6.0000000E-01   5.5173714E+02   9.0187801E+01   6.4192494E+02   1.4546344E-01   1.1104750E-05   1.2502487E-01
   6.5000000E-01   4.1135431E+02   2.9382451E+01   4.4073677E+02   1.0351089E-01   2.4896961E-06   9.6610332E-02
   7.0000000E-01   3.5468816E+02   4.0925557E+01   3.9561372E+02   1.1901276E-01   2.0959691E-05   1.0670326E-01
   7.5000000E-01   2.6313617E+02   2.5464791E+01   2.8860096E+02   1.1894237E-01   1.2697123E-05   1.0844633E-01
   8.0000000E-01   2.3873241E+02   1.9894368E+01   2.5862678E+02   8.5440898E-02   2.7757907E-06   7.8868735E-02
   8.5000000E-01   1.6102735E+02   3.7448222E+00   1.6477218E+02   1.1334882E-01   6.7221935E-06   1.1077255E-01
   9.0000000E-01   1.6269172E+02   1.7683883E+01   1.8037560E+02   7.1248533E-02   7.5606874E-07   6.4263310E-02
   9.5000000E-01   8.0415129E+01   1.0051891E+01   9.0467020E+01   8.6690600E-02   6.8539029E-06   7.7057562E-02
   1.0000000E+00   4.4013219E+01   0.0000000E+00   4.4013219E+01   1.2061765E-01   0.0000000E+00   1.2061765E-01
