   0.0000000E+00   3.1525411E+05   9.5416571E+06   9.8564020E+06   4.1395809E-03   3.9954077E-06   1.3438246E-04
   5.0000000E-02   8.5880007E+04   1.9716114E+05   2.8285016E+05   2.4746732E-03   9.4590757E-05   7.0670230E-04
   1.0000000E-01   6.5794653E+04   7.1778879E+04   1.3754170E+05   1.9047435E-03   2.6301760E-04   8.6720569E-04
   1.5000000E-01   5.2584793E+04   4.0425356E+04   9.2967707E+04   2.9822322E-03   2.7607155E-04   1.7061363E-03
   2.0000000E-01   4.3544792E+04   2.5623946E+04   6.9168738E+04   8.6125881E-03   4.8046778E-04   5.5997315E-03
   2.5000000E-01   3.8184454E+04   1.6297466E+04   5.4469188E+04   1.8385626E-03   4.6548747E-05   1.2891208E-03
   3.0000000E-01   3.2945073E+04   1.1310611E+04   4.4245074E+04   1.7724666E-03   2.9622060E-06   1.4203548E-03
   3.5000000E-01   2.9575536E+04   7.6940047E+03   3.7269540E+04   5.9035861E-03   6.2988656E-06   4.6836828E-03
   4.0000000E-01   2.7860073E+04   5.4351413E+03   3.3295214E+04   2.6993612E-03   4.5228729E-05   2.2618434E-03
   4.5000000E-01   2.6773398E+04   3.8126451E+03   3.0550676E+04   2.3238983E-03   2.6530684E-04   2.0783029E-03
   5.0000000E-01   2.4178819E+04   2.6483383E+03   2.6827157E+04   6.5725444E-04   9.7946045E-04   5.1517985E-04
   5.5000000E-01   2.3601231E+04   1.8519848E+03   2.5441641E+04   8.3749439E-04   8.3177070E-05   7.5981507E-04
   6.0000000E-01   2.2249861E+04   1.2520189E+03   2.3496575E+04   1.8998326E-03   6.1020278E-06   1.7993365E-03
   6.5000000E-01   2.0401215E+04   8.1781155E+02   2.1214130E+04   9.5029477E-04   1.4287650E-03   8.9181864E-04
   7.0000000E-01   1.9671551E+04   6.2297792E+02   2.0289982E+04   1.5536505E-03   3.6068584E-06   1.5062367E-03
   7.5000000E-01   1.8886387E+04   3.9470426E+02   1.9281091E+04   8.6378004E-04   3.2791179E-06   8.4616035E-04
   8.0000000E-01   1.7507044E+04   2.3475354E+02   1.7741797E+04   1.1434740E-03   8.1176096E-06   1.1282646E-03
   8.5000000E-01   1.5863067E+04   1.3855842E+02   1.6001625E+04   1.9627305E-04   1.4678911E-05   1.9466355E-04
   9.0000000E-01   1.5731582E+04   1.5915494E+02   1.5890737E+04   4.6406789E-04   4.4920896E-06   4.5946225E-04
   9.5000000E-01   7.3077249E+03   2.6805043E+01   7.3345299E+03   4.9112506E-04   8.0130353E-06   4.8935306E-04
   1.0000000E+00   1.3769850E+03   6.2876027E+00   1.3832726E+03   2.4434987E-03   5.8893066E-06   2.4323660E-03
