   0.0000000E+00   2.4549586E+07   1.4957000E+07   3.9174016E+07   1.5196396E-03   3.8091357E-04   1.0937538E-03
   5.0000000E-02   9.6129586E+04   2.9475495E+04   1.2554142E+05   1.3835540E-01   5.1318589E-02   1.1798338E-01
   1.0000000E-01   4.3258314E+04   1.2891550E+04   5.6118033E+04   1.3486651E-01   4.3157530E-02   1.1387146E-01
   1.5000000E-01   2.7141223E+04   8.0426298E+03   3.5183853E+04   1.4214698E-01   4.6644667E-02   1.2031550E-01
   2.0000000E-01   2.0499157E+04   5.2998596E+03   2.5783101E+04   1.3427427E-01   3.1800813E-02   1.1317118E-01
   2.5000000E-01   1.6195607E+04   3.6414651E+03   1.9824340E+04   1.3647992E-01   3.5157244E-02   1.1769508E-01
   3.0000000E-01   1.2711175E+04   3.1724885E+03   1.5883663E+04   1.4171476E-01   2.9156767E-02   1.1922280E-01
   3.5000000E-01   1.0504226E+04   2.2736420E+03   1.2777868E+04   1.3816839E-01   2.5645523E-02   1.1811988E-01
   4.0000000E-01   8.4352120E+03   1.8461973E+03   1.0281409E+04   1.3576197E-01   2.3174875E-02   1.1549915E-01
   4.5000000E-01   7.1159943E+03   1.4288577E+03   8.5448521E+03   1.3527376E-01   2.2601295E-02   1.1640778E-01
   5.0000000E-01   6.0860850E+03   1.1459156E+03   7.2320006E+03   1.3009615E-01   2.4590405E-02   1.1337328E-01
   5.5000000E-01   5.0003589E+03   9.8965437E+02   5.9842259E+03   1.3892433E-01   1.9226853E-02   1.1926133E-01
   6.0000000E-01   4.3873713E+03   9.0187801E+02   5.2839441E+03   1.3131070E-01   2.1527219E-02   1.1225367E-01
   6.5000000E-01   4.1625139E+03   7.2966420E+02   4.8872810E+03   1.2737851E-01   1.9969290E-02   1.1104891E-01
   7.0000000E-01   3.2513081E+03   4.4108656E+02   3.6923947E+03   1.3312813E-01   1.4828553E-02   1.1899625E-01
   7.5000000E-01   2.9793805E+03   4.2865731E+02   3.4080378E+03   1.2247648E-01   3.5983873E-03   1.0664099E-01
   8.0000000E-01   2.1724650E+03   3.3422538E+02   2.5066904E+03   1.2777805E-01   1.0219750E-02   1.1202520E-01
   8.5000000E-01   1.7937698E+03   2.4341344E+02   2.0371833E+03   1.0708397E-01   1.6205722E-02   9.6225333E-02
   9.0000000E-01   1.4288577E+03   1.6976527E+02   1.6021598E+03   1.1695628E-01   1.0647623E-02   1.0535158E-01
   9.5000000E-01   1.0051891E+03   1.1057080E+02   1.1157599E+03   1.1173381E-01   7.6524746E-08   1.0066108E-01
   1.0000000E+00   4.9043301E+02   6.9163630E+01   5.5959664E+02   8.5675212E-02   1.7419313E-05   7.5083988E-02
