   0.0000000E+00   1.9384817E+07   1.1248307E+07   3.0400886E+07   1.7040677E-03   1.2686976E-03   1.5383375E-03
   5.0000000E-02   1.7449748E+05   8.0596063E+04   2.5502988E+05   2.8823235E-02   1.6247808E-02   2.4802707E-02
   1.0000000E-01   6.7513527E+04   3.1130707E+04   9.8580572E+04   2.1529049E-02   1.6312994E-02   1.9492366E-02
   1.5000000E-01   4.1698595E+04   1.8589297E+04   6.0266672E+04   2.7664972E-02   2.1901361E-02   2.5860636E-02
   2.0000000E-01   2.8504650E+04   1.3639579E+04   4.2112398E+04   3.5277387E-02   1.5296396E-02   2.8567784E-02
   2.5000000E-01   2.2179833E+04   9.9312684E+03   3.2098369E+04   3.0053080E-02   2.1311650E-02   2.6876631E-02
   3.0000000E-01   1.8239156E+04   7.6712683E+03   2.5889204E+04   2.5636079E-02   1.5392267E-02   2.2322294E-02
   3.5000000E-01   1.4924186E+04   6.3025357E+03   2.1226722E+04   2.7069703E-02   1.5345949E-02   2.3174516E-02
   4.0000000E-01   1.2652818E+04   4.8860568E+03   1.7538875E+04   2.9220337E-02   1.8515422E-02   2.6238089E-02
   4.5000000E-01   1.0454711E+04   4.5129268E+03   1.4967638E+04   2.5544795E-02   1.7973476E-02   2.2806827E-02
   5.0000000E-01   9.7530149E+03   3.4759440E+03   1.3228959E+04   2.6866323E-02   3.6957777E-02   2.9147667E-02
   5.5000000E-01   8.4091684E+03   3.0557749E+03   1.1459156E+04   2.7084965E-02   2.3620046E-02   2.5659216E-02
   6.0000000E-01   7.4484513E+03   2.5676997E+03   1.0016151E+04   3.0718144E-02   3.0398113E-02   3.0090463E-02
   6.5000000E-01   6.4004772E+03   2.2428604E+03   8.6433377E+03   3.0367163E-02   2.4226343E-02   2.8773618E-02
   7.0000000E-01   5.5795176E+03   1.9462376E+03   7.5257552E+03   2.8372316E-02   1.6605186E-02   2.3854026E-02
   7.5000000E-01   4.9019722E+03   1.6679438E+03   6.5699161E+03   3.1905544E-02   1.2671592E-02   2.6674518E-02
   8.0000000E-01   3.9748947E+03   1.5079931E+03   5.4828878E+03   2.8262752E-02   1.8502526E-02   2.5284015E-02
   8.5000000E-01   3.2430160E+03   9.9612270E+02   4.2391387E+03   2.7571812E-02   3.2799332E-02   2.8702782E-02
   9.0000000E-01   2.7127076E+03   7.3918629E+02   3.4518939E+03   3.5617806E-02   3.0619381E-02   3.4191435E-02
   9.5000000E-01   1.7188734E+03   5.4615275E+02   2.2650261E+03   3.2049520E-02   2.3337436E-02   2.9854274E-02
   1.0000000E+00   6.7906109E+02   2.7665452E+02   9.5571561E+02   5.8739127E-02   2.2003161E-02   4.7524765E-02
