   0.0000000E+00   2.4141640E+07   1.5604315E+07   3.9383336E+07   6.7042852E-03   2.2852149E-08   4.0740050E-03
   5.0000000E-02   2.5241974E+05   8.2696908E+04   3.3486200E+05   1.9712801E-01   4.4705800E-06   1.4853494E-01
   1.0000000E-01   7.0473809E+04   2.5114650E+04   9.5556628E+04   2.2644587E-01   9.3479478E-05   1.6698115E-01
   1.5000000E-01   2.6207514E+04   8.2336157E+03   3.4441130E+04   2.4630076E-01   2.0328952E-05   1.8741439E-01
   2.0000000E-01   9.3583107E+03   2.2759157E+03   1.1634226E+04   2.1934323E-01   2.2067693E-05   1.7643046E-01
   2.5000000E-01   4.4818032E+03   8.5307049E+02   5.3348737E+03   1.5503945E-01   4.1232606E-04   1.3018201E-01
   3.0000000E-01   2.8223477E+03   2.1220659E+02   3.0345542E+03   6.8364915E-02   3.1001146E-06   6.3583942E-02
   3.5000000E-01   2.3645877E+03   4.5472841E+01   2.4100606E+03   2.2238883E-02   1.2910398E-05   2.1819038E-02
   4.0000000E-01   2.5226058E+03   1.5915494E+01   2.5385213E+03   5.3005460E-03   1.9202281E-06   5.2673257E-03
   4.5000000E-01   2.7162444E+03   0.0000000E+00   2.7162444E+03   1.1049241E-03   0.0000000E+00   1.1049241E-03
   5.0000000E-01   2.7438312E+03   0.0000000E+00   2.7438312E+03   3.4098804E-06   0.0000000E+00   3.4098804E-06
   5.5000000E-01   2.8532141E+03   0.0000000E+00   2.8532141E+03   2.8595335E-06   0.0000000E+00   2.8595335E-06
   6.0000000E-01   3.1777937E+03   0.0000000E+00   3.1777937E+03   7.7185491E-06   0.0000000E+00   7.7185491E-06
   6.5000000E-01   3.3202170E+03   0.0000000E+00   3.3202170E+03   2.5508880E-06   0.0000000E+00   2.5508880E-06
   7.0000000E-01   3.8470023E+03   0.0000000E+00   3.8470023E+03   7.0631989E-06   0.0000000E+00   7.0631989E-06
   7.5000000E-01   4.5284886E+03   0.0000000E+00   4.5242445E+03   1.3066406E-05   0.0000000E+00   1.3077982E-05
   8.0000000E-01   4.9298244E+03   0.0000000E+00   4.9298244E+03   1.0597481E-06   0.0000000E+00   1.0597481E-06
   8.5000000E-01   4.9281860E+03   0.0000000E+00   4.9281860E+03   3.7195701E-05   0.0000000E+00   3.7195701E-05
   9.0000000E-01   4.4245074E+03   0.0000000E+00   4.4245074E+03   4.8353260E-06   0.0000000E+00   4.8353260E-06
   9.5000000E-01   2.9954636E+03   0.0000000E+00   2.9954636E+03   5.7634264E-06   0.0000000E+00   5.7634264E-06
   1.0000000E+00   9.4942801E+02   0.0000000E+00   9.4942801E+02   9.0098895E-06   0.0000000E+00   9.0098895E-06
