   0.0000000E+00   3.1688386E+07   1.6385065E+07   4.7486233E+07   2.4308100E-04   4.0976938E-09   1.6221357E-04
   5.0000000E-02   1.9607889E+04   5.4112681E+03   2.5019157E+04   1.6671567E-01   7.9856452E-06   1.3065930E-01
   1.0000000E-01   9.4856346E+03   1.8780283E+03   1.1363663E+04   1.7860182E-01   4.0128195E-06   1.4908433E-01
   1.5000000E-01   6.0054465E+03   1.2520189E+03   7.2574654E+03   2.0214600E-01   4.5168880E-03   1.6805198E-01
   2.0000000E-01   4.0425356E+03   1.3369015E+03   5.3794371E+03   1.9806980E-01   1.2462145E-05   1.4884226E-01
   2.5000000E-01   3.0939721E+03   8.9126768E+02   3.9852398E+03   1.8735731E-01   1.3446666E-07   1.4545630E-01
   3.0000000E-01   2.5889204E+03   6.0478878E+02   3.1937092E+03   2.0052843E-01   6.6247869E-07   1.6255473E-01
   3.5000000E-01   1.9098593E+03   3.9106643E+02   2.3009257E+03   2.0252228E-01   1.7801382E-05   1.6809848E-01
   4.0000000E-01   1.5835917E+03   4.6950708E+02   2.0530988E+03   2.1861116E-01   7.8872884E-05   1.6860066E-01
   4.5000000E-01   1.4005635E+03   4.2441318E+02   1.8249767E+03   2.4833641E-01   5.2141750E-06   1.9058497E-01
   5.0000000E-01   1.3814649E+03   3.2467608E+02   1.7061410E+03   2.4318508E-01   1.6119145E-05   1.9691039E-01
   5.5000000E-01   1.0185916E+03   2.8937262E+02   1.3079643E+03   2.5776629E-01   7.4881988E-06   2.0073699E-01
   6.0000000E-01   7.7985922E+02   2.0690143E+02   9.8676065E+02   2.5974155E-01   1.2041469E-05   2.0528214E-01
   6.5000000E-01   6.4151685E+02   1.1752980E+02   7.5904665E+02   2.9232853E-01   9.7468076E-03   2.4857129E-01
   7.0000000E-01   4.7746483E+02   1.9553322E+02   6.6845076E+02   2.9381838E-01   7.2583513E-06   2.0986826E-01
   7.5000000E-01   4.7958690E+02   1.2732395E+02   6.0266672E+02   2.9384775E-01   9.5772071E-07   2.3383684E-01
   8.0000000E-01   3.5411975E+02   1.5517607E+02   5.0929582E+02   3.1188572E-01   1.6328482E-05   2.1686287E-01
   8.5000000E-01   3.2579953E+02   8.9875733E+01   4.1567526E+02   3.6301734E-01   1.4704700E-06   2.8452742E-01
   9.0000000E-01   1.9452271E+02   6.3661977E+01   2.5818469E+02   3.5213150E-01   9.8131597E-07   2.6530463E-01
   9.5000000E-01   1.6083026E+02   3.3506304E+01   1.9433656E+02   3.4276349E-01   6.8373990E-06   2.8366516E-01
   1.0000000E+00   6.2876027E+01   2.5150411E+01   8.8026438E+01   3.4376249E-01   1.4228906E-04   2.4558527E-01
