   0.0000000E+00   3.3450549E+07   1.6738007E+07   4.9588097E+07   1.7889656E-05   1.5376544E-05   1.7258003E-05
   5.0000000E-02   6.3661977E+02   3.1830989E+02   9.5492966E+02   1.7085254E-01   2.1081390E-02   1.2092882E-01
   1.0000000E-01   3.8197186E+02   6.3661977E+01   4.4563384E+02   1.4463391E-01   1.0619861E-02   1.2548904E-01
   1.5000000E-01   2.1220659E+02   1.9098593E+02   4.0319252E+02   1.5054009E-01   5.7661889E-02   1.0654515E-01
   2.0000000E-01   1.5915494E+02   6.3661977E+01   2.2281692E+02   1.3566379E-01   1.5246987E-01   1.4046553E-01
   2.5000000E-01   1.0185916E+02   2.5464791E+01   1.2732395E+02   1.5698683E-01   3.4810669E-05   1.2559643E-01
   3.0000000E-01   6.3661977E+01   2.1220659E+01   8.4882636E+01   6.9713209E-02   1.3301608E-01   8.5538927E-02
   3.5000000E-01   1.1822939E+02   3.6378273E+01   1.5460766E+02   1.6697351E-01   1.8379323E-01   1.7093109E-01
   4.0000000E-01   3.1830989E+01   3.9788736E+01   7.1619724E+01   2.4147305E-01   1.2209247E-01   1.7515050E-01
   4.5000000E-01   4.9514871E+01   2.1220659E+01   7.0735530E+01   9.3082747E-02   1.1613153E-01   9.9997381E-02
   5.0000000E-01   8.2760570E+01   0.0000000E+00   8.2760570E+01   1.8702529E-01   0.0000000E+00   1.8702529E-01
   5.5000000E-01   2.8937262E+01   1.7362357E+01   4.6299620E+01   1.7042784E-01   4.0352387E-02   1.2164955E-01
   6.0000000E-01   3.7136153E+01   0.0000000E+00   3.7136153E+01   2.2228091E-01   0.0000000E+00   2.2228091E-01
   6.5000000E-01   3.9176601E+01   0.0000000E+00   3.9176601E+01   2.3636206E-01   0.0000000E+00   2.3636206E-01
   7.0000000E-01   4.5472841E+01   4.5472841E+00   5.0020125E+01   1.4886540E-01   6.9588426E-06   1.3533281E-01
   7.5000000E-01   2.9708923E+01   1.6976527E+01   4.6685450E+01   6.0341967E-02   1.0508011E-01   7.6610383E-02
   8.0000000E-01   1.9894368E+01   0.0000000E+00   1.9894368E+01   1.1712368E-01   0.0000000E+00   1.1712368E-01
   8.5000000E-01   1.4979289E+01   1.1234467E+01   2.6213755E+01   2.8032459E-01   1.3045322E-01   2.1609401E-01
   9.0000000E-01   1.7683883E+01   3.5367765E+00   2.1220659E+01   1.5656835E-01   1.0125768E-05   1.3047531E-01
   9.5000000E-01   1.3402522E+01   3.3506304E+00   1.6753152E+01   4.1621938E-01   6.7920809E-06   3.3297415E-01
   1.0000000E+00   6.2876027E+00   0.0000000E+00   6.2876027E+00   1.0002660E-05   0.0000000E+00   1.0002660E-05
