   0.0000000E+00   1.4209863E+07   9.9837259E+06   2.4162521E+07   4.0124181E-04   7.9598141E-04   5.5310782E-04
   5.0000000E-02   1.9028565E+05   9.0272684E+04   2.8049467E+05   4.5351123E-03   2.4568268E-03   3.5653352E-03
   1.0000000E-01   7.3656908E+04   3.4886764E+04   1.0854367E+05   3.9943336E-03   4.3684154E-03   3.8086100E-03
   1.5000000E-01   4.7279628E+04   2.1942161E+04   6.9200569E+04   1.9734995E-03   2.7577994E-03   5.2534205E-04
   2.0000000E-01   3.4902679E+04   1.4880987E+04   4.9783666E+04   4.6132800E-03   3.5958984E-03   4.0457108E-03
   2.5000000E-01   2.9360904E+04   1.1153578E+04   4.0514482E+04   3.7237201E-03   4.7290575E-03   3.0037657E-03
   3.0000000E-01   2.2716716E+04   8.7853529E+03   3.1502068E+04   4.5010665E-03   3.2908691E-03   4.1561751E-03
   3.5000000E-01   2.0180847E+04   7.6940047E+03   2.7874851E+04   3.7074004E-03   6.6822509E-03   4.5052805E-03
   4.0000000E-01   1.6607818E+04   6.1115498E+03   2.2719368E+04   7.5274877E-04   3.8915502E-03   1.5585620E-03
   4.5000000E-01   1.5172771E+04   5.5739598E+03   2.0746731E+04   3.2434690E-03   4.0544468E-03   3.4526265E-03
   5.0000000E-01   1.3483607E+04   4.5518314E+03   1.8035438E+04   4.1890752E-03   4.0919163E-03   3.4210156E-03
   5.5000000E-01   1.2246249E+04   3.8775932E+03   1.6123843E+04   2.1482867E-03   3.0848337E-03   2.3613653E-03
   6.0000000E-01   1.1066574E+04   3.4324416E+03   1.4499015E+04   2.6613614E-03   6.6287754E-03   2.1726648E-03
   6.5000000E-01   9.5052229E+03   2.9529363E+03   1.2458159E+04   2.6044462E-03   3.0933789E-03   2.7071247E-03
   7.0000000E-01   8.9763388E+03   2.5055535E+03   1.1477345E+04   5.1839072E-03   3.3994215E-03   3.3820198E-03
   7.5000000E-01   7.5503105E+03   2.3300284E+03   9.8760947E+03   1.0503232E-03   1.1074686E-03   9.1185058E-04
   8.0000000E-01   7.1102471E+03   1.8820072E+03   8.9882754E+03   6.6801240E-03   5.7824831E-03   6.4946925E-03
   8.5000000E-01   5.8231985E+03   1.4941841E+03   7.3136377E+03   5.6191841E-03   4.7884337E-03   3.6173039E-03
   9.0000000E-01   4.8595309E+03   1.1246949E+03   5.9806891E+03   3.7348576E-03   1.0493073E-02   2.8072528E-03
   9.5000000E-01   3.5215125E+03   8.2090444E+02   4.3424170E+03   3.6139742E-03   8.2470423E-03   4.0802165E-03
   1.0000000E+00   1.3769850E+03   3.0180493E+02   1.6787899E+03   1.3498890E-02   3.1425992E-02   7.3836861E-03
