   0.0000000E+00   3.0225179E+07   1.5118446E+07   4.5317651E+07   2.9262062E-05   1.2685100E-04   4.5228987E-05
   5.0000000E-02   7.8749866E+04   3.7178595E+04   1.1592846E+05   1.0346656E-02   9.8453089E-03   6.6780221E-03
   1.0000000E-01   3.1417186E+04   1.5692677E+04   4.7109863E+04   1.9524158E-02   8.7118634E-03   1.4362173E-02
   1.5000000E-01   1.7167513E+04   8.0001885E+03   2.5167702E+04   1.0066882E-02   1.8752898E-02   1.2822352E-02
   2.0000000E-01   1.1681973E+04   5.2202821E+03   1.6902255E+04   5.6422622E-03   1.0674556E-02   6.9599024E-03
   2.5000000E-01   6.9773527E+03   3.7687891E+03   1.0746142E+04   2.1739997E-02   1.7208603E-02   1.9505751E-02
   3.0000000E-01   5.3476061E+03   2.6101411E+03   7.9577472E+03   1.8931836E-02   2.0774950E-02   1.9305443E-02
   3.5000000E-01   3.6469218E+03   1.8552919E+03   5.5022137E+03   1.6288793E-02   3.6293631E-03   1.1675264E-02
   4.0000000E-01   2.8647890E+03   1.3209860E+03   4.1857750E+03   1.8739591E-02   2.7208920E-02   2.0357908E-02
   4.5000000E-01   2.3271989E+03   9.5492966E+02   3.2821286E+03   3.5539310E-02   1.8884782E-02   2.8850824E-02
   5.0000000E-01   1.6488452E+03   8.2760570E+02   2.4764509E+03   6.0822280E-02   2.5274630E-02   4.8062344E-02
   5.5000000E-01   1.2906019E+03   6.1346996E+02   1.9040719E+03   2.6217023E-02   2.0452730E-02   1.7149008E-02
   6.0000000E-01   1.0238968E+03   4.4563384E+02   1.4695306E+03   5.7064379E-02   3.3195002E-02   4.9689553E-02
   6.5000000E-01   8.9616476E+02   3.7217771E+02   1.2683425E+03   6.0283599E-02   1.2686379E-02   3.8887065E-02
   7.0000000E-01   6.8209261E+02   3.3649902E+02   1.0185916E+03   4.7890731E-02   4.3673108E-02   4.5131753E-02
   7.5000000E-01   5.6871366E+02   3.2679815E+02   8.9551181E+02   7.4076255E-02   7.0689957E-02   7.2839133E-02
   8.0000000E-01   4.7746483E+02   1.7904931E+02   6.5651414E+02   4.3653555E-02   5.5039545E-02   4.6428673E-02
   8.5000000E-01   3.5950293E+02   1.3855842E+02   4.9806135E+02   4.7391628E-02   8.8158134E-02   5.7662062E-02
   9.0000000E-01   2.4403758E+02   1.2378718E+02   3.6782476E+02   3.7190655E-02   4.5144658E-02   3.8480375E-02
   9.5000000E-01   1.9433656E+02   6.3661977E+01   2.5799854E+02   9.2115824E-02   8.4005555E-02   9.0108188E-02
   1.0000000E+00   1.8862808E+01   1.2575205E+01   3.1438013E+01   1.0346665E-01   1.0884979E-01   1.0444368E-01
