   0.0000000E+00   2.8834801E+07   1.6261306E+07   4.4819560E+07   8.6259517E-04   3.1968010E-05   5.6556699E-04
   5.0000000E-02   6.4425921E+04   1.4387607E+04   7.8813528E+04   1.7800333E-01   1.5605484E-02   1.4835679E-01
   1.0000000E-01   2.7724791E+04   6.9391555E+03   3.4663947E+04   1.7778135E-01   6.1210907E-03   1.4341776E-01
   1.5000000E-01   1.7125072E+04   3.8621600E+03   2.0987232E+04   1.8067382E-01   4.7515803E-03   1.4829982E-01
   2.0000000E-01   1.1284085E+04   2.2600002E+03   1.3544086E+04   1.9512706E-01   4.0701288E-06   1.6256699E-01
   2.5000000E-01   8.3269866E+03   1.9225917E+03   1.0249578E+04   1.9070445E-01   5.4254247E-03   1.5595024E-01
   3.0000000E-01   6.1646015E+03   1.3581222E+03   7.5227236E+03   1.8822160E-01   4.6263441E-03   1.5507597E-01
   3.5000000E-01   4.7655537E+03   9.1855139E+02   5.6841051E+03   1.7757824E-01   2.4397065E-06   1.4888199E-01
   4.0000000E-01   3.8833806E+03   7.5598598E+02   4.6393666E+03   1.7818247E-01   4.4399013E-05   1.4914036E-01
   4.5000000E-01   3.1477311E+03   5.6588424E+02   3.7136153E+03   1.6445705E-01   1.7361010E-06   1.3939720E-01
   5.0000000E-01   2.6356059E+03   3.8197186E+02   3.0175777E+03   1.4687641E-01   2.8196919E-04   1.2832014E-01
   5.5000000E-01   2.2165943E+03   2.7779772E+02   2.4943920E+03   1.2714115E-01   2.0791572E-05   1.1298389E-01
   6.0000000E-01   1.8727232E+03   2.1751176E+02   2.0902349E+03   1.2123207E-01   3.0954734E-05   1.0861977E-01
   6.5000000E-01   1.6356231E+03   1.7139763E+02   1.8070207E+03   1.1189351E-01   3.4507101E-06   1.0127998E-01
   7.0000000E-01   1.3414488E+03   1.4096581E+02   1.4824146E+03   7.8389265E-02   6.5609140E-07   7.0935125E-02
   7.5000000E-01   1.2902161E+03   1.1459156E+02   1.4048076E+03   9.3080162E-02   1.5212363E-05   8.5486280E-02
   8.0000000E-01   1.0146128E+03   5.1725357E+01   1.0663381E+03   7.0325222E-02   2.0606839E-05   6.6914921E-02
   8.5000000E-01   7.6394373E+02   2.6213755E+01   7.9015748E+02   5.3441496E-02   1.0637774E-04   5.1672082E-02
   9.0000000E-01   6.3308300E+02   4.2441318E+01   6.7552431E+02   4.4333132E-02   1.4685097E-04   4.1538607E-02
   9.5000000E-01   4.2553006E+02   3.3506304E+00   4.2888069E+02   3.4903059E-02   3.9318723E-06   3.4630410E-02
   1.0000000E+00   1.7605288E+02   0.0000000E+00   1.7605288E+02   3.6591470E-02   0.0000000E+00   3.6591470E-02
