   0.0000000E+00   7.8176908E+05   3.6873017E+05   1.1504993E+06   5.4135929E-03   4.2470103E-04   3.6296838E-03
   5.0000000E-02   2.5891326E+05   1.2318593E+05   3.8209919E+05   4.5948650E-03   7.3291922E-04   3.3456534E-03
   1.0000000E-01   1.2996593E+05   6.5062541E+04   1.9502847E+05   8.5196540E-03   6.9099656E-04   5.4553312E-03
   1.5000000E-01   8.9041885E+04   4.4520943E+04   1.3356283E+05   5.5295923E-03   4.7777746E-04   3.5503112E-03
   2.0000000E-01   6.6797330E+04   3.3693101E+04   1.0049043E+05   9.7868441E-03   7.4545192E-04   6.4966403E-03
   2.5000000E-01   5.4099948E+04   2.5337467E+04   7.9437415E+04   1.0053928E-02   5.6653548E-04   7.0254339E-03
   3.0000000E-01   4.3778220E+04   2.1464697E+04   6.5242916E+04   8.7958120E-03   2.7389807E-04   5.9876958E-03
   3.5000000E-01   3.7551472E+04   1.7707124E+04   5.5258596E+04   4.9941048E-03   4.4309473E-04   3.3696710E-03
   4.0000000E-01   3.2093594E+04   1.5231128E+04   4.7324722E+04   1.1140463E-02   1.5401929E-04   7.5476481E-03
   4.5000000E-01   2.7558563E+04   1.3977341E+04   4.1535903E+04   7.5613515E-03   2.2885685E-04   5.0809496E-03
   5.0000000E-01   2.3414875E+04   1.2369522E+04   3.5784397E+04   6.6621614E-03   1.5401549E-04   4.3068691E-03
   5.5000000E-01   2.0921641E+04   1.0550526E+04   3.1472167E+04   8.7880160E-03   4.5751323E-04   5.9746482E-03
   6.0000000E-01   1.8774978E+04   9.1885454E+03   2.7963524E+04   6.2075158E-03   2.9043806E-04   4.2458064E-03
   6.5000000E-01   1.6130966E+04   7.9773355E+03   2.4108301E+04   1.0154224E-02   7.0258632E-04   7.0076701E-03
   7.0000000E-01   1.4196621E+04   6.9300610E+03   2.1126682E+04   4.7312030E-03   3.6205931E-04   3.2520100E-03
   7.5000000E-01   1.1934499E+04   6.1285263E+03   1.8063025E+04   1.4876956E-02   6.7545721E-04   9.8629777E-03
   8.0000000E-01   1.0205811E+04   5.1168314E+03   1.5322642E+04   1.3326982E-02   8.3361377E-04   9.0667542E-03
   8.5000000E-01   8.2498433E+03   4.2054353E+03   1.2455279E+04   9.9016724E-03   5.7150583E-04   6.4125583E-03
   9.0000000E-01   6.6951179E+03   3.3528641E+03   1.0047982E+04   1.6583736E-03   4.4684979E-04   1.2538701E-03
   9.5000000E-01   4.3658714E+03   2.3052337E+03   6.6711051E+03   1.4345765E-02   5.1823626E-04   9.4754610E-03
   1.0000000E+00   2.1692229E+03   1.1254809E+03   3.2947038E+03   1.6482005E-02   1.2733591E-03   1.0489039E-02
