   0.0000000E+00   3.2836848E+07   1.6531233E+07   4.9009537E+07   9.2827932E-05   4.3336789E-05   7.6813032E-05
   5.0000000E-02   1.0376902E+04   2.5464791E+03   1.2923381E+04   1.4012050E-01   6.5007041E-02   1.2531899E-01
   1.0000000E-01   4.9338032E+03   1.6870424E+03   6.6208456E+03   1.3455519E-01   3.9581820E-02   1.1033312E-01
   1.5000000E-01   2.4403758E+03   8.7004702E+02   3.3104228E+03   1.4289461E-01   1.1688620E-01   1.3605892E-01
   2.0000000E-01   1.9257748E+03   8.1169021E+02   2.7374650E+03   1.5396319E-01   7.8982945E-02   1.3170618E-01
   2.5000000E-01   1.5533522E+03   6.7481696E+02   2.2281692E+03   1.3440016E-01   1.1183067E-01   1.2745009E-01
   3.0000000E-01   1.1034743E+03   5.3051648E+02   1.6339907E+03   1.5522055E-01   1.4075942E-01   1.5052490E-01
   3.5000000E-01   1.0549699E+03   4.1835014E+02   1.4733200E+03   1.5982518E-01   9.1623487E-02   1.4044290E-01
   4.0000000E-01   7.0823950E+02   3.1830989E+02   1.0265494E+03   1.6281269E-01   1.1499241E-01   1.4794610E-01
   4.5000000E-01   6.2954622E+02   2.9001567E+02   9.1956189E+02   1.8673331E-01   1.1600918E-01   1.6441437E-01
   5.0000000E-01   6.8118316E+02   2.5464791E+02   9.3583107E+02   1.6143171E-01   1.5481449E-01   1.5961566E-01
   5.5000000E-01   4.7457110E+02   1.5047376E+02   6.2504487E+02   1.9812622E-01   9.8901523E-02   1.7423166E-01
   6.0000000E-01   4.0849769E+02   1.4323945E+02   5.5173714E+02   1.5731606E-01   1.0596310E-01   1.4395881E-01
   6.5000000E-01   2.5464791E+02   1.4691226E+02   4.0156016E+02   2.0766196E-01   9.7144708E-02   1.6692803E-01
   7.0000000E-01   3.6833001E+02   1.0458753E+02   4.7291755E+02   2.5037821E-01   1.5162509E-01   2.2841653E-01
   7.5000000E-01   2.2069485E+02   9.7615032E+01   3.1830989E+02   2.2153765E-01   7.4453786E-02   1.7643193E-01
   8.0000000E-01   2.3077467E+02   8.3556345E+01   3.1433101E+02   2.2835416E-01   1.2517923E-01   2.0077593E-01
   8.5000000E-01   1.4230324E+02   7.8641266E+01   2.2094451E+02   2.4402681E-01   2.1747863E-01   2.3403206E-01
   9.0000000E-01   1.1671362E+02   3.5367765E+01   1.5208139E+02   2.1596198E-01   3.1094548E-01   2.3805116E-01
   9.5000000E-01   6.7012608E+01   3.6856934E+01   1.0386954E+02   2.0538199E-01   1.8275419E-01   1.9735277E-01
   1.0000000E+00   1.8862808E+01   0.0000000E+00   1.8862808E+01   4.1806982E-01   0.0000000E+00   4.1806982E-01
