   0.0000000E+00   3.3262619E+07   1.6873480E+07   4.9528509E+07   3.5658141E-05   1.9484503E-10   2.3947417E-05
   5.0000000E-02   1.8461973E+03   3.1830989E+02   2.1645072E+03   1.9005680E-01   2.2906347E-06   1.6210761E-01
   1.0000000E-01   9.2309867E+02   2.2281692E+02   1.1459156E+03   2.3092287E-01   9.5459128E-06   1.8601935E-01
   1.5000000E-01   6.3661977E+02   1.9098593E+02   8.2760570E+02   2.5356132E-01   9.3356543E-03   1.9720155E-01
   2.0000000E-01   3.8197186E+02   9.5492966E+01   4.7746483E+02   2.0829151E-01   2.1368752E-06   1.6663278E-01
   2.5000000E-01   2.4191551E+02   5.0929582E+01   2.9284510E+02   2.2399748E-01   1.0631674E-01   2.0353126E-01
   3.0000000E-01   2.3342725E+02   3.1830989E+01   2.6525824E+02   2.4679695E-01   7.0631587E-06   2.1718047E-01
   3.5000000E-01   1.3641852E+02   3.6378273E+01   1.7279680E+02   1.8685261E-01   2.3381280E-05   1.4752014E-01
   4.0000000E-01   1.2732395E+02   1.5915494E+01   1.4323945E+02   2.8230933E-01   2.5194180E-05   2.5094443E-01
   4.5000000E-01   7.0735530E+01   0.0000000E+00   7.0735530E+01   1.9173904E-01   0.0000000E+00   1.9173904E-01
   5.0000000E-01   2.5464791E+01   1.2732395E+01   3.8197186E+01   2.4521054E-01   1.9765586E-07   1.6347363E-01
   5.5000000E-01   4.6299620E+01   1.1574905E+01   5.7874525E+01   2.2190920E-01   2.1357745E-05   1.7753163E-01
   6.0000000E-01   3.1830989E+01   1.5915494E+01   4.7746483E+01   2.9183978E-01   8.3258516E-06   1.9456263E-01
   6.5000000E-01   2.9382451E+01   4.8970752E+00   3.4279526E+01   1.8555449E-01   1.0359983E-05   1.5904819E-01
   7.0000000E-01   3.6378273E+01   0.0000000E+00   3.6378273E+01   2.5565481E-01   0.0000000E+00   2.5565481E-01
   7.5000000E-01   2.5464791E+01   4.2441318E+00   2.9708923E+01   1.0722282E-01   2.0357816E-06   9.1905564E-02
   8.0000000E-01   1.1936621E+01   0.0000000E+00   1.1936621E+01   3.5352164E-01   0.0000000E+00   3.5352164E-01
   8.5000000E-01   3.7448222E+00   0.0000000E+00   3.7448222E+00   2.8887155E-01   0.0000000E+00   2.8887155E-01
   9.0000000E-01   3.1830989E+01   0.0000000E+00   3.1830989E+01   1.3248880E-01   0.0000000E+00   1.3248880E-01
   9.5000000E-01   1.6753152E+01   0.0000000E+00   1.6753152E+01   8.4416653E-02   0.0000000E+00   8.4416653E-02
   1.0000000E+00   0.0000000E+00   0.0000000E+00   0.0000000E+00   0.0000000E+00   0.0000000E+00   0.0000000E+00
