   0.0000000E+00   2.2180342E+07   1.1027273E+07   3.3199976E+07   4.4342479E-04   1.6078771E-05   3.0871795E-04
   5.0000000E-02   1.2516581E+06   6.6876907E+05   1.9202999E+06   8.4583028E-03   1.0191612E-03   5.8604701E-03
   1.0000000E-01   4.7364511E+04   2.3841410E+04   7.1205922E+04   7.6906210E-02   1.7700561E-02   5.7063908E-02
   1.5000000E-01   1.0673992E+04   3.1194369E+03   1.3793428E+04   1.5395400E-01   8.5621547E-02   1.3849591E-01
   2.0000000E-01   4.6154933E+03   1.3687325E+03   5.9842259E+03   1.6949710E-01   1.2689312E-01   1.5975249E-01
   2.5000000E-01   2.6992678E+03   7.5121133E+02   3.4504792E+03   1.6043908E-01   1.4890264E-01   1.5792711E-01
   3.0000000E-01   1.6764321E+03   4.6685450E+02   2.1432866E+03   1.5219463E-01   1.6709484E-01   1.5537856E-01
   3.5000000E-01   1.0549699E+03   3.4559359E+02   1.4005635E+03   1.2081497E-01   1.7944850E-01   1.3527472E-01
   4.0000000E-01   8.0373246E+02   1.8302818E+02   9.8676065E+02   1.0779773E-01   2.0719298E-01   1.2623385E-01
   4.5000000E-01   5.0929582E+02   1.9098593E+02   7.0028175E+02   9.1300118E-02   2.3117972E-01   1.2944909E-01
   5.0000000E-01   4.2016905E+02   1.2095776E+02   5.4112681E+02   4.0427892E-02   2.6291864E-01   9.0150611E-02
   5.5000000E-01   3.5882205E+02   4.6299620E+01   4.0512167E+02   4.8759697E-02   2.9955066E-01   7.7388633E-02
   6.0000000E-01   2.3873241E+02   5.3051648E+01   2.9178406E+02   1.4711657E-02   3.1210872E-01   6.8758053E-02
   6.5000000E-01   2.3505961E+02   5.8764902E+01   2.9382451E+02   6.1798758E-03   3.3103428E-01   6.1355698E-02
   7.0000000E-01   2.1372235E+02   1.8189136E+01   2.3191149E+02   3.0779932E-02   3.9036322E-01   9.1994432E-03
   7.5000000E-01   1.4854461E+02   2.5464791E+01   1.7400940E+02   5.7507991E-02   4.0219508E-01   9.7664710E-03
   8.0000000E-01   1.7507044E+02   2.7852115E+01   2.0292255E+02   6.4403955E-02   3.7304938E-01   4.6197285E-03
   8.5000000E-01   1.0859984E+02   2.6213755E+01   1.3481360E+02   8.7748765E-02   4.0622370E-01   8.3338926E-03
   9.0000000E-01   5.6588424E+01   3.5367765E+00   6.0125201E+01   1.0921245E-01   4.6045584E-01   7.5855627E-02
   9.5000000E-01   6.7012608E+01   3.3506304E+00   7.0363238E+01   1.0134017E-01   5.3212307E-01   7.1185276E-02
   1.0000000E+00   3.7725616E+01   6.2876027E+00   4.4013219E+01   1.2539767E-01   5.1799002E-01   3.4145882E-02
