   0.0000000E+00   2.0890805E+07   1.1928727E+07   3.2758416E+07   4.6143830E-04   3.0146239E-04   1.9271127E-04
   5.0000000E-02   2.4840904E+05   1.1389128E+05   3.6230031E+05   2.9465390E-03   3.6852270E-03   2.7981524E-03
   1.0000000E-01   6.2165921E+04   2.5241974E+04   8.7407895E+04   2.5854256E-04   6.5573278E-03   1.7298363E-03
   1.5000000E-01   3.6202444E+04   1.4557372E+04   5.0738596E+04   3.8490215E-03   1.2096339E-03   2.4763112E-03
   2.0000000E-01   2.6817608E+04   1.1093100E+04   3.7910707E+04   7.0629762E-03   1.5978300E-03   4.6019349E-03
   2.5000000E-01   2.0486424E+04   7.8940852E+03   2.8380509E+04   6.1850857E-03   1.9267235E-03   4.6508221E-03
   3.0000000E-01   1.6615776E+04   5.9205639E+03   2.2536340E+04   6.5001088E-03   6.9491620E-03   4.5342896E-03
   3.5000000E-01   1.3396299E+04   5.1020527E+03   1.8498352E+04   4.0895139E-03   2.9690555E-03   3.0204896E-03
   4.0000000E-01   1.1228381E+04   4.0186623E+03   1.5247044E+04   5.2610524E-03   4.3426929E-03   2.7399193E-03
   4.5000000E-01   9.3087958E+03   3.5721443E+03   1.2880940E+04   2.0469094E-03   5.5317799E-03   7.4352450E-04
   5.0000000E-01   8.1678317E+03   2.7438312E+03   1.0911663E+04   6.4563271E-03   2.8399682E-03   5.3084984E-03
   5.5000000E-01   6.8697061E+03   2.5059669E+03   9.3756730E+03   9.5560967E-04   2.8697383E-03   1.1950175E-03
   6.0000000E-01   6.0691085E+03   2.0690143E+03   8.1381228E+03   6.1238399E-03   2.2048393E-03   4.3898661E-03
   6.5000000E-01   5.3525032E+03   1.8168149E+03   7.1693181E+03   6.9425737E-03   5.1592518E-03   5.1321261E-03
   7.0000000E-01   4.3881291E+03   1.4278472E+03   5.8159763E+03   3.9936685E-03   4.8273791E-03   4.0300122E-03
   7.5000000E-01   3.7093712E+03   1.1162067E+03   4.8255779E+03   5.0924889E-03   5.8981007E-03   4.8399997E-03
   8.0000000E-01   3.2507397E+03   1.0663381E+03   4.3170778E+03   5.5687454E-03   1.0846081E-02   2.0161211E-03
   8.5000000E-01   2.6026514E+03   7.7892302E+02   3.3815744E+03   1.6179219E-02   9.6079447E-03   1.4416619E-02
   9.0000000E-01   2.0690143E+03   7.3564951E+02   2.8046638E+03   1.2323971E-02   6.0167636E-03   7.5613760E-03
   9.5000000E-01   1.2430839E+03   3.5851745E+02   1.6016013E+03   3.0106534E-03   2.7143530E-04   2.2806142E-03
   1.0000000E+00   3.9611897E+02   1.0688925E+02   5.0300822E+02   2.9040408E-02   5.7904317E-06   2.2868630E-02
