   0.0000000E+00   1.0845454E+07   9.8401045E+06   2.0647871E+07   2.1548167E-03   5.9570207E-04   1.2699721E-03
   5.0000000E-02   2.6438819E+05   1.2363156E+05   3.8789243E+05   5.5906210E-03   1.0230611E-03   3.6180834E-03
   1.0000000E-01   9.6607050E+04   4.2685356E+04   1.3929241E+05   3.3989787E-03   1.4799052E-03   2.1579556E-03
   1.5000000E-01   6.0330334E+04   2.5443570E+04   8.5773904E+04   7.2457759E-03   6.5821511E-03   6.6801315E-03
   2.0000000E-01   4.3910849E+04   1.8127748E+04   6.2038597E+04   1.0599394E-03   2.7802876E-03   1.5367751E-03
   2.5000000E-01   3.5179609E+04   1.3037973E+04   4.8192117E+04   5.3061082E-03   1.6444421E-03   4.1433581E-03
   3.0000000E-01   2.8244697E+04   1.0185916E+04   3.8430614E+04   7.3513421E-03   2.2924835E-03   4.7468546E-03
   3.5000000E-01   2.3873241E+04   8.2578679E+03   3.2131109E+04   3.3869882E-03   2.8820141E-03   2.6139229E-03
   4.0000000E-01   2.0045565E+04   6.6924654E+03   2.6738030E+04   4.6311491E-03   3.4019050E-03   3.6448662E-03
   4.5000000E-01   1.8037560E+04   5.4183416E+03   2.3455902E+04   5.0996381E-03   4.0256958E-03   4.4760230E-03
   5.0000000E-01   1.5208846E+04   4.5009018E+03   1.9709748E+04   8.6836337E-04   1.3844275E-03   4.5354119E-04
   5.5000000E-01   1.3988273E+04   3.4493217E+03   1.7437594E+04   5.4707843E-03   8.0606406E-03   5.6095796E-03
   6.0000000E-01   1.1957841E+04   3.0133336E+03   1.4971175E+04   8.6563369E-03   3.9956155E-03   7.7179781E-03
   6.5000000E-01   1.0920478E+04   2.2281692E+03   1.3148647E+04   2.5238340E-03   4.2480125E-03   2.4300557E-03
   7.0000000E-01   9.2673650E+03   1.9462376E+03   1.1213603E+04   1.5903579E-03   1.8817104E-03   9.9259678E-04
   7.5000000E-01   7.9874561E+03   1.6764321E+03   9.6638881E+03   2.8380304E-03   3.2530863E-03   2.8802369E-03
   8.0000000E-01   7.1102471E+03   1.3329226E+03   8.4431697E+03   7.5497945E-03   5.8444624E-03   6.0424682E-03
   8.5000000E-01   6.1040602E+03   1.2470258E+03   7.3510860E+03   7.3101510E-03   2.9203292E-03   6.4896095E-03
   9.0000000E-01   4.6473243E+03   8.1345860E+02   5.4607829E+03   5.2844403E-03   3.7667919E-04   4.5426960E-03
   9.5000000E-01   3.0222686E+03   4.8919204E+02   3.5114606E+03   3.0371386E-03   6.4285078E-04   2.7034517E-03
   1.0000000E+00   1.1883569E+03   1.8862808E+02   1.3769850E+03   8.1457534E-03   1.1154477E-02   7.1731995E-03
