   0.0000000E+00   8.2363320E+06   9.8243163E+06   1.8057593E+07   1.1785749E-03   2.0788278E-04   5.4825687E-04
   5.0000000E-02   2.8132228E+05   1.3521804E+05   4.1654032E+05   2.9797897E-03   3.5225457E-03   9.2083064E-04
   1.0000000E-01   1.0370536E+05   4.7109863E+04   1.5081522E+05   6.0694345E-03   2.4123498E-03   4.8471193E-03
   1.5000000E-01   6.5211085E+04   2.9475495E+04   9.4686581E+04   2.5916357E-03   3.2077736E-03   2.4888261E-03
   2.0000000E-01   4.9815497E+04   2.0355917E+04   7.0155499E+04   1.2812179E-03   1.4624203E-03   1.1701442E-03
   2.5000000E-01   3.7726088E+04   1.3610931E+04   5.1324286E+04   3.8804386E-03   7.5808372E-04   2.8253860E-03
   3.0000000E-01   3.0271270E+04   1.0652771E+04   4.0924041E+04   2.8140085E-03   2.6531255E-03   1.9283217E-03
   3.5000000E-01   2.6174167E+04   7.9395580E+03   3.4113725E+04   3.9457230E-03   3.4666566E-03   2.2250214E-03
   4.0000000E-01   2.2011129E+04   6.8038738E+03   2.8815002E+04   6.2989672E-04   3.1486237E-03   5.0222783E-04
   4.5000000E-01   1.9975714E+04   5.1283259E+03   2.5104040E+04   4.9564561E-03   4.0820862E-04   3.9079874E-03
   5.0000000E-01   1.7296959E+04   3.8388172E+03   2.1129410E+04   6.6736325E-03   2.2351843E-03   5.8530992E-03
   5.5000000E-01   1.4931627E+04   3.2409734E+03   1.8172601E+04   2.3028486E-03   2.5056302E-03   1.7156059E-03
   6.0000000E-01   1.4233757E+04   2.4615965E+03   1.6695354E+04   1.3427319E-03   4.9231324E-04   1.1889160E-03
   6.5000000E-01   1.2487542E+04   1.8853739E+03   1.4372916E+04   9.6691450E-04   2.4237497E-03   8.2046094E-04
   7.0000000E-01   1.0858914E+04   1.7188734E+03   1.2577788E+04   5.2471010E-03   7.4408474E-04   4.4475925E-03
   7.5000000E-01   9.7190619E+03   1.2859719E+03   1.1005034E+04   7.0380429E-03   8.5604557E-03   6.8087764E-03
   8.0000000E-01   8.4670430E+03   8.9922543E+02   9.3662684E+03   1.1807624E-03   1.7405258E-03   1.0990704E-03
   8.5000000E-01   7.3286170E+03   8.5756428E+02   8.1861813E+03   2.6186689E-03   6.2949059E-03   2.9976206E-03
   9.0000000E-01   5.4077313E+03   4.1380285E+02   5.8215341E+03   1.9726536E-03   6.1363188E-03   1.7133220E-03
   9.5000000E-01   3.8029655E+03   3.3841367E+02   4.1413792E+03   1.9176441E-03   3.5066306E-04   1.7889863E-03
   1.0000000E+00   1.3078214E+03   1.2575205E+02   1.4335734E+03   6.8166301E-03   1.6457889E-02   4.7750958E-03
