   0.0000000E+00   9.3949800E+06   9.6338397E+06   1.8991132E+07   2.7941330E-03   6.4111213E-05   1.3538514E-03
   5.0000000E-02   3.9661412E+05   2.0734706E+05   6.0345188E+05   3.4137009E-03   3.6898676E-04   2.2321562E-03
   1.0000000E-01   1.2334508E+05   6.7609020E+04   1.9089044E+05   7.8879298E-03   3.7437181E-05   5.1015655E-03
   1.5000000E-01   7.2447330E+04   3.5820473E+04   1.0824658E+05   3.0708628E-03   7.0376467E-04   2.2968036E-03
   2.0000000E-01   4.7730567E+04   2.4159720E+04   7.1890288E+04   1.7590200E-03   4.0023568E-04   1.2626776E-03
   2.5000000E-01   3.3664454E+04   1.6246537E+04   4.9898258E+04   6.9255140E-03   8.7798345E-04   4.8329957E-03
   3.0000000E-01   2.6260566E+04   1.1650142E+04   3.7889487E+04   5.7067233E-03   7.9740276E-04   4.1217808E-03
   3.5000000E-01   2.1399519E+04   8.0941657E+03   2.9484590E+04   2.9147397E-03   2.0046926E-05   2.1112149E-03
   4.0000000E-01   1.7690072E+04   5.0850004E+03   2.2767115E+04   6.6473756E-03   4.7440940E-05   5.1686768E-03
   4.5000000E-01   1.4861535E+04   3.9399690E+03   1.8794430E+04   6.2226542E-03   3.8110691E-04   4.9099069E-03
   5.0000000E-01   1.3655494E+04   2.5592115E+03   1.6214706E+04   1.9688045E-03   3.7320389E-04   1.6200524E-03
   5.5000000E-01   1.2124713E+04   1.8404099E+03   1.3965123E+04   3.6924163E-03   7.0807050E-06   3.2066648E-03
   6.0000000E-01   1.1109015E+04   1.2148827E+03   1.2323898E+04   4.6478896E-03   6.9303903E-05   4.1839274E-03
   6.5000000E-01   1.0087975E+04   8.8637061E+02   1.0974345E+04   2.9554218E-03   6.4245926E-04   2.7096881E-03
   7.0000000E-01   9.6857151E+03   6.7299805E+02   1.0358713E+04   1.4713285E-03   5.7104134E-06   1.3760936E-03
   7.5000000E-01   9.0272684E+03   3.9470426E+02   9.4219726E+03   6.0390226E-04   5.6141225E-04   5.9772503E-04
   8.0000000E-01   8.0174303E+03   2.5464791E+02   8.2720782E+03   1.4969454E-03   6.1052385E-04   1.4648408E-03
   8.5000000E-01   7.1076725E+03   1.4604807E+02   7.2537206E+03   6.7756987E-04   8.5664939E-04   6.6431475E-04
   9.0000000E-01   5.9134903E+03   7.4272307E+01   5.9877626E+03   2.2735686E-03   1.1049546E-06   2.2453808E-03
   9.5000000E-01   4.1313273E+03   4.3558195E+01   4.1748855E+03   9.8998266E-04   1.7188946E-06   9.7963608E-04
   1.0000000E+00   1.3518346E+03   1.2575205E+01   1.3644098E+03   2.6920082E-04   2.4386317E-06   2.6670266E-04
