   0.0000000E+00   1.0924395E+07   1.2336163E+07   2.3179071E+07   3.9204144E-03   2.8836693E-04   2.0004919E-03
   5.0000000E-02   1.5998255E+05   9.0018036E+04   2.5000058E+05   7.4988106E-02   4.2924486E-03   4.9501221E-02
   1.0000000E-01   8.5593528E+04   3.9916060E+04   1.2550959E+05   7.4312526E-02   3.8592744E-03   5.1901274E-02
   1.5000000E-01   5.8356812E+04   2.1560190E+04   7.9895781E+04   6.3962507E-02   3.8261780E-03   4.7751470E-02
   2.0000000E-01   4.2924088E+04   1.5199297E+04   5.8091554E+04   6.5004482E-02   4.7165249E-03   4.9206578E-02
   2.5000000E-01   3.5727102E+04   1.0351437E+04   4.6065807E+04   6.3840446E-02   3.6092112E-03   5.0214339E-02
   3.0000000E-01   3.0271270E+04   7.7243199E+03   3.7995590E+04   5.5422401E-02   4.2441891E-03   4.4957881E-02
   3.5000000E-01   2.5655777E+04   5.2930387E+03   3.0948816E+04   5.9126451E-02   4.7474620E-03   4.9792048E-02
   4.0000000E-01   2.2767115E+04   4.0027468E+03   2.6769861E+04   5.0788551E-02   1.7075655E-03   4.3319720E-02
   4.5000000E-01   1.9763507E+04   3.0840691E+03   2.2840503E+04   4.1981499E-02   3.1810929E-03   3.6740511E-02
   5.0000000E-01   1.7704396E+04   2.0944791E+03   1.9805241E+04   3.6864273E-02   2.7784061E-03   3.3237479E-02
   5.5000000E-01   1.5712933E+04   1.7015110E+03   1.7414445E+04   3.3787285E-02   4.1442407E-03   3.0890471E-02
   6.0000000E-01   1.4207231E+04   1.1618311E+03   1.5363757E+04   3.0416646E-02   2.6939880E-03   2.8330449E-02
   6.5000000E-01   1.2560998E+04   8.7657646E+02   1.3437574E+04   2.6966282E-02   3.4538092E-03   2.5432484E-02
   7.0000000E-01   1.1386399E+04   6.9573447E+02   1.2082134E+04   2.3766682E-02   2.0953529E-03   2.2516140E-02
   7.5000000E-01   1.0062837E+04   5.6022540E+02   1.0623062E+04   1.9026998E-02   1.4233889E-06   1.8023622E-02
   8.0000000E-01   7.7707401E+03   3.5014087E+02   8.1169021E+03   1.8587989E-02   2.6834566E-06   1.7795205E-02
   8.5000000E-01   5.0105721E+03   1.5353771E+02   5.1641098E+03   2.3620311E-02   2.0829252E-06   2.2918026E-02
   9.0000000E-01   2.6525824E+03   6.7198754E+01   2.7197811E+03   2.3905127E-02   1.0549249E-05   2.3314241E-02
   9.5000000E-01   1.6083026E+03   4.3558195E+01   1.6518608E+03   2.5566896E-02   1.7443172E-05   2.4893170E-02
   1.0000000E+00   6.4762308E+02   6.2876027E+00   6.5391068E+02   3.1716501E-02   3.8247677E-06   3.1411500E-02
