   0.0000000E+00   9.2060312E+06   9.2533957E+06   1.8434471E+07   5.2762774E-05   3.0661810E-06   2.5062352E-05
   5.0000000E-02   1.7067776E+05   9.9249023E+04   2.6992678E+05   8.6690500E-04   4.9074586E-04   4.9040119E-04
   1.0000000E-01   8.8490148E+04   4.3099159E+04   1.3158931E+05   1.5962001E-03   7.5831786E-04   1.2612326E-03
   1.5000000E-01   6.7036062E+04   2.8138594E+04   9.5174656E+04   2.1309572E-03   1.2716162E-03   1.3578459E-03
   2.0000000E-01   5.1725357E+04   2.0562819E+04   7.2288175E+04   9.0541603E-04   6.8784146E-04   6.3949622E-04
   2.5000000E-01   4.3608454E+04   1.5508058E+04   5.9116512E+04   3.3827318E-04   1.0538772E-03   2.1648982E-04
   3.0000000E-01   3.7963759E+04   1.3146198E+04   5.1109957E+04   1.9298067E-03   1.3391690E-04   1.4672896E-03
   3.5000000E-01   3.3577146E+04   1.0449659E+04   4.4017710E+04   1.5338731E-03   8.1601255E-04   1.3094171E-03
   4.0000000E-01   3.0899932E+04   8.9285923E+03   3.9812609E+04   1.0378529E-03   1.8284355E-03   1.2362827E-03
   4.5000000E-01   2.7197811E+04   7.9365265E+03   3.5120191E+04   1.0633516E-03   7.5089747E-04   7.2811398E-04
   5.0000000E-01   2.5343833E+04   6.7290710E+03   3.2072904E+04   3.8418084E-04   1.2082627E-03   5.2662285E-04
   5.5000000E-01   2.3363946E+04   6.0768251E+03   2.9440771E+04   1.2411715E-03   2.3304839E-03   1.2993318E-03
   6.0000000E-01   1.3395541E+04   2.9549768E+03   1.6345213E+04   1.6808075E-03   2.9809478E-03   8.7543165E-04
   6.5000000E-01   8.4915283E+03   1.5523728E+03   1.0043901E+04   1.6428290E-03   2.0963387E-03   1.5999420E-03
   7.0000000E-01   6.3889341E+03   1.1231792E+03   7.5121133E+03   2.8902408E-03   4.8011461E-03   2.2198630E-03
   7.5000000E-01   5.4919066E+03   7.6394373E+02   6.2558503E+03   3.1231452E-03   3.8029468E-03   3.2061528E-03
   8.0000000E-01   4.1817961E+03   6.4855639E+02   4.8303525E+03   5.9011125E-03   9.8804205E-03   6.1274009E-03
   8.5000000E-01   3.3591055E+03   4.7559242E+02   3.8346979E+03   5.9385924E-03   3.1791744E-03   4.8957948E-03
   9.0000000E-01   2.5358688E+03   3.4660410E+02   2.8824729E+03   3.1354878E-03   9.5896446E-03   3.9072745E-03
   9.5000000E-01   1.5211862E+03   1.9098593E+02   1.7121721E+03   2.1109614E-02   2.7169046E-02   1.5820178E-02
   1.0000000E+00   5.5959664E+02   4.4013219E+01   6.0360986E+02   3.7285368E-02   6.0691686E-02   3.8862043E-02
