   0.0000000E+00   2.1468856E+07   1.2336163E+07   3.3715383E+07   3.6280447E-05   1.6930730E-04   8.0825989E-05
   5.0000000E-02   2.2657298E+05   1.1140846E+05   3.3785411E+05   7.0662037E-03   2.6344540E-03   5.5723212E-03
   1.0000000E-01   5.8760005E+04   2.7629298E+04   8.6389303E+04   3.1252568E-03   5.8746504E-03   2.3349960E-03
   1.5000000E-01   3.3295214E+04   1.5236433E+04   4.8510427E+04   3.4236486E-03   6.6875080E-03   4.3452889E-03
   2.0000000E-01   2.3968734E+04   9.6925360E+03   3.3661270E+04   3.9760611E-03   5.6741961E-03   1.3456006E-03
   2.5000000E-01   1.8958537E+04   7.4611837E+03   2.6419721E+04   2.2179256E-03   2.9637157E-03   1.4844274E-03
   3.0000000E-01   1.5512302E+04   6.6420663E+03   2.2154368E+04   7.1567634E-03   6.0756368E-03   4.7572803E-03
   3.5000000E-01   1.2559599E+04   4.8837831E+03   1.7434287E+04   8.6625906E-03   2.4779515E-03   6.8485343E-03
   4.0000000E-01   1.0440564E+04   3.8038031E+03   1.4244367E+04   5.7040370E-03   6.4468874E-03   4.5883955E-03
   4.5000000E-01   8.3538661E+03   3.2467608E+03   1.1600627E+04   4.9492973E-03   3.6949878E-03   2.5300120E-03
   5.0000000E-01   7.6649021E+03   2.8011270E+03   1.0466029E+04   8.0301339E-03   4.2219739E-03   5.3242799E-03
   5.5000000E-01   6.8754935E+03   2.3670681E+03   9.2425616E+03   6.7980030E-03   8.2318964E-04   4.9269597E-03
   6.0000000E-01   6.0691085E+03   2.0371833E+03   8.1062918E+03   7.9022376E-03   3.6102758E-03   6.8222112E-03
   6.5000000E-01   4.8089278E+03   1.6699026E+03   6.4788305E+03   6.5039344E-03   8.7021817E-03   6.1341417E-03
   7.0000000E-01   4.1880486E+03   1.4915092E+03   5.6795578E+03   1.1098468E-02   8.9592280E-03   1.0420864E-02
   7.5000000E-01   3.5608266E+03   1.2053334E+03   4.7661600E+03   5.3332541E-03   6.1945008E-03   5.5468624E-03
   8.0000000E-01   2.8647890E+03   1.0424649E+03   3.9072539E+03   3.9683469E-03   2.8589439E-03   3.4500376E-03
   8.5000000E-01   2.3405139E+03   8.4258499E+02   3.1830989E+03   1.0326144E-02   1.0519073E-02   7.6552366E-03
   9.0000000E-01   1.8143664E+03   6.4369333E+02   2.4580597E+03   8.8195796E-03   4.1514193E-03   6.6840183E-03
   9.5000000E-01   1.1124093E+03   2.8815421E+02   1.4005635E+03   1.3348423E-02   2.2939960E-02   9.4645939E-03
   1.0000000E+00   3.5839335E+02   1.1946445E+02   4.7785780E+02   6.8939491E-03   1.5715168E-02   8.0998960E-03
