   0.0000000E+00   3.2386121E+07   1.6465024E+07   4.8260872E+07   1.9070808E-04   2.4096955E-05   1.3545415E-04
   5.0000000E-02   1.3878311E+04   3.9470426E+03   1.7825354E+04   1.8328959E-01   2.7784602E-02   1.4865039E-01
   1.0000000E-01   7.1301415E+03   1.9416903E+03   9.0718318E+03   1.8990252E-01   2.1761579E-02   1.5391434E-01
   1.5000000E-01   4.4775591E+03   9.5492966E+02   5.4324887E+03   2.1979507E-01   1.2106049E-02   1.8328721E-01
   2.0000000E-01   2.5305636E+03   6.6845076E+02   3.1990144E+03   2.0094251E-01   2.1144934E-06   1.5895497E-01
   2.5000000E-01   2.4573523E+03   4.7109863E+02   2.9284510E+03   2.0229429E-01   2.6697001E-02   1.7404532E-01
   3.0000000E-01   1.5915494E+03   2.1220659E+02   1.8037560E+03   2.0215754E-01   1.9827464E-05   1.7837197E-01
   3.5000000E-01   1.4005635E+03   3.0921532E+02   1.7097788E+03   1.8871404E-01   1.0013654E-02   1.5639581E-01
   4.0000000E-01   9.8676065E+02   1.7507044E+02   1.1618311E+03   1.9212204E-01   5.3967800E-02   1.7130428E-01
   4.5000000E-01   9.9737098E+02   1.6269172E+02   1.1600627E+03   1.9324180E-01   9.4202283E-06   1.6614214E-01
   5.0000000E-01   8.2760570E+02   1.4005635E+02   9.6766205E+02   2.0090784E-01   2.1673731E-05   1.7182594E-01
   5.5000000E-01   6.1346996E+02   1.0417414E+02   7.1764411E+02   1.6919318E-01   1.2132001E-05   1.4463464E-01
   6.0000000E-01   5.1460098E+02   9.0187801E+01   6.0478878E+02   1.6429232E-01   7.3905378E-06   1.3979369E-01
   6.5000000E-01   4.9950167E+02   1.0283858E+02   6.0234025E+02   2.1650173E-01   1.2352541E-05   1.7953591E-01
   7.0000000E-01   4.1835014E+02   5.4567409E+01   4.7291755E+02   1.9413253E-01   1.5356299E-04   1.7175034E-01
   7.5000000E-01   3.2255402E+02   2.5464791E+01   3.4801881E+02   1.9785289E-01   1.5300429E-05   1.8337473E-01
   8.0000000E-01   2.5464791E+02   4.7746483E+01   3.0239439E+02   1.8410679E-01   1.2826500E-06   1.5503712E-01
   8.5000000E-01   2.0222040E+02   4.4937866E+01   2.4715826E+02   1.3562376E-01   1.1995974E-04   1.1098671E-01
   9.0000000E-01   1.6622850E+02   2.8294212E+01   1.9452271E+02   1.7688464E-01   3.7407117E-06   1.5115542E-01
   9.5000000E-01   1.0051891E+02   1.0051891E+01   1.1057080E+02   1.2418360E-01   4.5262155E-07   1.1289414E-01
   1.0000000E+00   3.7725616E+01   0.0000000E+00   3.7725616E+01   1.3967424E-01   0.0000000E+00   1.3967424E-01
