   0.0000000E+00   2.6306657E+07   1.4710500E+07   4.0648936E+07   2.8801143E-03   5.1577656E-08   1.8506747E-03
   5.0000000E-02   1.6634875E+05   4.1698595E+04   2.0798368E+05   1.7511353E-01   1.6140942E-06   1.4005765E-01
   1.0000000E-01   7.0441978E+04   1.9798875E+04   9.0209022E+04   1.8705688E-01   1.8172417E-05   1.4602061E-01
   1.5000000E-01   3.8685262E+04   1.2265541E+04   5.0908361E+04   1.9360285E-01   1.0901347E-05   1.4725313E-01
   2.0000000E-01   2.4191551E+04   7.2256344E+03   3.1417186E+04   2.0271141E-01   6.1028749E-07   1.5608970E-01
   2.5000000E-01   1.7468847E+04   5.0165638E+03   2.2472678E+04   2.2659447E-01   1.2628779E-05   1.7601677E-01
   3.0000000E-01   1.1300001E+04   3.5332397E+03   1.4822630E+04   2.2882738E-01   1.5720683E-05   1.7444232E-01
   3.5000000E-01   7.7030992E+03   2.4464388E+03   1.0158633E+04   2.3516963E-01   4.5802370E-06   1.7832502E-01
   4.0000000E-01   5.6420427E+03   1.9019016E+03   7.5439443E+03   2.3982796E-01   4.0990993E-06   1.7936398E-01
   4.5000000E-01   4.0531459E+03   1.2590924E+03   5.3122383E+03   2.4574276E-01   5.6428303E-06   1.8749880E-01
   5.0000000E-01   2.8775214E+03   9.2946487E+02   3.8006200E+03   2.5550672E-01   1.0814119E-05   1.9345151E-01
   5.5000000E-01   2.0834829E+03   7.0606920E+02   2.7895521E+03   2.7542568E-01   1.8329193E-05   2.0570749E-01
   6.0000000E-01   1.3156809E+03   4.4032868E+02   1.7560095E+03   2.6251571E-01   2.9107185E-06   1.9668779E-01
   6.5000000E-01   1.0430770E+03   2.9872159E+02   1.3417986E+03   2.7826678E-01   7.9807491E-06   2.1631865E-01
   7.0000000E-01   6.1388335E+02   2.4555334E+02   8.5943669E+02   2.8961699E-01   6.1213189E-06   2.0686761E-01
   7.5000000E-01   3.4801881E+02   1.0610330E+02   4.5412210E+02   3.3111629E-01   4.4342378E-03   2.5478866E-01
   8.0000000E-01   3.0239439E+02   5.5704230E+01   3.5809862E+02   2.8169988E-01   2.4665998E-05   2.3788374E-01
   8.5000000E-01   1.8724111E+02   4.4937866E+01   2.3217898E+02   3.3115711E-01   1.9604842E-06   2.6706206E-01
   9.0000000E-01   9.5492966E+01   5.3051648E+01   1.4854461E+02   3.4042468E-01   2.3812496E-06   2.1884520E-01
   9.5000000E-01   8.3765760E+01   1.6753152E+01   1.0051891E+02   3.9224512E-01   3.9983018E-05   3.2687754E-01
   1.0000000E+00   6.2876027E+00   6.2876027E+00   1.2575205E+01   4.2497952E-01   5.4895060E-05   2.1250433E-01
