   0.0000000E+00   2.9773943E+07   1.6165049E+07   4.5505072E+07   5.7732901E-04   1.3521286E-04   4.1929898E-04
   5.0000000E-02   4.3672116E+04   1.2414086E+04   5.6086202E+04   1.4477621E-01   5.6779002E-02   1.2527283E-01
   1.0000000E-01   2.0753805E+04   5.9842259E+03   2.6738030E+04   1.5933619E-01   5.0064364E-02   1.3487810E-01
   1.5000000E-01   1.3666104E+04   2.7799063E+03   1.6446011E+04   1.4631770E-01   4.1104413E-02   1.2849600E-01
   2.0000000E-01   8.8012684E+03   2.5464791E+03   1.1347747E+04   1.4890671E-01   3.8937855E-02   1.2422794E-01
   2.5000000E-01   6.3534653E+03   1.5406198E+03   7.8940852E+03   1.4896361E-01   3.5176798E-02   1.2674756E-01
   3.0000000E-01   5.8356812E+03   8.9126768E+02   6.7269489E+03   1.5364785E-01   5.0674132E-02   1.4000413E-01
   3.5000000E-01   4.4927167E+03   7.6394373E+02   5.2566604E+03   1.4198305E-01   4.4556149E-02   1.2781849E-01
   4.0000000E-01   3.7321834E+03   5.9683104E+02   4.3290145E+03   1.4209603E-01   2.6137035E-02   1.2610887E-01
   4.5000000E-01   2.9284510E+03   4.2441318E+02   3.3528641E+03   1.3321201E-01   2.6145837E-02   1.1962477E-01
   5.0000000E-01   2.4064227E+03   3.8833806E+02   2.7947608E+03   1.4673741E-01   1.9704447E-02   1.2908590E-01
   5.5000000E-01   2.0429707E+03   2.9516008E+02   2.3381308E+03   1.3708014E-01   2.5881598E-02   1.2304225E-01
   6.0000000E-01   1.8037560E+03   2.4403758E+02   2.0477936E+03   1.2881120E-01   9.1447845E-03   1.1455042E-01
   6.5000000E-01   1.4691226E+03   1.8608886E+02   1.6552114E+03   1.2797022E-01   1.5579027E-02   1.1533421E-01
   7.0000000E-01   1.3369015E+03   1.3641852E+02   1.4733200E+03   1.1848023E-01   2.1110173E-02   1.0946446E-01
   7.5000000E-01   1.0864977E+03   5.9417845E+01   1.1459156E+03   1.0997390E-01   5.6823043E-02   1.0721782E-01
   8.0000000E-01   8.3158458E+02   7.5598598E+01   9.0718318E+02   1.1273570E-01   1.6525277E-05   1.0334243E-01
   8.5000000E-01   7.1900586E+02   8.6130910E+01   8.0513677E+02   1.1172900E-01   8.9373163E-06   9.9775638E-02
   9.0000000E-01   3.9611897E+02   4.2441318E+01   4.3856029E+02   8.2642885E-02   1.9716602E-04   7.4626116E-02
   9.5000000E-01   2.4459602E+02   1.3402522E+01   2.5799854E+02   1.4063315E-01   1.1098861E-06   1.3332758E-01
   1.0000000E+00   1.5090246E+02   6.2876027E+00   1.5719007E+02   1.4198164E-01   1.6045779E-05   1.3630302E-01
