   0.0000000E+00   3.2756379E+07   1.6566374E+07   4.9006990E+07   4.3728677E-05   4.4731633E-06   3.0563222E-05
   5.0000000E-02   6.3025357E+03   2.7374650E+03   9.0400008E+03   9.1042183E-02   5.6418219E-02   8.0358883E-02
   1.0000000E-01   3.7560567E+03   1.6233804E+03   5.3794371E+03   1.0555805E-01   8.5214613E-02   9.8842862E-02
   1.5000000E-01   2.5464791E+03   1.1246949E+03   3.6711740E+03   1.0071217E-01   5.1608042E-02   8.5665709E-02
   2.0000000E-01   1.5756339E+03   8.9126768E+02   2.4669016E+03   1.0167860E-01   5.7204340E-02   8.4861824E-02
   2.5000000E-01   1.3623663E+03   5.8569019E+02   1.9480565E+03   1.0256745E-01   4.9584808E-02   8.5890420E-02
   3.0000000E-01   1.1246949E+03   4.7746483E+02   1.6021598E+03   7.5409689E-02   4.2988614E-02   6.4982226E-02
   3.5000000E-01   1.0004025E+03   3.0921532E+02   1.3096178E+03   9.9921545E-02   4.5381918E-02   8.6271405E-02
   4.0000000E-01   9.2309867E+02   3.0239439E+02   1.2254931E+03   1.0764138E-01   2.6652885E-02   8.7215313E-02
   4.5000000E-01   8.2760570E+02   3.2538344E+02   1.1529891E+03   1.0437211E-01   4.7678637E-02   8.7778154E-02
   5.0000000E-01   6.3025357E+02   2.2918312E+02   8.5943669E+02   7.4836751E-02   1.0148547E-01   8.1391678E-02
   5.5000000E-01   5.9032015E+02   3.2409734E+02   9.1441749E+02   1.2499521E-01   9.0651732E-02   1.1225079E-01
   6.0000000E-01   5.3051648E+02   2.1751176E+02   7.4802823E+02   1.0561921E-01   5.5655520E-02   9.1081885E-02
   6.5000000E-01   4.5053092E+02   1.7139763E+02   6.2192855E+02   1.3835977E-01   8.6024551E-02   1.2357001E-01
   7.0000000E-01   4.0925557E+02   1.4551309E+02   5.5476866E+02   1.4806184E-01   9.3731589E-02   1.3187426E-01
   7.5000000E-01   3.2679815E+02   1.1883569E+02   4.4563384E+02   1.5095927E-01   9.0090598E-02   1.3464302E-01
   8.0000000E-01   3.0239439E+02   9.5492966E+01   3.9788736E+02   1.5268318E-01   1.1335443E-01   1.4324428E-01
   8.5000000E-01   1.8724111E+02   1.0859984E+02   2.9584095E+02   1.3092340E-01   1.0274616E-01   1.1935255E-01
   9.0000000E-01   1.8391238E+02   8.4882636E+01   2.6879501E+02   2.0634011E-01   4.1533972E-02   1.5166531E-01
   9.5000000E-01   1.3402522E+02   6.3661977E+01   1.9768719E+02   1.7170944E-01   1.4076969E-01   1.6120359E-01
   1.0000000E+00   1.0688925E+02   6.2876027E+00   1.1317685E+02   2.0103062E-01   9.7056239E-06   1.8986220E-01
