   0.0000000E+00   2.6504773E+07   1.4070825E+07   4.0329099E+07   8.1356557E-04   6.3634650E-04   7.5236305E-04
   5.0000000E-02   7.6330711E+04   3.7433243E+04   1.1376395E+05   8.7777266E-02   6.9571981E-02   8.1764132E-02
   1.0000000E-01   3.5937186E+04   1.6138311E+04   5.2075497E+04   8.8664744E-02   6.0702657E-02   7.9988597E-02
   1.5000000E-01   2.3512490E+04   9.6341792E+03   3.3125449E+04   9.0168477E-02   7.0933418E-02   8.4631890E-02
   2.0000000E-01   1.6058734E+04   6.5412682E+03   2.2600002E+04   1.0152072E-01   7.0868923E-02   9.2648956E-02
   2.5000000E-01   1.2452283E+04   5.3348737E+03   1.7774424E+04   8.8099013E-02   7.9392886E-02   8.5252703E-02
   3.0000000E-01   1.0164696E+04   3.6075120E+03   1.3772208E+04   9.8393580E-02   8.6090001E-02   9.5143191E-02
   3.5000000E-01   7.7576667E+03   3.2558554E+03   1.1013522E+04   1.1277037E-01   5.2580388E-02   9.4771347E-02
   4.0000000E-01   6.6606344E+03   2.6101411E+03   9.2707754E+03   1.0441231E-01   8.4142771E-02   9.8700662E-02
   4.5000000E-01   5.6446953E+03   2.0937717E+03   7.7384670E+03   1.0694306E-01   9.3259240E-02   1.0321627E-01
   5.0000000E-01   4.7937469E+03   1.9416903E+03   6.7354372E+03   1.0474504E-01   8.0932754E-02   9.7767447E-02
   5.5000000E-01   4.1553909E+03   1.5626122E+03   5.7180030E+03   1.1243862E-01   7.9841838E-02   1.0347034E-01
   6.0000000E-01   3.6181224E+03   1.2838499E+03   4.9019722E+03   1.1918506E-01   8.9210329E-02   1.1131608E-01
   6.5000000E-01   3.0949515E+03   1.0577682E+03   4.1527197E+03   1.2072375E-01   9.1204226E-02   1.1312727E-01
   7.0000000E-01   2.8693363E+03   9.8221336E+02   3.8515496E+03   1.2788971E-01   9.6942837E-02   1.1992681E-01
   7.5000000E-01   2.1008452E+03   9.3370900E+02   3.0345542E+03   1.2554166E-01   9.3171119E-02   1.1555931E-01
   8.0000000E-01   1.8183452E+03   6.2866203E+02   2.4470073E+03   1.4117213E-01   7.7429751E-02   1.2475224E-01
   8.5000000E-01   1.4529910E+03   4.8308206E+02   1.9360731E+03   1.4350531E-01   1.1596317E-01   1.3659264E-01
   9.0000000E-01   1.0539594E+03   3.9965575E+02   1.4536151E+03   1.3717425E-01   9.2027033E-02   1.2471128E-01
   9.5000000E-01   8.1085255E+02   1.9768719E+02   1.0085397E+03   1.4574441E-01   1.3368590E-01   1.4330709E-01
   1.0000000E+00   2.8922972E+02   1.3203966E+02   4.2126938E+02   1.4774761E-01   1.6170373E-01   1.5129560E-01
