   0.0000000E+00   1.8781811E+07   1.1055794E+07   2.9648147E+07   1.6607361E-03   1.0709838E-03   1.4061988E-03
   5.0000000E-02   1.7659832E+05   8.6707613E+04   2.6317861E+05   3.2447594E-02   1.9467578E-02   2.8115379E-02
   1.0000000E-01   7.0441978E+04   3.2021975E+04   1.0240029E+05   2.4956442E-02   1.1270377E-02   2.0785278E-02
   1.5000000E-01   4.2526201E+04   1.7973898E+04   6.0457658E+04   2.7062877E-02   1.5174190E-02   2.3468526E-02
   2.0000000E-01   3.1051129E+04   1.4148874E+04   4.5184088E+04   2.5188392E-02   2.2443913E-02   2.4185358E-02
   2.5000000E-01   2.3962368E+04   1.0313240E+04   3.4250144E+04   2.7005269E-02   2.3613446E-02   2.5841920E-02
   3.0000000E-01   1.9788265E+04   7.6712683E+03   2.7470143E+04   2.7576964E-02   2.3204837E-02   2.6302943E-02
   3.5000000E-01   1.6433885E+04   6.5208054E+03   2.2954690E+04   3.2988683E-02   2.1280491E-02   2.9365592E-02
   4.0000000E-01   1.3026832E+04   5.2839441E+03   1.8310776E+04   2.6025970E-02   1.3983845E-02   2.2109887E-02
   4.5000000E-01   1.1501597E+04   4.2087641E+03   1.5703288E+04   2.5837296E-02   2.0527088E-02   2.3976954E-02
   5.0000000E-01   9.7530149E+03   3.4759440E+03   1.3228959E+04   3.1910662E-02   2.1187008E-02   2.9054950E-02
   5.5000000E-01   8.7043285E+03   3.0962871E+03   1.1800616E+04   3.4430605E-02   1.4715758E-02   2.9093844E-02
   6.0000000E-01   7.4219255E+03   2.5517843E+03   9.9684046E+03   3.3259958E-02   2.2727310E-02   3.0435554E-02
   6.5000000E-01   6.6355369E+03   2.3897727E+03   9.0204125E+03   2.6830008E-02   1.5432364E-02   2.3670160E-02
   7.0000000E-01   5.9433003E+03   2.0053523E+03   7.9486526E+03   3.0070041E-02   2.0565205E-02   2.7655141E-02
   7.5000000E-01   5.0717375E+03   1.6552114E+03   6.7269489E+03   2.6398825E-02   1.3020723E-02   2.3100107E-02
   8.0000000E-01   4.1977116E+03   1.4483100E+03   5.6460216E+03   2.6720497E-02   1.9566086E-02   2.4885021E-02
   8.5000000E-01   3.5912845E+03   1.0185916E+03   4.6098761E+03   3.3565744E-02   3.4693058E-03   2.6428625E-02
   9.0000000E-01   2.7480754E+03   8.0638504E+02   3.5544604E+03   2.4317257E-02   1.4089054E-02   2.1871552E-02
   9.5000000E-01   1.7356265E+03   5.6625653E+02   2.3018831E+03   1.8798049E-02   1.9724425E-02   1.8882882E-02
   1.0000000E+00   6.2247267E+02   2.3892890E+02   8.6140157E+02   4.4896050E-02   2.1167238E-02   3.7974705E-02
