   0.0000000E+00   2.9042085E+07   1.5729092E+07   4.4362722E+07   7.9097268E-04   1.1829377E-04   5.5966227E-04
   5.0000000E-02   4.8001131E+04   1.4769579E+04   6.2770710E+04   1.6227873E-01   3.9984316E-02   1.3347114E-01
   1.0000000E-01   2.1454086E+04   6.0160568E+03   2.7470143E+04   1.6038726E-01   1.2877014E-02   1.2807958E-01
   1.5000000E-01   1.4642255E+04   3.7136153E+03   1.8355870E+04   1.6432680E-01   2.1882679E-02   1.3550862E-01
   2.0000000E-01   1.0583804E+04   3.0080284E+03   1.3591832E+04   1.5515567E-01   2.9370014E-02   1.2731750E-01
   2.5000000E-01   8.3269866E+03   2.3682256E+03   1.0695212E+04   1.7977461E-01   2.4538505E-02   1.4540087E-01
   3.0000000E-01   6.2494841E+03   1.4217842E+03   7.6712683E+03   1.7466628E-01   1.5644825E-02   1.4518160E-01
   3.5000000E-01   5.0656745E+03   1.1913884E+03   6.2570629E+03   1.8747495E-01   2.6209903E-02   1.5667337E-01
   4.0000000E-01   4.3051412E+03   1.0265494E+03   5.3316906E+03   1.9025943E-01   1.5759087E-02   1.5666055E-01
   4.5000000E-01   3.9116748E+03   8.7004702E+02   4.7817218E+03   1.9673821E-01   1.3927116E-02   1.6340401E-01
   5.0000000E-01   3.1576341E+03   8.0214091E+02   3.9597750E+03   2.0201668E-01   2.5701475E-02   1.6626532E-01
   5.5000000E-01   2.6969529E+03   6.7134449E+02   3.3682973E+03   1.9542717E-01   1.1680121E-02   1.5873971E-01
   6.0000000E-01   2.3661035E+03   4.7215966E+02   2.8382632E+03   1.9749586E-01   4.3441602E-03   1.6536364E-01
   6.5000000E-01   2.0224920E+03   4.7991337E+02   2.5024054E+03   2.0828271E-01   6.4760354E-03   1.6958005E-01
   7.0000000E-01   1.6552114E+03   3.2740445E+02   1.9826159E+03   2.1795529E-01   1.4990727E-02   1.8443773E-01
   7.5000000E-01   1.3835870E+03   2.9284510E+02   1.6764321E+03   2.1390004E-01   2.1766814E-02   1.8028953E-01
   8.0000000E-01   1.0265494E+03   2.1883805E+02   1.2453874E+03   2.2195622E-01   1.4784769E-02   1.8555067E-01
   8.5000000E-01   8.2760570E+02   1.5353771E+02   9.8114341E+02   2.1812805E-01   1.0452662E-02   1.8562917E-01
   9.0000000E-01   6.5784043E+02   1.7330205E+02   8.3114248E+02   2.1694030E-01   1.3126864E-02   1.7443984E-01
   9.5000000E-01   4.1212754E+02   8.3765760E+01   4.9589330E+02   2.5570378E-01   1.0736956E-04   2.1249244E-01
   1.0000000E+00   2.6407931E+02   3.7725616E+01   3.0180493E+02   2.3780017E-01   1.0507477E-05   2.0807646E-01
