   0.0000000E+00   2.9344606E+07   1.5744371E+07   4.4809883E+07   7.0918243E-04   8.8098845E-05   4.9441811E-04
   5.0000000E-02   4.9083384E+04   1.5215213E+04   6.4298597E+04   1.5403389E-01   2.5544916E-02   1.2356567E-01
   1.0000000E-01   2.2249861E+04   7.4166203E+03   2.9666481E+04   1.5252662E-01   3.7934938E-02   1.2387539E-01
   1.5000000E-01   1.5172771E+04   3.9470426E+03   1.9119814E+04   1.5907884E-01   3.7503694E-02   1.3396189E-01
   2.0000000E-01   1.0154085E+04   2.8170425E+03   1.2971128E+04   1.5916841E-01   3.4696720E-02   1.3212516E-01
   2.5000000E-01   7.4102542E+03   2.0371833E+03   9.4474374E+03   1.7629822E-01   4.5904260E-02   1.4817882E-01
   3.0000000E-01   5.7720193E+03   1.5915494E+03   7.3635687E+03   1.6900739E-01   2.3041108E-02   1.3745481E-01
   3.5000000E-01   4.7564592E+03   1.4460363E+03   6.2024955E+03   1.8189843E-01   1.7379409E-02   1.4340138E-01
   4.0000000E-01   4.0504933E+03   1.1061269E+03   5.1566202E+03   1.7767699E-01   2.3216630E-02   1.4454424E-01
   4.5000000E-01   3.2467608E+03   8.9834123E+02   4.1451021E+03   2.0331012E-01   3.8098967E-02   1.6749282E-01
   5.0000000E-01   2.8902538E+03   7.6394373E+02   3.6541975E+03   1.9781267E-01   2.6358230E-02   1.6184621E-01
   5.5000000E-01   2.4886046E+03   6.4240722E+02   3.1310118E+03   2.0306843E-01   8.2737984E-03   1.6304830E-01
   6.0000000E-01   2.1857279E+03   5.0399065E+02   2.6897185E+03   2.1252048E-01   1.8420426E-02   1.7614975E-01
   6.5000000E-01   1.9294476E+03   4.8481044E+02   2.4142581E+03   2.1658017E-01   2.0241578E-02   1.7703177E-01
   7.0000000E-01   1.5006037E+03   4.1380285E+02   1.9144066E+03   2.1490670E-01   1.3222868E-02   1.7131174E-01
   7.5000000E-01   1.3029485E+03   2.8860096E+02   1.5915494E+03   2.1657710E-01   2.5162824E-02   1.8180048E-01
   8.0000000E-01   1.0464438E+03   2.6260566E+02   1.3090494E+03   2.3502554E-01   2.6349665E-02   1.9315906E-01
   8.5000000E-01   8.0513677E+02   1.9847558E+02   1.0036123E+03   2.4001004E-01   5.9165897E-03   1.9371525E-01
   9.0000000E-01   7.1796563E+02   1.5561817E+02   8.7358380E+02   2.4814392E-01   9.7208544E-03   2.0567166E-01
   9.5000000E-01   3.9537438E+02   9.0467020E+01   4.8584141E+02   2.2539362E-01   7.4979272E-03   1.8481918E-01
   1.0000000E+00   1.8234048E+02   3.1438013E+01   2.1377849E+02   2.7526261E-01   1.2224691E-04   2.3476490E-01
