   0.0000000E+00   2.4327533E+07   1.4784858E+07   3.8705464E+07   1.6382381E-03   2.6377470E-04   1.1212206E-03
   5.0000000E-02   1.0548790E+05   3.2276622E+04   1.3770086E+05   1.4231382E-01   4.4854023E-02   1.1942128E-01
   1.0000000E-01   4.8574089E+04   1.4069297E+04   6.2643386E+04   1.4631008E-01   2.5182176E-02   1.1906009E-01
   1.5000000E-01   3.0260660E+04   8.2123951E+03   3.8473055E+04   1.4465237E-01   2.3294952E-02   1.1873920E-01
   2.0000000E-01   2.1103945E+04   5.2680286E+03   2.6371974E+04   1.4672651E-01   2.7513177E-02   1.2289544E-01
   2.5000000E-01   1.6895889E+04   4.3544792E+03   2.1237636E+04   1.4613706E-01   2.6914010E-02   1.2177966E-01
   3.0000000E-01   1.2806668E+04   3.0769956E+03   1.5883663E+04   1.4266820E-01   1.3209720E-02   1.1757266E-01
   3.5000000E-01   1.0213200E+04   2.6556139E+03   1.2868814E+04   1.4689412E-01   1.9513399E-02   1.2057702E-01
   4.0000000E-01   8.2521838E+03   1.9178171E+03   1.0170001E+04   1.5061861E-01   2.3260066E-02   1.2660140E-01
   4.5000000E-01   7.3564951E+03   1.5986230E+03   8.9551181E+03   1.3970135E-01   2.0198462E-02   1.1836526E-01
   5.0000000E-01   6.2898034E+03   1.1586480E+03   7.4420851E+03   1.4103397E-01   1.4550083E-02   1.2136900E-01
   5.5000000E-01   5.4865049E+03   8.7390532E+02   6.3604103E+03   1.3742640E-01   1.1942521E-02   1.2018484E-01
   6.0000000E-01   4.5677469E+03   8.0107988E+02   5.3688267E+03   1.3966870E-01   2.6099024E-02   1.2271065E-01
   6.5000000E-01   3.7756450E+03   6.6600222E+02   4.4416472E+03   1.3575260E-01   1.2673808E-02   1.1727621E-01
   7.0000000E-01   3.2513081E+03   5.5931594E+02   3.8106241E+03   1.2635134E-01   8.4334285E-03   1.0899103E-01
   7.5000000E-01   2.6907796E+03   3.7348360E+02   3.0600190E+03   1.2977043E-01   5.6663372E-06   1.1411090E-01
   8.0000000E-01   2.2281692E+03   3.4218313E+02   2.5703523E+03   1.2536541E-01   2.4341207E-05   1.0867266E-01
   8.5000000E-01   1.7338527E+03   2.0971004E+02   1.9435627E+03   1.1747301E-01   7.8984456E-06   1.0479852E-01
   9.0000000E-01   1.4217842E+03   1.9805948E+02   1.6198436E+03   1.1779451E-01   2.0375408E-02   1.0588286E-01
   9.5000000E-01   8.7116390E+02   8.7116390E+01   9.5828029E+02   1.0453311E-01   1.4347871E-05   9.5031404E-02
   1.0000000E+00   4.5270739E+02   3.7725616E+01   4.9043301E+02   1.1188270E-01   4.3038077E-02   1.0467887E-01
