   0.0000000E+00   1.1075656E+07   9.7764425E+06   2.0781307E+07   4.3885189E-04   3.0399256E-04   3.5596348E-04
   5.0000000E-02   1.2987043E+05   8.0659725E+04   2.1046650E+05   1.3784177E-02   4.6495171E-03   1.0223938E-02
   1.0000000E-01   7.1396907E+04   3.5236904E+04   1.0663381E+05   1.1821330E-02   8.4849090E-03   1.0255418E-02
   1.5000000E-01   5.3879253E+04   2.3576152E+04   7.7412964E+04   1.0413753E-02   6.8098782E-03   9.2174556E-03
   2.0000000E-01   4.0823243E+04   1.6440706E+04   5.7263949E+04   9.3755179E-03   8.1740052E-03   8.9381782E-03
   2.5000000E-01   3.2875045E+04   1.2184902E+04   4.5059947E+04   1.3075539E-02   8.8506585E-03   1.1932426E-02
   3.0000000E-01   3.0016622E+04   9.7508928E+03   3.9735684E+04   1.7955568E-02   6.3326494E-03   1.5059830E-02
   3.5000000E-01   2.4846360E+04   8.6580289E+03   3.3495295E+04   1.9888955E-02   1.2092813E-02   1.7865314E-02
   4.0000000E-01   2.2639791E+04   6.7959161E+03   2.9451622E+04   1.4408076E-02   1.2197693E-02   1.3787231E-02
   4.5000000E-01   1.9805948E+04   5.8569019E+03   2.5662850E+04   2.1152999E-02   9.5193029E-03   1.8474606E-02
   5.0000000E-01   1.8283720E+04   5.0547610E+03   2.3332115E+04   1.5380704E-02   1.0812765E-02   1.4386656E-02
   5.5000000E-01   1.5660846E+04   4.2016905E+03   1.9856749E+04   2.2244829E-02   7.0395352E-03   1.9032837E-02
   6.0000000E-01   1.4451269E+04   4.0213149E+03   1.8467279E+04   1.7653607E-02   9.7838352E-03   1.5915893E-02
   6.5000000E-01   1.3109470E+04   3.3985702E+03   1.6498246E+04   1.9669596E-02   1.0220972E-02   1.7705452E-02
   7.0000000E-01   1.1595574E+04   2.7192759E+03   1.4314850E+04   1.9615472E-02   7.9179285E-03   1.7309775E-02
   7.5000000E-01   1.0695212E+04   2.3342725E+03   1.3029485E+04   2.0186415E-02   1.9002828E-02   1.9901433E-02
   8.0000000E-01   8.8370782E+03   2.0053523E+03   1.0842430E+04   2.0559519E-02   1.0212355E-02   1.8633315E-02
   8.5000000E-01   5.5760402E+03   9.8863306E+02   6.5609285E+03   3.0413601E-02   2.0113796E-02   2.8668251E-02
   9.0000000E-01   3.6110488E+03   6.1893589E+02   4.2299847E+03   3.5887478E-02   2.5700614E-02   3.4394719E-02
   9.5000000E-01   2.1745591E+03   2.7810232E+02   2.4526614E+03   4.7080964E-02   2.6318508E-02   4.4626500E-02
   1.0000000E+00   6.8534869E+02   1.3832726E+02   8.2367595E+02   6.2475550E-02   7.6081275E-03   5.2327991E-02
