   0.0000000E+00   2.6101920E+07   1.4577065E+07   4.0379519E+07   1.1137632E-03   1.8972283E-04   7.8778641E-04
   5.0000000E-02   8.8681134E+04   2.8456904E+04   1.1713804E+05   1.2889347E-01   2.7949855E-02   1.0436872E-01
   1.0000000E-01   3.6573806E+04   1.2350424E+04   4.8924230E+04   1.1807810E-01   3.5326376E-02   9.7186252E-02
   1.5000000E-01   2.3682256E+04   8.2548364E+03   3.1937092E+04   1.2213657E-01   2.8415354E-02   9.7907662E-02
   2.0000000E-01   1.7395635E+04   5.3316906E+03   2.2727326E+04   1.1406990E-01   3.5237433E-02   9.5576120E-02
   2.5000000E-01   1.2961579E+04   3.9597750E+03   1.6921354E+04   1.2014989E-01   2.9526340E-02   9.8931089E-02
   3.0000000E-01   1.0132865E+04   3.2467608E+03   1.3379626E+04   1.2805776E-01   5.0214439E-02   1.0907446E-01
   3.5000000E-01   9.1127573E+03   2.5919519E+03   1.1704709E+04   1.3034363E-01   2.0267224E-02   1.0596657E-01
   4.0000000E-01   6.7959161E+03   2.2600002E+03   9.0559163E+03   1.2613685E-01   3.6239497E-02   1.0347671E-01
   4.5000000E-01   5.9134903E+03   1.9735213E+03   7.8799381E+03   1.2910699E-01   2.9308890E-02   1.0420518E-01
   5.0000000E-01   5.4558314E+03   1.5087889E+03   6.9646203E+03   1.3612439E-01   1.8503680E-02   1.1063763E-01
   5.5000000E-01   4.3579517E+03   1.3079643E+03   5.6659160E+03   1.5518785E-01   5.2401794E-02   1.3135533E-01
   6.0000000E-01   3.6552585E+03   1.0451175E+03   4.7003760E+03   1.4114525E-01   3.8905661E-02   1.1841100E-01
   6.5000000E-01   3.1047457E+03   8.0801740E+02   3.9127631E+03   1.5287884E-01   1.9344243E-02   1.2509691E-01
   7.0000000E-01   2.7101813E+03   8.4579484E+02   3.5559762E+03   1.5425593E-01   2.1866087E-02   1.2273120E-01
   7.5000000E-01   2.2706105E+03   6.2388738E+02   2.8902538E+03   1.5735806E-01   3.2790778E-02   1.3069894E-01
   8.0000000E-01   1.8979227E+03   4.5757046E+02   2.3554932E+03   1.5777703E-01   3.7386380E-02   1.3421056E-01
   8.5000000E-01   1.6439769E+03   3.9695115E+02   2.0409281E+03   1.6034015E-01   3.2711573E-02   1.3551340E-01
   9.0000000E-01   1.1105478E+03   3.4306732E+02   1.4536151E+03   1.8226701E-01   3.1685232E-02   1.4654043E-01
   9.5000000E-01   7.1703490E+02   2.3454413E+02   9.5157903E+02   1.9580712E-01   2.7555307E-02   1.5433542E-01
   1.0000000E+00   2.5150411E+02   8.8026438E+01   3.3953055E+02   2.0093130E-01   2.7966659E-05   1.4883098E-01
