   0.0000000E+00   2.4652973E+07   1.5021171E+07   3.9397597E+07   1.5030065E-03   1.9925387E-04   1.0094484E-03
   5.0000000E-02   9.3519445E+04   3.0748735E+04   1.2426818E+05   1.3201223E-01   3.9965865E-02   1.0920380E-01
   1.0000000E-01   4.4467891E+04   1.2000283E+04   5.6436343E+04   1.3576349E-01   5.0580884E-02   1.1769787E-01
   1.5000000E-01   2.7883946E+04   7.7879819E+03   3.5650707E+04   1.3131189E-01   2.7708786E-02   1.0884196E-01
   2.0000000E-01   2.2440847E+04   5.2680286E+03   2.7708876E+04   1.4027508E-01   3.4628105E-02   1.2018875E-01
   2.5000000E-01   1.5368001E+04   3.6796623E+03   1.9022199E+04   1.3312443E-01   3.5082361E-02   1.1433717E-01
   3.0000000E-01   1.2488358E+04   2.8011270E+03   1.5289485E+04   1.3875179E-01   4.0101152E-02   1.2064907E-01
   3.5000000E-01   1.0540605E+04   2.1554127E+03   1.2696017E+04   1.3959137E-01   2.1095903E-02   1.1923200E-01
   4.0000000E-01   8.4033810E+03   1.7586621E+03   1.0162043E+04   1.3563104E-01   2.2768843E-02   1.1603647E-01
   4.5000000E-01   6.9815968E+03   1.3581222E+03   8.3397190E+03   1.2898594E-01   1.2769843E-02   1.1005988E-01
   5.0000000E-01   5.8823667E+03   9.0400008E+02   6.7863668E+03   1.3459304E-01   2.1175047E-02   1.1947759E-01
   5.5000000E-01   5.0408711E+03   7.9866844E+02   5.8453270E+03   1.2133608E-01   1.4342730E-02   1.0659698E-01
   6.0000000E-01   4.4245074E+03   7.0028175E+02   5.1247892E+03   1.2106950E-01   2.4285007E-02   1.0783081E-01
   6.5000000E-01   3.9225572E+03   5.7785487E+02   4.5004121E+03   1.0700388E-01   1.1175783E-02   9.4695436E-02
   7.0000000E-01   3.3149701E+03   5.0020125E+02   3.8151714E+03   1.0333451E-01   9.5142319E-03   9.1009558E-02
   7.5000000E-01   2.7841505E+03   3.3104228E+02   3.1151928E+03   1.0172369E-01   1.0034676E-02   9.1908350E-02
   8.0000000E-01   2.3634509E+03   2.6260566E+02   2.6260566E+03   9.7957376E-02   3.8786818E-06   8.8161380E-02
   8.5000000E-01   1.9323283E+03   2.0971004E+02   2.1420383E+03   8.0342650E-02   1.7517224E-02   7.4189555E-02
   9.0000000E-01   1.4323945E+03   1.3793428E+02   1.5703288E+03   1.0409346E-01   9.1884625E-03   9.5709205E-02
   9.5000000E-01   9.1137146E+02   1.1727206E+02   1.0286435E+03   8.0893720E-02   1.1280949E-02   7.2955547E-02
   1.0000000E+00   3.9611897E+02   5.0300822E+01   4.4641979E+02   5.7965033E-02   1.6104293E-05   5.1431954E-02
