   0.0000000E+00   3.2246574E+07   1.6883666E+07   4.8728915E+07   2.2392015E-04   4.9584686E-05   1.6535796E-04
   5.0000000E-02   1.6361128E+04   4.5836624E+03   2.0944791E+04   1.3974421E-01   6.5644096E-02   1.2347686E-01
   1.0000000E-01   8.0850711E+03   1.9735213E+03   1.0058592E+04   1.7365665E-01   5.1303133E-02   1.4965057E-01
   1.5000000E-01   5.1141788E+03   1.2944602E+03   6.4086390E+03   1.6215984E-01   8.9648319E-02   1.4750682E-01
   2.0000000E-01   3.4536623E+03   7.1619724E+02   4.1698595E+03   1.6680232E-01   6.1525905E-02   1.4871948E-01
   2.5000000E-01   2.9029862E+03   4.2016905E+02   3.3231552E+03   1.6235339E-01   2.1560748E-02   1.4453484E-01
   3.0000000E-01   1.8143664E+03   2.5464791E+02   2.0690143E+03   1.4779015E-01   8.7260268E-02   1.4033957E-01
   3.5000000E-01   1.6097386E+03   1.9098593E+02   1.8007245E+03   1.3696456E-01   5.2284156E-02   1.2798330E-01
   4.0000000E-01   1.2732395E+03   1.4323945E+02   1.4164790E+03   1.3884569E-01   2.3627520E-02   1.2719416E-01
   4.5000000E-01   9.5492966E+02   1.1317685E+02   1.0681065E+03   1.3029866E-01   7.1844478E-02   1.2403615E-01
   5.0000000E-01   5.9842259E+02   7.0028175E+01   6.6845076E+02   1.3383300E-01   3.0674415E-02   1.2302591E-01
   5.5000000E-01   6.0768251E+02   6.3661977E+01   6.7134449E+02   9.1366890E-02   3.7041474E-02   8.6215316E-02
   6.0000000E-01   4.7746483E+02   3.7136153E+01   5.1460098E+02   8.3297956E-02   1.8474285E-06   7.7286630E-02
   6.5000000E-01   3.7217771E+02   3.9176601E+01   4.1135431E+02   1.1715959E-01   4.7664166E-02   1.1054098E-01
   7.0000000E-01   2.6374248E+02   2.2736420E+01   2.8647890E+02   5.5611187E-02   5.4551517E-04   5.1154306E-02
   7.5000000E-01   1.8674180E+02   1.2732395E+01   1.9947420E+02   6.8737587E-02   7.7230222E-06   6.4349589E-02
   8.0000000E-01   1.2334508E+02   1.1936621E+01   1.3528170E+02   3.2821757E-02   3.6922210E-06   2.9926046E-02
   8.5000000E-01   6.7406799E+01   1.1234467E+01   7.8641266E+01   1.1592022E-01   1.2572026E-05   9.9358390E-02
   9.0000000E-01   9.9029742E+01   3.5367765E+00   1.0256652E+02   4.2856573E-02   4.4520197E-07   4.1378745E-02
   9.5000000E-01   4.6908825E+01   0.0000000E+00   4.6908825E+01   1.1838202E-01   0.0000000E+00   1.1838202E-01
   1.0000000E+00   2.5150411E+01   6.2876027E+00   3.1438013E+01   1.8871212E-06   2.7495606E-06   9.5978483E-07
