   0.0000000E+00   2.8303606E+07   1.5988833E+07   4.4030661E+07   9.3578062E-04   2.2497398E-04   6.8247640E-04
   5.0000000E-02   6.5762822E+04   1.9544227E+04   8.5307049E+04   1.4868966E-01   4.5974876E-02   1.2515617E-01
   1.0000000E-01   3.1990144E+04   7.8940852E+03   3.9884229E+04   1.5067228E-01   3.8971050E-02   1.2856322E-01
   1.5000000E-01   1.8568077E+04   5.0080755E+03   2.3576152E+04   1.4635746E-01   3.7850672E-02   1.2330413E-01
   2.0000000E-01   1.3941973E+04   3.1990144E+03   1.7140987E+04   1.5080907E-01   3.8192857E-02   1.2976487E-01
   2.5000000E-01   1.0809804E+04   2.1645072E+03   1.2974311E+04   1.5004091E-01   2.2249822E-02   1.2871771E-01
   3.0000000E-01   7.6288269E+03   1.5172771E+03   9.1461041E+03   1.4869386E-01   3.6818312E-02   1.3013354E-01
   3.5000000E-01   6.2024955E+03   1.0913482E+03   7.2938437E+03   1.2946834E-01   3.3638219E-02   1.1512709E-01
   4.0000000E-01   5.1088737E+03   7.4802823E+02   5.8569019E+03   1.2803625E-01   1.8907719E-02   1.1409706E-01
   4.5000000E-01   4.1875434E+03   6.7198754E+02   4.8595309E+03   1.1318005E-01   1.4405623E-02   9.9488803E-02
   5.0000000E-01   3.5523383E+03   5.2839441E+02   4.0807327E+03   1.0498673E-01   2.3284509E-02   9.4406354E-02
   5.5000000E-01   2.9921129E+03   4.0512167E+02   3.3972346E+03   9.5623353E-02   2.2387719E-03   8.4404496E-02
   6.0000000E-01   2.7109392E+03   2.4934274E+02   2.9602819E+03   8.8228895E-02   1.2406190E-02   8.1842352E-02
   6.5000000E-01   2.1449189E+03   1.5670641E+02   2.3016253E+03   8.7673059E-02   1.2482082E-02   8.2553598E-02
   7.0000000E-01   1.5369820E+03   1.7734408E+02   1.7143261E+03   7.8790432E-02   4.6839045E-06   7.0639214E-02
   7.5000000E-01   1.1586480E+03   7.6394373E+01   1.2350424E+03   8.8442543E-02   2.3793824E-02   8.4443647E-02
   8.0000000E-01   9.0718318E+02   4.7746483E+01   9.5492966E+02   7.1314871E-02   1.1688842E-04   6.7754971E-02
   8.5000000E-01   7.7517819E+02   1.8724111E+01   7.9390230E+02   6.7061065E-02   8.3050792E-02   6.7099266E-02
   9.0000000E-01   5.0929582E+02   1.7683883E+01   5.2697970E+02   5.7223339E-02   7.2866956E-06   5.5302848E-02
   9.5000000E-01   3.1160863E+02   1.0051891E+01   3.2166052E+02   7.5535081E-02   8.6319132E-05   7.3171933E-02
   1.0000000E+00   1.5090246E+02   6.2876027E+00   1.5719007E+02   3.4915572E-02   1.1008583E-06   3.3518905E-02
