   0.0000000E+00   3.0273562E+07   1.6021428E+07   4.5621191E+07   4.0179848E-04   5.7198289E-10   2.5993012E-04
   5.0000000E-02   3.6350989E+04   9.2946487E+03   4.5645638E+04   1.6911516E-01   8.4678013E-06   1.3468058E-01
   1.0000000E-01   1.6520283E+04   4.8701413E+03   2.1390424E+04   1.7048786E-01   1.1779835E-05   1.3167411E-01
   1.5000000E-01   1.0780095E+04   3.1406575E+03   1.3920752E+04   1.8387519E-01   7.7789732E-07   1.4239132E-01
   2.0000000E-01   7.9895781E+03   1.7984509E+03   9.7880290E+03   1.9314907E-01   1.1890967E-06   1.5766010E-01
   2.5000000E-01   5.7423103E+03   1.3369015E+03   7.0792119E+03   1.8942628E-01   3.4260897E-06   1.5365313E-01
   3.0000000E-01   4.7215966E+03   1.2838499E+03   6.0054465E+03   2.1203201E-01   2.9921212E-06   1.6670305E-01
   3.5000000E-01   3.5195979E+03   1.1004427E+03   4.6200406E+03   2.0413552E-01   2.1420827E-06   1.5551225E-01
   4.0000000E-01   2.9284510E+03   8.0373246E+02   3.7321834E+03   2.2055496E-01   7.7677264E-07   1.7305799E-01
   4.5000000E-01   2.4403758E+03   6.2247267E+02   3.0628485E+03   2.2748860E-01   4.1115050E-05   1.8124700E-01
   5.0000000E-01   1.9416903E+03   5.1566202E+02   2.4573523E+03   2.4923996E-01   1.7425817E-06   1.9693795E-01
   5.5000000E-01   1.7246608E+03   4.4563384E+02   2.1702947E+03   2.6042798E-01   1.2704510E-06   2.0695357E-01
   6.0000000E-01   1.4907513E+03   3.9258219E+02   1.8833335E+03   2.5354025E-01   5.0990163E-06   2.0068854E-01
   6.5000000E-01   1.2340629E+03   3.1341281E+02   1.5474758E+03   2.7261192E-01   1.0151427E-06   2.1739940E-01
   7.0000000E-01   9.0945682E+02   3.3195174E+02   1.2414086E+03   2.8807347E-01   4.0120076E-06   2.1104177E-01
   7.5000000E-01   8.3184984E+02   3.0557749E+02   1.1374273E+03   3.0054895E-01   5.4131358E-06   2.1980306E-01
   8.0000000E-01   5.8887329E+02   1.8302818E+02   7.7190147E+02   3.1686029E-01   9.0557940E-07   2.4172825E-01
   8.5000000E-01   4.9431653E+02   1.7226182E+02   6.6657835E+02   3.3090627E-01   3.0278680E-07   2.4539111E-01
   9.0000000E-01   3.6782476E+02   1.0610330E+02   4.7392805E+02   3.3559329E-01   2.3372246E-06   2.6046099E-01
   9.5000000E-01   2.5464791E+02   5.6960716E+01   3.1160863E+02   3.4358929E-01   1.9430257E-05   2.8077910E-01
   1.0000000E+00   1.1317685E+02   3.7725616E+01   1.5090246E+02   3.9478718E-01   1.0202255E-05   2.9609294E-01
