   0.0000000E+00   3.0935647E+07   1.5618575E+07   4.6290406E+07   2.3702375E-05   3.0612149E-05   2.4630979E-05
   5.0000000E-02   1.2032114E+04   5.2202821E+03   1.7252396E+04   5.4440346E-02   9.8517781E-03   3.5206694E-02
   1.0000000E-01   8.7216909E+03   3.3422538E+03   1.2063945E+04   1.1248287E-02   5.0795460E-03   6.8275331E-03
   1.5000000E-01   5.3263854E+03   2.7586857E+03   8.0850711E+03   2.5641340E-02   1.8010400E-02   2.1394782E-02
   2.0000000E-01   5.0133807E+03   2.2759157E+03   7.2892964E+03   8.3438392E-03   1.1309002E-02   2.2448095E-03
   2.5000000E-01   3.9852398E+03   1.8843945E+03   5.8696343E+03   9.7109385E-03   9.4690808E-03   9.5405729E-03
   3.0000000E-01   3.5014087E+03   1.4430048E+03   4.9444136E+03   6.7161801E-03   1.2880848E-02   5.0215994E-03
   3.5000000E-01   3.1649097E+03   1.3823744E+03   4.5472841E+03   2.2639486E-02   1.7743336E-02   2.0940145E-02
   4.0000000E-01   2.6340143E+03   1.2016198E+03   3.8356341E+03   2.5118572E-02   8.1511772E-03   1.7410489E-02
   4.5000000E-01   2.3767138E+03   1.0822536E+03   3.4589674E+03   1.5590428E-02   1.1931041E-02   7.4422617E-03
   5.0000000E-01   2.2981974E+03   8.5943669E+02   3.1576341E+03   5.0303954E-03   1.7178367E-02   2.0513234E-03
   5.5000000E-01   1.8924970E+03   8.6233042E+02   2.7548274E+03   2.5739220E-02   1.4901332E-02   1.7838832E-02
   6.0000000E-01   1.8302818E+03   8.0638504E+02   2.6366669E+03   1.1346023E-02   8.9668388E-03   9.1137651E-03
   6.5000000E-01   1.4789167E+03   6.8559052E+02   2.1645072E+03   1.5416503E-03   4.8703840E-03   2.5867165E-03
   7.0000000E-01   1.4005635E+03   6.2752520E+02   2.0280887E+03   1.1086578E-02   1.2655377E-02   9.8656595E-03
   7.5000000E-01   1.2138217E+03   6.3661977E+02   1.8546856E+03   1.5756494E-02   1.0884178E-02   7.7161619E-03
   8.0000000E-01   1.0265494E+03   5.6500005E+02   1.5915494E+03   3.4447649E-02   9.8475634E-03   2.4706138E-02
   8.5000000E-01   7.7143337E+02   3.5201329E+02   1.1234467E+03   1.0353323E-02   8.0272751E-03   7.6776616E-03
   9.0000000E-01   6.6845076E+02   3.3599377E+02   1.0044445E+03   2.8716864E-02   7.6155764E-03   1.9402472E-02
   9.5000000E-01   5.4615275E+02   3.4176430E+02   8.8791705E+02   3.1126501E-02   1.5614445E-02   2.4971425E-02
   1.0000000E+00   2.9551733E+02   1.5719007E+02   4.5270739E+02   3.7485742E-02   1.1525102E-02   2.1083865E-02
