   0.0000000E+00   3.3073670E+07   1.6768056E+07   4.9309512E+07   4.0846280E-04   4.9923302E-09   2.7275095E-04
   5.0000000E-02   1.7125072E+04   4.0743665E+03   2.1199438E+04   2.2800427E-01   1.3926534E-07   1.8418360E-01
   1.0000000E-01   3.9788736E+03   1.2095776E+03   5.1884511E+03   2.8219573E-01   2.6207685E-06   2.1640838E-01
   1.5000000E-01   1.3156809E+03   3.3953055E+02   1.6552114E+03   3.0797491E-01   6.1357294E-07   2.4480045E-01
   2.0000000E-01   5.0929582E+02   6.3661977E+01   5.7295780E+02   2.5865159E-01   1.7578063E-07   2.2991251E-01
   2.5000000E-01   1.6552114E+02   3.8197186E+01   2.0371833E+02   6.7240941E-02   2.3796293E-05   5.4637726E-02
   3.0000000E-01   8.4882636E+01   0.0000000E+00   8.4882636E+01   2.1300515E-06   0.0000000E+00   2.1300515E-06
   3.5000000E-01   5.4567409E+01   0.0000000E+00   5.4567409E+01   5.0672479E-06   0.0000000E+00   5.0672479E-06
   4.0000000E-01   4.7746483E+01   0.0000000E+00   4.7746483E+01   4.6982415E-07   0.0000000E+00   4.6982415E-07
   4.5000000E-01   9.9029742E+01   0.0000000E+00   9.9029742E+01   7.9470955E-07   0.0000000E+00   7.9470955E-07
   5.0000000E-01   7.0028175E+01   0.0000000E+00   7.0028175E+01   1.2068204E-05   0.0000000E+00   1.2068204E-05
   5.5000000E-01   9.8386692E+01   0.0000000E+00   9.8386692E+01   1.6772332E-06   0.0000000E+00   1.6772332E-06
   6.0000000E-01   9.0187801E+01   0.0000000E+00   9.0187801E+01   2.1796819E-06   0.0000000E+00   2.1796819E-06
   6.5000000E-01   1.1752980E+02   0.0000000E+00   1.1752980E+02   8.0855674E-06   0.0000000E+00   8.0855674E-06
   7.0000000E-01   9.5492966E+01   0.0000000E+00   9.5492966E+01   5.4175757E-06   0.0000000E+00   5.4175757E-06
   7.5000000E-01   1.0610330E+02   0.0000000E+00   1.0610330E+02   5.1571081E-06   0.0000000E+00   5.1571081E-06
   8.0000000E-01   1.7507044E+02   0.0000000E+00   1.7507044E+02   7.7401301E-06   0.0000000E+00   7.7401301E-06
   8.5000000E-01   1.5353771E+02   0.0000000E+00   1.5353771E+02   1.7802557E-05   0.0000000E+00   1.7802557E-05
   9.0000000E-01   1.5561817E+02   0.0000000E+00   1.5561817E+02   8.3344051E-06   0.0000000E+00   8.3344051E-06
   9.5000000E-01   1.5077837E+02   0.0000000E+00   1.5077837E+02   7.2112424E-05   0.0000000E+00   7.2112424E-05
   1.0000000E+00   6.9163630E+01   0.0000000E+00   6.9163630E+01   8.5495252E-06   0.0000000E+00   8.5495252E-06
