   0.0000000E+00   1.1887474E+07   9.4632256E+06   2.1329309E+07   5.1978021E-04   1.9650181E-04   3.7530677E-04
   5.0000000E-02   1.4756846E+05   8.2887894E+04   2.3045636E+05   5.6096937E-03   1.9266312E-03   3.4899837E-03
   1.0000000E-01   7.1651555E+04   3.5014087E+04   1.0663381E+05   4.3998806E-03   1.1844525E-03   3.0771991E-03
   1.5000000E-01   4.8361882E+04   2.2706105E+04   7.1067987E+04   4.4899947E-03   8.8720910E-03   1.8691610E-03
   2.0000000E-01   3.8149440E+04   1.5899579E+04   5.4049019E+04   2.5028925E-03   2.2399730E-03   2.3206235E-03
   2.5000000E-01   3.1054312E+04   1.1904790E+04   4.2946370E+04   1.5199102E-03   2.4928043E-03   8.7556333E-04
   3.0000000E-01   2.4562913E+04   9.7508928E+03   3.4313806E+04   2.6949872E-03   6.7799314E-03   3.7710061E-03
   3.5000000E-01   2.2281692E+04   7.9031797E+03   3.0184872E+04   1.4054655E-03   1.9034545E-03   1.4849340E-03
   4.0000000E-01   1.9639720E+04   6.4696484E+03   2.6109368E+04   5.4103211E-03   4.3837838E-03   4.3069704E-03
   4.5000000E-01   1.6594555E+04   5.3263854E+03   2.1913867E+04   6.7593479E-04   2.4922512E-03   6.4116068E-04
   5.0000000E-01   1.4425804E+04   5.0165638E+03   1.9442368E+04   3.2350281E-03   5.2521414E-03   1.1561669E-03
   5.5000000E-01   1.3652600E+04   3.8544433E+03   1.7507044E+04   1.2063390E-03   4.6860883E-03   1.2610106E-03
   6.0000000E-01   1.2366339E+04   3.7613618E+03   1.6127701E+04   3.9550712E-03   4.1460162E-03   2.1115010E-03
   6.5000000E-01   1.1111464E+04   3.1586135E+03   1.4270077E+04   5.6144746E-03   9.5085554E-03   4.1192496E-03
   7.0000000E-01   1.0245031E+04   2.7056340E+03   1.2955212E+04   3.5661204E-03   6.5474579E-03   3.0188862E-03
   7.5000000E-01   9.1248834E+03   2.3130518E+03   1.1433691E+04   2.9639339E-03   7.3495849E-03   8.7895566E-04
   8.0000000E-01   8.6540500E+03   2.3196833E+03   1.0973733E+04   1.9154718E-03   1.3116533E-03   1.3087157E-03
   8.5000000E-01   7.6431821E+03   2.0259488E+03   9.6653861E+03   1.9259363E-03   2.1810275E-03   1.8409757E-03
   9.0000000E-01   6.9037878E+03   1.7259469E+03   8.6297347E+03   3.2555333E-03   2.5637546E-03   3.0538074E-03
   9.5000000E-01   5.6491628E+03   1.5848482E+03   7.2340110E+03   3.3671958E-03   2.7191503E-03   3.1589515E-03
   1.0000000E+00   2.4710279E+03   6.2876027E+02   3.0997881E+03   5.6445230E-03   3.3445531E-03   5.1058966E-03
