   0.0000000E+00   1.1820756E+06   9.7321338E+06   1.0910135E+07   1.8380568E-04   1.7737703E-05   3.5550786E-05
   5.0000000E-02   1.4158424E+05   1.9213185E+05   3.3377975E+05   3.3203199E-04   1.5308267E-04   1.8841839E-04
   1.0000000E-01   9.6193248E+04   7.7985922E+04   1.7414734E+05   5.3160258E-04   2.7541359E-04   3.3455197E-04
   1.5000000E-01   7.8495218E+04   4.3756999E+04   1.2216733E+05   5.3704173E-04   5.4022412E-05   3.4099769E-04
   2.0000000E-01   6.7513527E+04   2.6212819E+04   9.3726346E+04   3.2849020E-04   4.6437787E-04   2.9297047E-04
   2.5000000E-01   6.3038090E+04   1.7061410E+04   8.0086767E+04   4.8285220E-04   5.2005705E-04   2.7719931E-04
   3.0000000E-01   5.8441695E+04   1.1406104E+04   6.9837189E+04   4.2485272E-04   1.8835928E-05   3.5403998E-04
   3.5000000E-01   5.2830347E+04   7.8213286E+03   6.0633486E+04   1.0249708E-04   3.0754185E-04   6.0120870E-05
   4.0000000E-01   4.8200075E+04   4.8621835E+03   5.3054300E+04   3.4522656E-04   1.7688275E-04   3.2137427E-04
   4.5000000E-01   4.4690708E+04   3.2892022E+03   4.7979910E+04   3.6240980E-04   1.6043738E-05   3.3787182E-04
   5.0000000E-01   4.0788229E+04   2.3745918E+03   4.3162821E+04   2.2957699E-04   2.5830676E-04   2.1433670E-04
   5.5000000E-01   3.8255061E+04   1.8056852E+03   4.0049171E+04   5.4722571E-04   1.3834179E-06   5.2271407E-04
   6.0000000E-01   1.8843945E+04   5.4112681E+02   1.9379767E+04   9.6533800E-04   9.9366502E-06   9.3868500E-04
   6.5000000E-01   9.3240311E+03   1.3711810E+02   9.4562522E+03   4.6884454E-04   1.4171823E-02   5.6548822E-04
   7.0000000E-01   5.9478476E+03   4.5472841E+01   5.9933204E+03   2.5856485E-03   2.7040557E-06   2.5660476E-03
   7.5000000E-01   4.1252961E+03   3.8197186E+01   4.1634933E+03   1.7853809E-03   1.2067752E-05   1.7689630E-03
   8.0000000E-01   2.5703523E+03   3.1830989E+01   2.6021833E+03   8.8295775E-04   3.6976715E-06   8.7213963E-04
   8.5000000E-01   1.6552114E+03   7.4896444E+00   1.6627011E+03   3.9418189E-03   5.2615574E-05   3.9238431E-03
   9.0000000E-01   9.7615032E+02   3.5367765E+00   9.7968709E+02   3.1669080E-03   6.0117986E-06   3.1554774E-03
   9.5000000E-01   5.3275023E+02   3.3506304E+00   5.3610086E+02   3.9951613E-03   9.7277788E-06   3.9702346E-03
   1.0000000E+00   1.8862808E+02   0.0000000E+00   1.8862808E+02   2.5981012E-02   0.0000000E+00   2.5981012E-02
