   0.0000000E+00   5.1184230E+05   1.0367735E+07   1.0878559E+07   4.7253261E-04   7.9006581E-05   9.5642240E-05
   5.0000000E-02   1.2624170E+05   2.4834537E+05   3.7452341E+05   7.7218399E-04   8.2434598E-04   7.4423599E-04
   1.0000000E-01   1.0357804E+05   9.3583107E+04   1.9716114E+05   2.4699698E-04   8.7408179E-04   5.4433699E-04
   1.5000000E-01   9.0378787E+04   4.4584605E+04   1.3494217E+05   1.8327163E-04   1.2411245E-03   2.9782410E-04
   2.0000000E-01   8.3476768E+04   2.4891833E+04   1.0836860E+05   2.6650118E-04   1.0279525E-03   1.8200627E-04
   2.5000000E-01   7.7654880E+04   1.3929241E+04   9.1520458E+04   1.1998162E-04   1.9412023E-03   2.9464853E-04
   3.0000000E-01   7.4569396E+04   7.1407518E+03   8.1688927E+04   3.4146858E-04   2.9152267E-03   5.5897746E-04
   3.5000000E-01   6.9455217E+04   4.2835416E+03   7.3738759E+04   1.7445582E-04   5.5432398E-03   4.4677018E-04
   4.0000000E-01   6.5691203E+04   2.3714087E+03   6.8054654E+04   2.5356944E-04   4.7614600E-03   4.0331302E-04
   4.5000000E-01   6.0075686E+04   1.2237247E+03   6.1306484E+04   2.3996468E-05   6.8566667E-03   1.5419900E-04
   5.0000000E-01   4.5550145E+04   6.4935217E+02   4.6199497E+04   8.2373531E-05   1.5247671E-02   1.6249707E-04
   5.5000000E-01   1.3820437E+04   6.9449430E+01   1.3889886E+04   1.0868392E-03   1.5281443E-01   1.8279699E-03
   6.0000000E-01   7.2892964E+03   1.5915494E+01   7.3052119E+03   2.0752809E-03   1.2571375E-05   2.0707621E-03
   6.5000000E-01   4.3143232E+03   4.8970752E+00   4.3192203E+03   1.2245918E-03   2.7804872E-06   1.2232027E-03
   7.0000000E-01   2.4373443E+03   1.3641852E+01   2.4509861E+03   2.9664632E-03   6.9755998E-01   6.7986706E-03
   7.5000000E-01   1.3241691E+03   4.2441318E+00   1.3284133E+03   5.0115776E-03   1.4841634E-05   4.9955387E-03
   8.0000000E-01   7.6394373E+02   0.0000000E+00   7.6394373E+02   7.3160154E-03   0.0000000E+00   7.3160154E-03
   8.5000000E-01   4.0444080E+02   0.0000000E+00   4.0444080E+02   1.9630961E-02   0.0000000E+00   1.9630961E-02
   9.0000000E-01   1.8391238E+02   0.0000000E+00   1.8391238E+02   1.7624665E-02   0.0000000E+00   1.7624665E-02
   9.5000000E-01   8.0415129E+01   0.0000000E+00   8.0415129E+01   2.9903213E-02   0.0000000E+00   2.9903213E-02
   1.0000000E+00   6.2876027E+00   0.0000000E+00   6.2876027E+00   4.7692962E-06   0.0000000E+00   4.7692962E-06
