   0.0000000E+00   1.8522070E+07   9.4703557E+06   2.7981731E+07   7.3498035E-04   6.1320452E-05   5.0143340E-04
   5.0000000E-02   5.8486258E+05   2.8367777E+05   8.6841303E+05   6.1920062E-03   5.1548156E-04   4.3361435E-03
   1.0000000E-01   1.5702227E+05   7.7603950E+04   2.3456256E+05   5.8290432E-03   1.2671421E-03   4.3122960E-03
   1.5000000E-01   6.1115498E+04   3.0048453E+04   9.1163951E+04   2.0938609E-02   1.9608278E-03   1.4656016E-02
   2.0000000E-01   3.0780566E+04   1.5390283E+04   4.6170849E+04   1.9617169E-02   3.1429377E-03   1.3926783E-02
   2.5000000E-01   1.9607889E+04   9.1163951E+03   2.8724284E+04   2.4726552E-02   5.7538601E-03   1.8701741E-02
   3.0000000E-01   1.3549391E+04   6.7375593E+03   2.0286950E+04   2.9111307E-02   5.1753027E-03   2.1149811E-02
   3.5000000E-01   1.0576983E+04   5.1293365E+03   1.5706319E+04   3.2741468E-02   8.9888906E-03   2.4973312E-02
   4.0000000E-01   8.4352120E+03   3.7799299E+03   1.2215142E+04   2.1724175E-02   7.8088378E-03   1.7051034E-02
   4.5000000E-01   7.0098910E+03   3.0911427E+03   1.0101034E+04   2.4966733E-02   7.1580764E-03   1.9447155E-02
   5.0000000E-01   5.7359441E+03   2.4127889E+03   8.1487331E+03   3.5077605E-02   9.1046428E-03   2.7366491E-02
   5.5000000E-01   4.6762616E+03   2.0256084E+03   6.7018700E+03   2.4527020E-02   1.2179415E-02   2.0697565E-02
   6.0000000E-01   3.8250238E+03   1.7825354E+03   5.6075592E+03   3.4590447E-02   5.7987318E-03   2.5401377E-02
   6.5000000E-01   3.1194369E+03   1.5425787E+03   4.6620156E+03   3.2703253E-02   9.8014567E-03   2.5120268E-02
   7.0000000E-01   2.5646682E+03   1.2595977E+03   3.8242659E+03   3.7140521E-02   7.3961320E-03   2.7343367E-02
   7.5000000E-01   2.1857279E+03   1.0822536E+03   3.2679815E+03   3.1959057E-02   9.9471443E-03   2.4050493E-02
   8.0000000E-01   1.6790846E+03   8.7933106E+02   2.5584157E+03   2.7209874E-02   1.2854602E-02   2.2176540E-02
   8.5000000E-01   1.3331567E+03   7.0028175E+02   2.0334384E+03   1.3850262E-02   1.7189221E-02   1.4727791E-02
   9.0000000E-01   9.9383420E+02   4.3502351E+02   1.4288577E+03   2.7804769E-02   1.8698968E-02   2.5000278E-02
   9.5000000E-01   6.0646410E+02   2.4794665E+02   8.5441075E+02   4.7875314E-02   1.6176789E-02   3.8247247E-02
   1.0000000E+00   1.9491568E+02   6.2876027E+01   2.5779171E+02   2.1449866E-02   2.6707768E-02   2.2222533E-02
