   0.0000000E+00   2.0910668E+07   1.2151798E+07   3.2919354E+07   2.4081270E-03   1.5694239E-04   1.5753795E-03
   5.0000000E-02   1.7678931E+05   6.9391555E+04   2.4605354E+05   6.8691743E-02   1.1458136E-02   5.2519252E-02
   1.0000000E-01   6.7736344E+04   2.8011270E+04   9.5683952E+04   5.3185465E-02   4.8958473E-03   3.9025815E-02
   1.5000000E-01   3.9937280E+04   1.6806762E+04   5.6744042E+04   4.4393870E-02   6.2282761E-03   3.2930280E-02
   2.0000000E-01   2.8743383E+04   1.1347747E+04   4.0091130E+04   5.3628331E-02   2.5339140E-03   3.9164771E-02
   2.5000000E-01   2.1581410E+04   8.5179726E+03   3.0099383E+04   4.0759239E-02   6.2560063E-03   3.0839098E-02
   3.0000000E-01   1.6774931E+04   6.5677940E+03   2.3332115E+04   4.7662952E-02   8.4947016E-03   3.6629533E-02
   3.5000000E-01   1.3432677E+04   4.9292560E+03   1.8352839E+04   6.2217508E-02   7.4846005E-03   4.7390578E-02
   4.0000000E-01   1.1753593E+04   4.3688032E+03   1.6122396E+04   5.0683109E-02   5.4872165E-03   3.8413928E-02
   4.5000000E-01   9.7756503E+03   3.3457906E+03   1.3121441E+04   5.4592451E-02   4.9747478E-03   4.1856687E-02
   5.0000000E-01   8.4925078E+03   2.8902538E+03   1.1382762E+04   5.6873918E-02   2.8698414E-03   4.3160637E-02
   5.5000000E-01   6.9854551E+03   2.5291167E+03   9.5087844E+03   5.3308713E-02   8.6009264E-03   4.0975643E-02
   6.0000000E-01   6.2176531E+03   2.0053523E+03   8.2230054E+03   4.8887274E-02   3.5950200E-03   3.7806424E-02
   6.5000000E-01   5.1762085E+03   1.8413003E+03   7.0175087E+03   5.6762298E-02   2.8649476E-03   4.1596027E-02
   7.0000000E-01   4.7428173E+03   1.6233804E+03   6.3661977E+03   4.6515347E-02   1.8545224E-03   3.4332993E-02
   7.5000000E-01   3.9343102E+03   1.2944602E+03   5.2287704E+03   4.7032244E-02   4.5324262E-03   3.6492874E-02
   8.0000000E-01   3.2984862E+03   1.1021480E+03   4.4006342E+03   6.2530204E-02   2.4738295E-03   4.7321818E-02
   8.5000000E-01   2.4865619E+03   7.7892302E+02   3.2654850E+03   6.0837982E-02   2.8358849E-03   4.6860644E-02
   9.0000000E-01   1.8002192E+03   6.5076688E+02   2.4509861E+03   7.4368043E-02   5.5206020E-03   5.6059292E-02
   9.5000000E-01   1.0353448E+03   3.3841367E+02   1.3737585E+03   6.6174554E-02   3.8275987E-03   5.0651124E-02
   1.0000000E+00   4.8414541E+02   9.4314040E+01   5.7845945E+02   1.1990977E-01   2.6698057E-02   1.0012432E-01
