   0.0000000E+00   3.3415917E+07   1.6808290E+07   4.9659907E+07   8.4490838E-06   1.3677463E-07   5.7316425E-06
   5.0000000E-02   1.2732395E+03   3.8197186E+02   1.6552114E+03   1.4492458E-01   1.7866285E-02   1.1558986E-01
   1.0000000E-01   5.7295780E+02   3.5014087E+02   9.2309867E+02   1.7317697E-01   4.6551794E-02   1.2514673E-01
   1.5000000E-01   1.9098593E+02   2.1220659E+01   2.1220659E+02   1.3542074E-01   2.2291890E-06   1.2187889E-01
   2.0000000E-01   2.0690143E+02   6.3661977E+01   2.7056340E+02   1.5469141E-01   1.6811611E-01   1.5785016E-01
   2.5000000E-01   2.1645072E+02   1.1459156E+02   3.3104228E+02   1.1927326E-01   3.5870801E-02   9.0403178E-02
   3.0000000E-01   8.4882636E+01   4.2441318E+01   1.2732395E+02   1.5622979E-01   1.3651411E-05   1.0414865E-01
   3.5000000E-01   9.0945682E+01   6.3661977E+01   1.5460766E+02   1.8014784E-01   1.4587118E-01   1.6603392E-01
   4.0000000E-01   1.6711269E+02   1.5915494E+01   1.8302818E+02   2.3453566E-01   6.3191933E-02   2.1963621E-01
   4.5000000E-01   7.0735530E+01   1.4147106E+01   8.4882636E+01   1.6060697E-01   9.8413396E-06   1.3384078E-01
   5.0000000E-01   5.0929582E+01   6.3661977E+00   5.7295780E+01   1.9167404E-01   6.6331114E-06   1.7037766E-01
   5.5000000E-01   4.0512167E+01   1.1574905E+01   5.2087072E+01   2.2099251E-01   1.1617290E-05   1.7188048E-01
   6.0000000E-01   4.7746483E+01   5.3051648E+00   5.3051648E+01   2.4915298E-01   2.9770645E-01   2.5400832E-01
   6.5000000E-01   5.3867827E+01   0.0000000E+00   5.3867827E+01   2.5897213E-02   0.0000000E+00   2.5897213E-02
   7.0000000E-01   1.8189136E+01   9.0945682E+00   2.7283705E+01   2.5354381E-01   1.1900620E-05   1.6903317E-01
   7.5000000E-01   2.5464791E+01   1.2732395E+01   3.8197186E+01   3.5332371E-01   1.3664377E-01   2.8109706E-01
   8.0000000E-01   2.3873241E+01   3.9788736E+00   2.7852115E+01   1.9495840E-01   9.0922473E-07   1.6710707E-01
   8.5000000E-01   1.4979289E+01   3.7448222E+00   1.8724111E+01   1.6013313E-01   1.7825436E-07   1.2810654E-01
   9.0000000E-01   1.0610330E+01   1.0610330E+01   2.1220659E+01   3.9417161E-01   5.3315636E-05   1.9711246E-01
   9.5000000E-01   6.7012608E+00   0.0000000E+00   6.7012608E+00   1.8987204E-01   0.0000000E+00   1.8987204E-01
   1.0000000E+00   0.0000000E+00   0.0000000E+00   0.0000000E+00   0.0000000E+00   0.0000000E+00   0.0000000E+00
