   0.0000000E+00   2.3473954E+07   1.3848772E+07   3.6903066E+07   2.7640264E-03   1.0653205E-08   1.7371937E-03
   5.0000000E-02   1.5686311E+05   4.8128455E+04   2.0499157E+05   1.4843320E-01   5.9826775E-04   1.1372413E-01
   1.0000000E-01   6.6654090E+04   2.0626481E+04   8.7185078E+04   1.4255941E-01   1.2500663E-03   1.0913825E-01
   1.5000000E-01   3.8557938E+04   1.1904790E+04   5.0441507E+04   1.4846404E-01   6.7099276E-07   1.1324046E-01
   2.0000000E-01   2.6228735E+04   8.5147895E+03   3.4727609E+04   1.5591525E-01   2.2218625E-06   1.1767745E-01
   2.5000000E-01   1.9658819E+04   6.3025357E+03   2.5961354E+04   1.6835819E-01   5.0168225E-06   1.2748535E-01
   3.0000000E-01   1.4758968E+04   4.9231929E+03   1.9671551E+04   1.6419814E-01   3.7167914E-06   1.2319381E-01
   3.5000000E-01   1.1213603E+04   3.6560164E+03   1.4860524E+04   1.7964394E-01   2.8143458E-06   1.3555681E-01
   4.0000000E-01   9.4219726E+03   2.9125355E+03   1.2326550E+04   1.7369254E-01   5.1251872E-06   1.3249917E-01
   4.5000000E-01   7.2150241E+03   2.4333022E+03   9.6412528E+03   1.8198396E-01   1.2149534E-04   1.3606471E-01
   5.0000000E-01   6.0096907E+03   1.6870424E+03   7.6903669E+03   1.9558144E-01   8.6770192E-06   1.5283673E-01
   5.5000000E-01   4.9482719E+03   1.5568247E+03   6.5050966E+03   1.9512661E-01   7.2576330E-06   1.4842990E-01
   6.0000000E-01   3.7613618E+03   1.1883569E+03   4.9444136E+03   2.0449150E-01   7.7337919E-06   1.5556087E-01
   6.5000000E-01   3.0508778E+03   1.0136946E+03   4.0645724E+03   2.1233318E-01   4.8028492E-07   1.5937772E-01
   7.0000000E-01   2.4873644E+03   8.8672040E+02   3.3695375E+03   2.2328913E-01   1.9870557E-05   1.6446318E-01
   7.5000000E-01   1.8631739E+03   5.9417845E+02   2.4573523E+03   2.0942323E-01   1.4966904E-05   1.5878911E-01
   8.0000000E-01   1.6552114E+03   4.6154933E+02   2.1167607E+03   1.9460613E-01   7.0737439E-06   1.5217475E-01
   8.5000000E-01   1.3219222E+03   3.8197186E+02   1.7038941E+03   2.2541466E-01   9.3655028E-06   1.7488422E-01
   9.0000000E-01   8.1345860E+02   2.1220659E+02   1.0256652E+03   2.1297368E-01   4.8960654E-06   1.6891116E-01
   9.5000000E-01   5.0929582E+02   1.0051891E+02   6.0981473E+02   2.2437248E-01   2.6241146E-06   1.8738757E-01
   1.0000000E+00   2.6407931E+02   5.6588424E+01   3.2066774E+02   2.9036794E-01   6.0447077E-06   2.3912550E-01
