   0.0000000E+00   5.6124399E+05   2.5566650E+05   8.1691049E+05   4.4159542E-02   1.5695888E-04   3.0293324E-02
   5.0000000E-02   2.1619607E+05   1.0555156E+05   3.2168397E+05   1.7095232E-02   1.2463935E-04   1.1593941E-02
   1.0000000E-01   1.1831578E+05   5.5927047E+04   1.7421100E+05   3.5693667E-03   2.4938620E-05   2.4246833E-03
   1.5000000E-01   8.0468739E+04   3.8579158E+04   1.1904790E+05   8.4741277E-03   1.0978171E-04   5.7395785E-03
   2.0000000E-01   6.2165921E+04   3.0716904E+04   9.2882825E+04   2.7889715E-03   9.9980462E-05   1.8720064E-03
   2.5000000E-01   5.1082371E+04   2.5592115E+04   7.6674485E+04   4.7130456E-03   1.0406206E-04   3.1620981E-03
   3.0000000E-01   4.1040755E+04   2.1284321E+04   6.2325076E+04   2.9079225E-03   7.8874439E-05   1.9249144E-03
   3.5000000E-01   3.7296824E+04   1.8361933E+04   5.5658757E+04   2.0570941E-03   2.9992004E-05   1.3869248E-03
   4.0000000E-01   3.1687749E+04   1.6599861E+04   4.8271694E+04   9.5044910E-04   9.5239245E-05   6.5082565E-04
   4.5000000E-01   2.8506419E+04   1.4175400E+04   4.2681819E+04   2.7090587E-03   8.0518630E-05   1.7840288E-03
   5.0000000E-01   2.4497129E+04   1.2630536E+04   3.7127665E+04   1.9804247E-03   5.4224661E-05   1.3147670E-03
   5.5000000E-01   2.2096494E+04   1.0764662E+04   3.2861155E+04   7.4807992E-03   8.4076125E-05   5.0063924E-03
   6.0000000E-01   1.8912912E+04   9.1938505E+03   2.8106763E+04   3.1174073E-03   5.8487408E-05   2.1106671E-03
   6.5000000E-01   1.6806762E+04   8.6923084E+03   2.5499070E+04   9.5738447E-03   4.3772189E-05   6.3249716E-03
   7.0000000E-01   1.5051510E+04   7.8577069E+03   2.2909217E+04   2.1371872E-03   8.4285062E-05   1.3820650E-03
   7.5000000E-01   1.2804546E+04   6.7057283E+03   1.9510274E+04   1.1952380E-02   1.6679439E-05   7.8423295E-03
   8.0000000E-01   1.1383557E+04   5.6181695E+03   1.7001727E+04   1.2918637E-02   2.8538918E-05   8.6585204E-03
   8.5000000E-01   9.4032485E+03   4.9281860E+03   1.4331435E+04   1.9324576E-03   1.3666706E-04   1.2550017E-03
   9.0000000E-01   7.4873559E+03   4.0425356E+03   1.1529891E+04   7.4674174E-03   5.7602501E-05   4.8456507E-03
   9.5000000E-01   5.4983845E+03   2.8245814E+03   8.3229659E+03   7.3664351E-03   5.7591460E-05   4.8859230E-03
   1.0000000E+00   3.0557749E+03   1.6347767E+03   4.6905516E+03   1.5525949E-02   1.6490055E-06   1.0114194E-02
