   0.0000000E+00   1.5498890E+07   1.0425285E+07   2.5894127E+07   4.1613795E-04   2.9243920E-04   1.4954789E-04
   5.0000000E-02   2.0575551E+05   9.9312684E+04   3.0506819E+05   4.6231471E-03   6.6220552E-03   4.2452611E-03
   1.0000000E-01   7.8399725E+04   3.2117468E+04   1.1048536E+05   3.3338874E-03   6.8109646E-03   4.7421821E-04
   1.5000000E-01   4.9147046E+04   2.1029673E+04   7.0176720E+04   3.9299223E-03   7.0612978E-03   8.4263809E-04
   2.0000000E-01   3.4568454E+04   1.4594508E+04   4.9162962E+04   2.7200806E-03   3.2489759E-03   2.5906114E-03
   2.5000000E-01   2.8176791E+04   1.1229973E+04   3.9394032E+04   1.6321012E-03   2.2217357E-03   1.4769772E-03
   3.0000000E-01   2.2695495E+04   8.4033810E+03   3.1098876E+04   7.9982039E-04   6.2665333E-03   1.7776119E-03
   3.5000000E-01   1.9225917E+04   6.8845881E+03   2.6101411E+04   2.3063019E-03   4.1993397E-03   2.2457747E-03
   4.0000000E-01   1.6671480E+04   5.8569019E+03   2.2528382E+04   4.0524044E-03   1.4664658E-04   2.9676716E-03
   4.5000000E-01   1.4182474E+04   4.9373400E+03   1.9119814E+04   9.7369491E-04   1.4824423E-02   3.2693747E-03
   5.0000000E-01   1.2114874E+04   4.1443947E+03   1.6252903E+04   1.6565911E-03   3.7773472E-03   1.3467311E-03
   5.5000000E-01   1.1048247E+04   3.6229453E+03   1.4671192E+04   7.7530305E-03   5.5205331E-03   4.6681031E-03
   6.0000000E-01   9.2203764E+03   3.2414557E+03   1.2461832E+04   7.9701688E-03   7.5145711E-03   7.6024268E-03
   6.5000000E-01   8.5845728E+03   2.5415820E+03   1.1126155E+04   6.3458381E-03   3.2488892E-03   4.4989412E-03
   7.0000000E-01   7.4757350E+03   2.1736018E+03   9.6538841E+03   5.1308850E-03   6.9273114E-03   5.1565260E-03
   7.5000000E-01   6.4723010E+03   1.8419532E+03   8.3142542E+03   8.5790147E-04   2.8175345E-03   1.2572225E-03
   8.0000000E-01   6.0638033E+03   1.6830635E+03   7.7468669E+03   3.2501622E-03   1.5310265E-03   2.8078144E-03
   8.5000000E-01   5.0517651E+03   1.2470258E+03   6.2987909E+03   3.1872837E-03   6.3975274E-03   3.8085819E-03
   9.0000000E-01   3.9647265E+03   9.8676065E+02   4.9514871E+03   2.5401671E-03   1.2562859E-03   2.2542272E-03
   9.5000000E-01   2.5531804E+03   5.7965906E+02   3.1328394E+03   6.0975008E-03   1.0237191E-02   4.4171179E-03
   1.0000000E+00   1.0626049E+03   1.5719007E+02   1.2197949E+03   8.6734011E-03   3.1335764E-02   1.1151460E-02
