   0.0000000E+00   1.7399073E+07   9.0084244E+06   2.6223642E+07   7.1107335E-03   1.4051564E-06   4.6924874E-03
   5.0000000E-02   4.8987891E+05   2.2612734E+05   7.1466936E+05   4.3220244E-02   2.6293675E-05   2.9556889E-02
   1.0000000E-01   1.5358452E+05   7.5885077E+04   2.2931044E+05   3.7240465E-02   1.6287741E-06   2.4925676E-02
   1.5000000E-01   7.9237941E+04   4.0361694E+04   1.1947231E+05   4.2540393E-02   4.8450681E-05   2.8202702E-02
   2.0000000E-01   4.8367187E+04   2.5035073E+04   7.3370429E+04   4.2754360E-02   2.5227004E-05   2.8193088E-02
   2.5000000E-01   3.2544003E+04   1.6399325E+04   4.8866934E+04   3.8438958E-02   2.0947908E-06   2.5422797E-02
   3.0000000E-01   2.2069485E+04   1.1300001E+04   3.3358876E+04   4.1062342E-02   4.5966904E-05   2.7180467E-02
   3.5000000E-01   1.5751792E+04   7.5484916E+03   2.3291189E+04   4.7077288E-02   1.4026759E-06   3.1775463E-02
   4.0000000E-01   1.1483029E+04   5.9921836E+03   1.7475213E+04   3.4862106E-02   3.0190443E-06   2.2908384E-02
   4.5000000E-01   8.2406893E+03   4.1804698E+03   1.2421159E+04   3.8432430E-02   1.6517307E-06   2.5498152E-02
   5.0000000E-01   5.4494653E+03   2.9539157E+03   8.3906486E+03   4.4010398E-02   7.9532021E-06   2.8708151E-02
   5.5000000E-01   4.3695266E+03   2.2686814E+03   6.6324205E+03   3.1412811E-02   7.3052221E-06   2.0692946E-02
   6.0000000E-01   2.8594838E+03   1.4376997E+03   4.2865731E+03   5.7658365E-02   4.7867160E-05   3.8108804E-02
   6.5000000E-01   2.0616686E+03   9.0595891E+02   2.9676276E+03   4.3430745E-02   2.0083442E-05   3.0177607E-02
   7.0000000E-01   1.5096983E+03   6.2752520E+02   2.1372235E+03   6.2336125E-02   1.4905602E-03   4.4470620E-02
   7.5000000E-01   1.1416715E+03   4.2441318E+02   1.5660846E+03   3.6355316E-02   5.4104767E-06   2.6501463E-02
   8.0000000E-01   9.1514092E+02   3.3422538E+02   1.2493663E+03   5.0098644E-02   4.0177335E-06   3.6697332E-02
   8.5000000E-01   5.7295780E+02   1.9473075E+02   7.6768855E+02   3.0517655E-02   7.4036653E-03   2.3948911E-02
   9.0000000E-01   4.2087641E+02   1.2025040E+02   5.4112681E+02   3.1126442E-02   2.8414647E-06   2.4209279E-02
   9.5000000E-01   2.7810232E+02   6.7012608E+01   3.4511493E+02   1.7351762E-02   1.9384414E-05   1.3979530E-02
   1.0000000E+00   1.0688925E+02   1.8862808E+01   1.2575205E+02   7.1234945E-02   1.0522816E-05   6.0548125E-02
