   0.0000000E+00   6.2546619E+06   9.3287715E+06   1.5554404E+07   7.8640796E-04   1.0522641E-04   3.7595863E-04
   5.0000000E-02   2.2905579E+05   1.3916508E+05   3.6802989E+05   2.7407879E-03   2.8551298E-03   2.6886025E-03
   1.0000000E-01   1.2461832E+05   5.9460287E+04   1.8388762E+05   2.5077870E-03   1.5146201E-03   2.1320203E-03
   1.5000000E-01   9.3477003E+04   3.6732961E+04   1.3016752E+05   2.2427188E-03   9.0362282E-04   1.8639189E-03
   2.0000000E-01   7.3131696E+04   2.4605354E+04   9.7721135E+04   1.9830478E-03   1.4430219E-03   1.8063121E-03
   2.5000000E-01   5.9778597E+04   1.8538368E+04   7.8278767E+04   1.9032734E-03   1.2803992E-03   1.7499831E-03
   3.0000000E-01   5.2330145E+04   1.3835870E+04   6.6155405E+04   1.1927100E-03   1.1078885E-03   1.1462654E-03
   3.5000000E-01   4.8119360E+04   1.0113160E+04   5.8223425E+04   1.9552412E-03   1.1719338E-03   1.7875725E-03
   4.0000000E-01   4.0695919E+04   8.8251416E+03   4.9505145E+04   1.0486151E-03   4.4503787E-04   9.4111589E-04
   4.5000000E-01   3.6060973E+04   7.1725828E+03   4.3219409E+04   1.6772288E-03   8.8605308E-04   1.4115046E-03
   5.0000000E-01   2.1492284E+04   3.5268735E+03   2.5012791E+04   1.8250165E-03   3.8395514E-03   2.1092377E-03
   5.5000000E-01   1.3178029E+04   1.7709605E+03   1.4948990E+04   4.6283781E-03   5.6426996E-03   4.3962394E-03
   6.0000000E-01   9.3423952E+03   9.3901416E+02   1.0281409E+04   6.9159454E-03   3.4918842E-03   6.2604070E-03
   6.5000000E-01   6.8363169E+03   7.1987005E+02   7.5561870E+03   8.6777104E-03   3.2492143E-04   7.8809845E-03
   7.0000000E-01   5.1338837E+03   4.2744470E+02   5.5613284E+03   4.9377435E-03   7.4433582E-03   4.9501651E-03
   7.5000000E-01   4.0191928E+03   3.0557749E+02   4.3247703E+03   7.5993954E-03   4.3927828E-03   7.0085202E-03
   8.0000000E-01   2.8528524E+03   1.9098593E+02   3.0438383E+03   8.5598135E-03   1.9129591E-02   8.9850573E-03
   8.5000000E-01   2.1532728E+03   1.0859984E+02   2.2618726E+03   1.6073277E-02   2.3457603E-02   1.6420771E-02
   9.0000000E-01   1.3934899E+03   6.7198754E+01   1.4606887E+03   1.0716596E-02   2.0045201E-02   1.0000857E-02
   9.5000000E-01   8.5106012E+02   4.3558195E+01   8.9461831E+02   2.6615960E-02   6.6391345E-03   2.5385052E-02
   1.0000000E+00   2.9551733E+02   1.8862808E+01   3.1438013E+02   4.3197669E-02   2.4131810E-01   5.4993030E-02
