   0.0000000E+00   3.0957546E+07   1.6393214E+07   4.6932628E+07   1.0646849E-03   3.8419141E-09   6.9867447E-04
   5.0000000E-02   6.5635499E+04   1.6424790E+04   8.2060289E+04   2.0876889E-01   5.3121923E-07   1.6698261E-01
   1.0000000E-01   2.4287044E+04   6.8754935E+03   3.1162538E+04   2.2505732E-01   1.5870500E-05   1.7540568E-01
   1.5000000E-01   1.1289391E+04   2.9072303E+03   1.4196621E+04   2.5492342E-01   8.3979546E-06   2.0271765E-01
   2.0000000E-01   6.2866203E+03   1.5756339E+03   7.8622542E+03   2.4959626E-01   5.8882099E-05   1.9958776E-01
   2.5000000E-01   3.3613524E+03   1.0949860E+03   4.4563384E+03   2.4813213E-01   3.4876540E-07   1.8716261E-01
   3.0000000E-01   1.8143664E+03   4.5624417E+02   2.2706105E+03   2.2814878E-01   4.8456574E-06   1.8230677E-01
   3.5000000E-01   1.4733200E+03   2.9102618E+02   1.7643462E+03   1.9355538E-01   8.3067670E-06   1.6163008E-01
   4.0000000E-01   1.1220423E+03   9.5492966E+01   1.2175353E+03   1.2600262E-01   4.1282124E-05   1.1611682E-01
   4.5000000E-01   9.4078255E+02   9.1956189E+01   1.0327387E+03   9.6524878E-02   5.0400359E-06   8.7929752E-02
   5.0000000E-01   8.2123951E+02   1.9098593E+01   8.4033810E+02   3.6383165E-02   3.5841701E-06   3.5556193E-02
   5.5000000E-01   7.4658137E+02   5.7874525E+00   7.5236882E+02   1.5556742E-02   1.2323133E-05   1.5436980E-02
   6.0000000E-01   7.1089208E+02   5.3051648E+00   7.1619724E+02   6.1113429E-03   1.2294030E-06   6.0660828E-03
   6.5000000E-01   8.6678231E+02   0.0000000E+00   8.6678231E+02   6.4543446E-03   0.0000000E+00   6.4543446E-03
   7.0000000E-01   8.5943669E+02   0.0000000E+00   8.5943669E+02   2.2590205E-03   0.0000000E+00   2.2590205E-03
   7.5000000E-01   8.7429115E+02   0.0000000E+00   8.7429115E+02   4.1671979E-05   0.0000000E+00   4.1671979E-05
   8.0000000E-01   8.3556345E+02   0.0000000E+00   8.3556345E+02   3.3128517E-06   0.0000000E+00   3.3128517E-06
   8.5000000E-01   7.6394373E+02   0.0000000E+00   7.6394373E+02   2.3721874E-05   0.0000000E+00   2.3721874E-05
   9.0000000E-01   6.9320820E+02   0.0000000E+00   6.9320820E+02   2.3323516E-05   0.0000000E+00   2.3323516E-05
   9.5000000E-01   4.4228321E+02   0.0000000E+00   4.4228321E+02   6.6544398E-06   0.0000000E+00   6.6544398E-06
   1.0000000E+00   2.2635370E+02   0.0000000E+00   2.2635370E+02   1.8186168E-05   0.0000000E+00   1.8186168E-05
