   0.0000000E+00   2.0102925E+07   1.0937128E+07   3.1016115E+07   6.6231139E-04   3.0690414E-05   4.6330636E-04
   5.0000000E-02   3.1945580E+05   1.5890030E+05   4.7822877E+05   1.0392550E-02   1.5274813E-03   7.2093066E-03
   1.0000000E-01   7.1524231E+04   3.5109580E+04   1.0660198E+05   4.0398748E-03   2.3985009E-03   3.4997691E-03
   1.5000000E-01   4.1528830E+04   1.9077373E+04   6.0606202E+04   8.2091516E-03   3.3382516E-03   6.6438418E-03
   2.0000000E-01   2.9029862E+04   1.2891550E+04   4.1921412E+04   9.6761171E-03   2.8010043E-03   7.5599151E-03
   2.5000000E-01   2.1645072E+04   1.0720677E+04   3.2365749E+04   9.5072640E-03   1.0372446E-03   6.3722928E-03
   3.0000000E-01   1.6456621E+04   7.5015030E+03   2.3958124E+04   1.3857083E-03   2.9812957E-03   1.6387636E-03
   3.5000000E-01   1.3796460E+04   6.0024150E+03   1.9798875E+04   2.4333736E-03   4.2006499E-03   2.6452823E-03
   4.0000000E-01   1.1777466E+04   5.1566202E+03   1.6934086E+04   5.6871566E-03   4.6554833E-03   5.2774208E-03
   4.5000000E-01   9.2805016E+03   3.9894839E+03   1.3262912E+04   9.8323268E-03   1.9288489E-03   6.3295423E-03
   5.0000000E-01   8.4161134E+03   3.2403946E+03   1.1656508E+04   1.0023813E-02   1.4744931E-03   7.4490206E-03
   5.5000000E-01   6.4587970E+03   2.8474266E+03   9.3062236E+03   1.1268249E-02   4.3860925E-03   8.8398132E-03
   6.0000000E-01   5.6022540E+03   2.4509861E+03   8.0532401E+03   1.5933766E-02   5.0540903E-03   1.2418754E-02
   6.5000000E-01   4.9313547E+03   1.9196535E+03   6.8510082E+03   8.7210737E-03   9.1222523E-04   6.3473369E-03
   7.0000000E-01   4.2153323E+03   1.6279277E+03   5.8432601E+03   1.1836790E-02   5.2510050E-03   8.9063773E-03
   7.5000000E-01   3.4292585E+03   1.2435306E+03   4.6727891E+03   5.0442700E-03   3.2693874E-03   3.4164229E-03
   8.0000000E-01   2.8687678E+03   9.3105642E+02   3.7998243E+03   1.0442796E-02   2.8638827E-03   7.9639471E-03
   8.5000000E-01   2.3891966E+03   7.6394373E+02   3.1531403E+03   9.6562014E-03   3.4722387E-03   6.4770728E-03
   9.0000000E-01   1.6658217E+03   6.2954622E+02   2.2953680E+03   1.0099331E-02   1.3862223E-03   7.6811912E-03
   9.5000000E-01   1.0252929E+03   3.2501115E+02   1.3503040E+03   6.1108538E-03   4.0342484E-03   4.1980758E-03
   1.0000000E+00   2.7665452E+02   9.4314040E+01   3.7096856E+02   1.8464766E-02   4.1580739E-04   1.3731688E-02
