   0.0000000E+00   3.1752048E+07   1.6388630E+07   4.7808108E+07   2.1202838E-04   1.7061926E-04   1.9263016E-04
   5.0000000E-02   2.0053523E+04   8.1487331E+03   2.8202256E+04   1.3423144E-01   1.0198175E-01   1.2491298E-01
   1.0000000E-01   7.7667612E+03   3.8197186E+03   1.1586480E+04   1.1591605E-01   8.3544614E-02   1.0521888E-01
   1.5000000E-01   6.0903292E+03   2.1432866E+03   8.2336157E+03   1.3186043E-01   1.0427024E-01   1.2449829E-01
   2.0000000E-01   4.4404229E+03   1.8780283E+03   6.3184512E+03   1.5120781E-01   1.1176479E-01   1.3948395E-01
   2.5000000E-01   2.9666481E+03   1.1586480E+03   4.1252961E+03   1.5527915E-01   9.5677710E-02   1.3853447E-01
   3.0000000E-01   2.5146481E+03   1.0185916E+03   3.5332397E+03   1.5018885E-01   8.3477266E-02   1.3095404E-01
   3.5000000E-01   1.8643865E+03   8.8217311E+02   2.7465596E+03   1.6096150E-01   1.1413071E-01   1.4591844E-01
   4.0000000E-01   1.6631692E+03   6.5253527E+02   2.3157044E+03   1.5569149E-01   1.2097271E-01   1.4589761E-01
   4.5000000E-01   1.4925197E+03   4.7392805E+02   1.9664477E+03   1.6754371E-01   1.1196891E-01   1.5411098E-01
   5.0000000E-01   1.1777466E+03   3.8833806E+02   1.5660846E+03   1.9172431E-01   1.1476253E-01   1.7263834E-01
   5.5000000E-01   1.0301665E+03   3.9933422E+02   1.4295008E+03   1.8869115E-01   1.0913971E-01   1.6641173E-01
   6.0000000E-01   8.4352120E+02   3.3422538E+02   1.1777466E+03   1.7679530E-01   1.0740714E-01   1.5710023E-01
   6.5000000E-01   7.9332618E+02   2.0078008E+02   9.9410626E+02   1.8799140E-01   1.8420527E-01   1.8722023E-01
   7.0000000E-01   5.4112681E+02   2.0917507E+02   7.5030187E+02   1.8602174E-01   1.3996861E-01   1.7317529E-01
   7.5000000E-01   5.0505169E+02   1.5278875E+02   6.5784043E+02   2.0189883E-01   1.5078387E-01   1.9002577E-01
   8.0000000E-01   4.1778173E+02   1.5119720E+02   5.6897892E+02   2.1844073E-01   1.7670258E-01   2.0733832E-01
   8.5000000E-01   4.1193044E+02   8.6130910E+01   4.9806135E+02   1.9639221E-01   5.4987247E-02   1.7193872E-01
   9.0000000E-01   2.8294212E+02   9.5492966E+01   3.7843509E+02   2.3838893E-01   1.9681778E-01   2.2789882E-01
   9.5000000E-01   1.4407711E+02   5.6960716E+01   2.0103782E+02   2.2037808E-01   2.1799318E-01   2.1969127E-01
   1.0000000E+00   4.4013219E+01   3.1438013E+01   7.5451232E+01   2.4090376E-01   8.1868981E-02   1.7463927E-01
