   0.0000000E+00   2.2571481E+07   1.2693689E+07   3.4943295E+07   2.7153284E-03   5.7879621E-08   1.7359209E-03
   5.0000000E-02   1.6093748E+05   5.4240005E+04   2.1498650E+05   1.3173732E-01   1.2849311E-05   9.8494433E-02
   1.0000000E-01   7.5948739E+04   2.5432960E+04   1.0125437E+05   1.1849571E-01   1.1596839E-05   8.8954033E-02
   1.5000000E-01   4.4032868E+04   1.6255025E+04   6.0245451E+04   1.1426745E-01   4.0748017E-06   8.3506567E-02
   2.0000000E-01   2.8631974E+04   1.0790705E+04   3.9390848E+04   1.0234938E-01   1.5710014E-05   7.4390283E-02
   2.5000000E-01   2.0448227E+04   7.7412964E+03   2.8202256E+04   1.1080256E-01   1.7073799E-05   8.0342787E-02
   3.0000000E-01   1.4886292E+04   5.4961507E+03   2.0382443E+04   1.1179505E-01   1.4605598E-05   8.1653070E-02
   3.5000000E-01   1.1841128E+04   4.5836624E+03   1.6424790E+04   1.1317191E-01   1.6089653E-06   8.1588768E-02
   4.0000000E-01   9.7164093E+03   3.8595074E+03   1.3567959E+04   1.2073485E-01   2.5733088E-06   8.6461214E-02
   4.5000000E-01   8.1204389E+03   3.1052898E+03   1.1211582E+04   1.2036135E-01   9.4464502E-06   8.7214246E-02
   5.0000000E-01   6.5444513E+03   2.7056340E+03   9.2500853E+03   1.2296152E-01   2.3346026E-04   8.7063514E-02
   5.5000000E-01   5.1624076E+03   2.2281692E+03   7.3905768E+03   1.2377014E-01   6.2171750E-06   8.6455675E-02
   6.0000000E-01   4.5253055E+03   1.7613147E+03   6.2866203E+03   1.3432007E-01   6.0549291E-06   9.6689436E-02
   6.5000000E-01   3.9960133E+03   1.5034021E+03   5.4994154E+03   1.3477355E-01   1.5207206E-06   9.7930138E-02
   7.0000000E-01   3.2194771E+03   1.3323542E+03   4.5518314E+03   1.5496232E-01   6.6129418E-06   1.0960218E-01
   7.5000000E-01   2.6058969E+03   9.9737098E+02   3.6032679E+03   1.5132238E-01   1.4709817E-05   1.0943285E-01
   8.0000000E-01   2.0013734E+03   8.3158458E+02   2.8329580E+03   1.8294119E-01   7.3597850E-06   1.2923860E-01
   8.5000000E-01   1.5353771E+03   6.7781282E+02   2.2131899E+03   1.7025324E-01   5.2398496E-05   1.1811738E-01
   9.0000000E-01   1.0468858E+03   4.4917062E+02   1.4960565E+03   1.7164187E-01   5.2863047E-06   1.2010957E-01
   9.5000000E-01   6.3326914E+02   3.1830989E+02   9.5157903E+02   2.3263215E-01   8.0181272E-06   1.5481281E-01
   1.0000000E+00   2.3892890E+02   1.5090246E+02   3.8983137E+02   2.3043792E-01   1.4053328E-06   1.4123565E-01
