   0.0000000E+00   3.2349961E+07   1.6661613E+07   4.8504315E+07   1.6279499E-04   1.4256078E-05   1.1071122E-04
   5.0000000E-02   1.0058592E+04   3.5014087E+03   1.3560001E+04   1.3762087E-01   6.8658166E-02   1.1977894E-01
   1.0000000E-01   5.8250709E+03   1.4960565E+03   7.3211274E+03   1.6315935E-01   8.0738416E-02   1.4630079E-01
   1.5000000E-01   3.9470426E+03   1.3581222E+03   5.3051648E+03   1.7907298E-01   5.9307317E-02   1.4841251E-01
   2.0000000E-01   2.6101411E+03   8.4352120E+02   3.4536623E+03   1.4742823E-01   7.6068731E-02   1.2997267E-01
   2.5000000E-01   2.0626481E+03   5.3476061E+02   2.5974087E+03   1.6587419E-01   7.9833224E-02   1.4815941E-01
   3.0000000E-01   1.5703288E+03   3.9258219E+02   1.9629110E+03   1.8525221E-01   1.1649690E-01   1.7148887E-01
   3.5000000E-01   1.1913884E+03   3.7287730E+02   1.5642657E+03   1.6275733E-01   7.3837267E-02   1.4155841E-01
   4.0000000E-01   9.8676065E+02   2.8647890E+02   1.2732395E+03   1.6575115E-01   9.8526282E-02   1.5062215E-01
   4.5000000E-01   7.9223794E+02   1.6269172E+02   9.5492966E+02   1.9362770E-01   8.4758049E-02   1.7507940E-01
   5.0000000E-01   8.0850711E+02   2.2918312E+02   1.0376902E+03   1.8202267E-01   7.6521407E-02   1.5872176E-01
   5.5000000E-01   7.7551863E+02   1.3889886E+02   9.1441749E+02   2.1024496E-01   1.4167650E-01   1.9982516E-01
   6.0000000E-01   5.6765263E+02   7.9577472E+01   6.4723010E+02   2.0237057E-01   3.0329032E-02   1.8121760E-01
   6.5000000E-01   4.1135431E+02   8.8147353E+01   4.9950167E+02   1.9408669E-01   7.0573084E-02   1.7228721E-01
   7.0000000E-01   3.6378273E+02   5.9114693E+01   4.2289742E+02   2.1804620E-01   6.5921898E-02   1.9678146E-01
   7.5000000E-01   2.6313617E+02   8.4882636E+01   3.4801881E+02   2.0176722E-01   1.1140732E-01   1.7972220E-01
   8.0000000E-01   2.0690143E+02   6.7640851E+01   2.7454228E+02   1.9653134E-01   3.2099298E-05   1.4810267E-01
   8.5000000E-01   2.8835131E+02   5.9917155E+01   3.4826846E+02   2.0022409E-01   8.4649541E-06   1.6577548E-01
   9.0000000E-01   1.0964007E+02   3.5367765E+01   1.4500784E+02   2.8255660E-01   1.2520604E-01   2.4417842E-01
   9.5000000E-01   1.3402522E+02   2.3454413E+01   1.5747963E+02   1.7793621E-01   5.7781030E-02   1.6004076E-01
   1.0000000E+00   5.0300822E+01   0.0000000E+00   5.0300822E+01   3.1644864E-01   0.0000000E+00   3.1644864E-01
