   0.0000000E+00   6.0876129E+06   9.3786825E+06   1.5439303E+07   4.6642856E-03   1.4551497E-04   1.7491364E-03
   5.0000000E-02   2.9029862E+05   1.4591325E+05   4.3621187E+05   1.0225181E-02   2.4189835E-03   7.1190191E-03
   1.0000000E-01   1.0310057E+05   5.0229300E+04   1.5323438E+05   3.0851474E-03   2.1358678E-03   1.4531629E-03
   1.5000000E-01   6.7057283E+04   3.0918500E+04   9.7912121E+04   8.5196263E-03   9.3616505E-04   6.0175092E-03
   2.0000000E-01   4.8749159E+04   2.1135776E+04   6.9853105E+04   8.2974841E-03   2.4965575E-03   6.3099748E-03
   2.5000000E-01   4.0450820E+04   1.5266142E+04   5.5691498E+04   4.2158998E-03   7.9544982E-04   3.3278967E-03
   3.0000000E-01   3.2563101E+04   1.0907419E+04   4.3470520E+04   5.1540767E-03   2.0853184E-03   4.2984303E-03
   3.5000000E-01   2.7029057E+04   8.9399605E+03   3.5959923E+04   4.7586330E-03   1.2118584E-03   3.8298548E-03
   4.0000000E-01   2.5162397E+04   6.1513386E+03   3.1305777E+04   5.9537191E-03   8.8384575E-04   4.9476280E-03
   4.5000000E-01   2.1425792E+04   5.0575904E+03   2.6476309E+04   3.0253791E-03   2.2226952E-03   2.8708754E-03
   5.0000000E-01   1.8519269E+04   4.3481130E+03   2.2861016E+04   6.5749055E-03   2.8222583E-03   5.6310065E-03
   5.5000000E-01   1.7200309E+04   3.5303460E+03   2.0730655E+04   1.4890256E-03   1.8345179E-03   1.4878136E-03
   6.0000000E-01   1.5538828E+04   2.6684979E+03   1.8207325E+04   4.3994080E-03   5.0514242E-04   3.7503885E-03
   6.5000000E-01   1.4250489E+04   2.0371833E+03   1.6282775E+04   4.2133395E-03   1.0101563E-03   3.6748471E-03
   7.0000000E-01   1.2291309E+04   1.5324347E+03   1.3823744E+04   2.0473221E-03   5.4931091E-04   1.8548363E-03
   7.5000000E-01   1.1234217E+04   1.2902161E+03   1.2524433E+04   1.4558800E-03   1.2062942E-03   1.1889804E-03
   8.0000000E-01   9.7840501E+03   9.2309867E+02   1.0711128E+04   1.7439842E-03   9.5436227E-04   1.7576429E-03
   8.5000000E-01   8.0064298E+03   8.2760570E+02   8.8340355E+03   1.8347224E-03   3.3669124E-03   1.7288105E-03
   9.0000000E-01   6.7092650E+03   5.4112681E+02   7.2503919E+03   9.4040604E-04   1.4725234E-03   1.1987855E-03
   9.5000000E-01   4.5200004E+03   3.1160863E+02   4.8316090E+03   4.0185304E-03   8.6241808E-06   3.7595091E-03
   1.0000000E+00   1.7731040E+03   1.1317685E+02   1.8862808E+03   4.7372248E-03   2.6994460E-05   4.4515081E-03
