   0.0000000E+00   2.3794301E+06   1.0884161E+07   1.3250349E+07   1.0658316E-02   3.5863672E-06   1.9226494E-03
   5.0000000E-02   1.0319607E+05   2.8278650E+05   3.8585524E+05   6.0318133E-02   6.6440861E-05   1.6129804E-02
   1.0000000E-01   5.2170990E+04   9.3392121E+04   1.4556311E+05   4.3147017E-02   3.5505983E-05   1.5456568E-02
   1.5000000E-01   3.5289956E+04   4.1189299E+04   7.6415593E+04   3.1322477E-02   2.5748468E-06   1.4317719E-02
   2.0000000E-01   2.6913101E+04   1.9655635E+04   4.6552821E+04   2.4891224E-02   4.4372191E-06   1.4388282E-02
   2.5000000E-01   2.3618594E+04   1.0096790E+04   3.3715383E+04   1.7958464E-02   2.5285496E-06   1.2580659E-02
   3.0000000E-01   2.1210049E+04   4.6261037E+03   2.5825542E+04   1.2210975E-02   1.5235396E-05   1.0031197E-02
   3.5000000E-01   2.1026642E+04   2.0553724E+03   2.3072919E+04   5.7743779E-03   1.3110742E-05   5.2612267E-03
   4.0000000E-01   2.1501833E+04   8.0373246E+02   2.2305565E+04   2.9053665E-03   5.6024175E-05   2.8025409E-03
   4.5000000E-01   2.1708734E+04   2.9001567E+02   2.1991676E+04   1.9333680E-03   1.2581247E-05   1.9083577E-03
   5.0000000E-01   2.3045636E+04   1.0185916E+02   2.3147495E+04   7.5759345E-04   1.1548706E-05   7.5421052E-04
   5.5000000E-01   2.5291167E+04   4.6299620E+01   2.5331679E+04   2.5453517E-04   1.0124836E-05   2.5414725E-04
   6.0000000E-01   2.6568265E+04   5.3051648E+00   2.6557655E+04   7.5787872E-05   9.9175976E-06   7.5819767E-05
   6.5000000E-01   2.6561736E+04   0.0000000E+00   2.6556839E+04   6.8431997E-05   0.0000000E+00   6.8444010E-05
   7.0000000E-01   2.7879399E+04   0.0000000E+00   2.7879399E+04   4.6409297E-07   0.0000000E+00   4.6499509E-07
   7.5000000E-01   2.6474894E+04   0.0000000E+00   2.6466406E+04   1.6183269E-05   0.0000000E+00   1.6186545E-05
   8.0000000E-01   2.4915706E+04   0.0000000E+00   2.4923664E+04   1.0338085E-05   0.0000000E+00   1.0334784E-05
   8.5000000E-01   1.4758344E+04   0.0000000E+00   1.4754599E+04   1.3885470E-05   0.0000000E+00   1.3888994E-05
   9.0000000E-01   5.1177156E+03   0.0000000E+00   5.1177156E+03   6.3564781E-06   0.0000000E+00   6.3564781E-06
   9.5000000E-01   1.8394961E+03   0.0000000E+00   1.8394961E+03   6.3341476E-06   0.0000000E+00   6.3341476E-06
   1.0000000E+00   5.8474705E+02   0.0000000E+00   5.8474705E+02   1.7841083E-04   0.0000000E+00   1.7841083E-04
