   0.0000000E+00   7.1515319E+06   9.5691591E+06   1.6681475E+07   1.1164047E-02   1.1168904E-03   5.4117972E-03
   5.0000000E-02   2.5891326E+05   1.2025748E+05   3.7904341E+05   4.4583007E-02   1.0319099E-02   3.3602020E-02
   1.0000000E-01   1.0453297E+05   4.8319441E+04   1.5272508E+05   3.6677919E-02   3.5033109E-03   2.6113992E-02
   1.5000000E-01   6.7418034E+04   2.8690331E+04   9.6065924E+04   4.0340068E-02   3.6117531E-03   2.9289165E-02
   2.0000000E-01   5.0547610E+04   1.9719297E+04   7.0235076E+04   3.5759026E-02   4.4383333E-03   2.6945829E-02
   2.5000000E-01   3.8821074E+04   1.3712790E+04   5.2521131E+04   3.1349102E-02   5.9766723E-03   2.4299692E-02
   3.0000000E-01   3.0441035E+04   1.1300001E+04   4.1709205E+04   3.0399000E-02   5.0751533E-03   2.3378442E-02
   3.5000000E-01   2.7720244E+04   8.0668820E+03   3.5768937E+04   2.5971210E-02   3.0578222E-03   2.0680506E-02
   4.0000000E-01   2.4096058E+04   6.5492259E+03   3.0645284E+04   2.7120345E-02   5.4584752E-03   2.2477912E-02
   4.5000000E-01   2.1149924E+04   5.0858846E+03   2.6214588E+04   2.4427570E-02   2.8185060E-03   2.0024874E-02
   5.0000000E-01   1.8181861E+04   4.5963948E+03   2.2759157E+04   2.4299639E-02   2.9030612E-03   2.0008137E-02
   5.5000000E-01   1.6349553E+04   3.4319593E+03   1.9775725E+04   2.2302602E-02   1.5647410E-03   1.8585530E-02
   6.0000000E-01   1.4854461E+04   2.6578875E+03   1.7507044E+04   1.9779292E-02   5.6773903E-03   1.7582821E-02
   6.5000000E-01   1.3364118E+04   2.2967283E+03   1.5655949E+04   2.1994765E-02   4.6433806E-03   1.9349583E-02
   7.0000000E-01   1.1891148E+04   1.8689338E+03   1.3760082E+04   1.6101053E-02   2.6874302E-03   1.4135787E-02
   7.5000000E-01   1.0224114E+04   1.3666104E+03   1.1586480E+04   1.9147960E-02   6.3286651E-03   1.7558546E-02
   8.0000000E-01   8.6460923E+03   1.1658100E+03   9.8158811E+03   2.1781299E-02   2.4540831E-03   1.9329791E-02
   8.5000000E-01   7.9802161E+03   8.3884017E+02   8.8190563E+03   1.9017112E-02   1.3654645E-03   1.7079709E-02
   9.0000000E-01   6.3343667E+03   6.8259787E+02   7.0134278E+03   1.3097845E-02   6.2232856E-03   1.2428151E-02
   9.5000000E-01   4.2284955E+03   4.3223132E+02   4.6607269E+03   1.4429349E-02   3.2382047E-03   1.3381802E-02
   1.0000000E+00   1.9743072E+03   2.0749089E+02   2.1817981E+03   1.4592428E-02   1.2959829E-02   1.4430597E-02
