   0.0000000E+00   1.4185926E+07   1.0387598E+07   2.4461987E+07   3.1748323E-03   8.5417132E-04   2.1732958E-03
   5.0000000E-02   2.4541692E+05   1.0440564E+05   3.4963158E+05   3.4711057E-02   1.3606479E-02   2.8336553E-02
   1.0000000E-01   9.2278036E+04   3.7942538E+04   1.3018874E+05   3.3310318E-02   6.9865408E-03   2.5629704E-02
   1.5000000E-01   5.6637939E+04   2.3597373E+04   8.0171650E+04   3.0875023E-02   1.4100011E-02   2.5960227E-02
   2.0000000E-01   3.9884229E+04   1.6186058E+04   5.6054371E+04   3.0791763E-02   4.9284565E-03   2.3362942E-02
   2.5000000E-01   3.0672341E+04   1.1713804E+04   4.2360680E+04   2.7703041E-02   9.2849788E-03   2.2490581E-02
   3.0000000E-01   2.5199533E+04   9.4113623E+03   3.4610895E+04   2.7402877E-02   6.9401173E-03   2.1702929E-02
   3.5000000E-01   2.1108493E+04   7.2756545E+03   2.8384147E+04   2.8297670E-02   7.1253247E-03   2.2779050E-02
   4.0000000E-01   1.7467255E+04   5.8171132E+03   2.3300284E+04   2.7214645E-02   4.2860321E-03   2.1260327E-02
   4.5000000E-01   1.4762505E+04   4.8736780E+03   1.9636183E+04   2.5084705E-02   3.4311307E-03   1.9174644E-02
   5.0000000E-01   1.3203494E+04   4.0043384E+03   1.7207832E+04   2.0735472E-02   9.3792891E-03   1.8084714E-02
   5.5000000E-01   1.1482306E+04   3.5129837E+03   1.4983714E+04   2.9640815E-02   1.2921098E-02   2.5356942E-02
   6.0000000E-01   1.0196527E+04   2.6844134E+03   1.2880940E+04   2.9038995E-02   8.7995705E-03   2.4611979E-02
   6.5000000E-01   8.7853529E+03   2.4681259E+03   1.1253479E+04   3.1683629E-02   9.0087653E-03   2.6677396E-02
   7.0000000E-01   7.7212884E+03   1.7688935E+03   9.4856346E+03   2.7735599E-02   7.5304273E-03   2.3980979E-02
   7.5000000E-01   6.5486954E+03   1.6042818E+03   8.1529772E+03   2.8442317E-02   3.1060017E-03   2.3372758E-02
   8.0000000E-01   5.3078174E+03   1.3050705E+03   6.6128879E+03   3.0441411E-02   8.1141227E-03   2.5979661E-02
   8.5000000E-01   4.5537038E+03   9.6990895E+02   5.5198679E+03   2.4484643E-02   3.3441351E-03   1.9679307E-02
   9.0000000E-01   3.3457906E+03   6.2954622E+02   3.9718000E+03   2.1845118E-02   5.5058387E-03   1.8722761E-02
   9.5000000E-01   2.0706896E+03   4.7578951E+02   2.5464791E+03   2.6535863E-02   1.4668053E-02   2.3789806E-02
   1.0000000E+00   8.1738835E+02   1.6976527E+02   9.8715362E+02   4.7408911E-02   4.7086497E-06   3.9256559E-02
