   0.0000000E+00   2.9447993E+07   1.4998762E+07   4.4407540E+07   1.4828114E-04   7.7942988E-05   1.1782769E-04
   5.0000000E-02   1.2866086E+05   6.1815780E+04   1.9047664E+05   1.9849512E-03   9.1271081E-03   2.8694846E-03
   1.0000000E-01   4.3226483E+04   1.9607889E+04   6.2834372E+04   7.4952154E-03   4.4872716E-03   5.7987162E-03
   1.5000000E-01   1.9756434E+04   1.0164696E+04   2.9921129E+04   1.7554721E-02   1.6141566E-03   1.2138869E-02
   2.0000000E-01   1.0631550E+04   5.0452117E+03   1.5676762E+04   1.7451845E-02   1.1575620E-02   1.3107666E-02
   2.5000000E-01   6.2898034E+03   3.1194369E+03   9.4092402E+03   1.9895395E-02   1.9989445E-02   1.9456599E-02
   3.0000000E-01   4.0955872E+03   1.9523006E+03   6.0478878E+03   3.0578697E-02   3.2399148E-03   2.1719752E-02
   3.5000000E-01   3.0648695E+03   1.5915494E+03   4.6564189E+03   5.1566212E-02   3.3681254E-02   4.5353849E-02
   4.0000000E-01   2.5703523E+03   1.1777466E+03   3.7480989E+03   3.2832776E-02   2.9462729E-02   3.1013678E-02
   4.5000000E-01   2.0937717E+03   1.0398123E+03   3.1335840E+03   5.0249865E-02   4.0077540E-02   4.6746453E-02
   5.0000000E-01   1.7443382E+03   7.7667612E+02   2.5210143E+03   2.1379926E-02   2.2959684E-02   2.0492882E-02
   5.5000000E-01   1.4410757E+03   6.5398213E+02   2.0950578E+03   5.2761330E-02   2.9836473E-02   4.4949290E-02
   6.0000000E-01   1.2254931E+03   6.5253527E+02   1.8780283E+03   3.6929132E-02   1.2321011E-02   2.5309677E-02
   6.5000000E-01   1.0039004E+03   4.5542799E+02   1.4593284E+03   3.3750237E-02   1.6412181E-02   2.7790025E-02
   7.0000000E-01   8.7307854E+02   2.8647890E+02   1.1595574E+03   2.0683175E-02   4.6377220E-02   2.6410022E-02
   7.5000000E-01   6.7906109E+02   3.3104228E+02   1.0101034E+03   6.8277149E-02   2.9664821E-02   5.3409900E-02
   8.0000000E-01   6.0478878E+02   2.0690143E+02   8.1169021E+02   4.9432392E-02   2.4314172E-02   4.2300981E-02
   8.5000000E-01   4.3814420E+02   2.5464791E+02   6.9279211E+02   6.0604146E-03   2.7420535E-02   7.6338325E-03
   9.0000000E-01   3.2892022E+02   1.4147106E+02   4.7039128E+02   6.4585442E-02   4.7642628E-02   5.5862473E-02
   9.5000000E-01   2.1779097E+02   8.3765760E+01   3.0155673E+02   7.2304553E-02   3.0703581E-02   5.9235208E-02
   1.0000000E+00   8.1738835E+01   3.7725616E+01   1.1946445E+02   1.4412634E-01   6.1106951E-02   1.1777380E-01
