   0.0000000E+00   2.8244018E+07   1.6440069E+07   4.4319941E+07   2.5637209E-03   2.0950465E-07   1.6306671E-03
   5.0000000E-02   1.2375888E+05   3.6032679E+04   1.5972790E+05   2.1495985E-01   1.0501447E-06   1.6655300E-01
   1.0000000E-01   3.8738313E+04   1.1363663E+04   5.0101976E+04   2.4354035E-01   7.3149657E-06   1.8830114E-01
   1.5000000E-01   1.6594555E+04   3.8621600E+03   2.0456715E+04   2.1721043E-01   7.9741058E-06   1.7620329E-01
   2.0000000E-01   8.1169021E+03   1.3528170E+03   9.4697191E+03   1.8769301E-01   1.7173916E-05   1.6088218E-01
   2.5000000E-01   4.8001131E+03   4.4563384E+02   5.2457469E+03   9.4353119E-02   7.3900678E-06   8.6338312E-02
   3.0000000E-01   3.9682632E+03   1.6976527E+02   4.1380285E+03   4.9977268E-02   7.7015073E-07   4.7926950E-02
   3.5000000E-01   4.1198394E+03   2.7283705E+01   4.1471231E+03   1.3648231E-02   1.5410952E-05   1.3558542E-02
   4.0000000E-01   4.5518314E+03   0.0000000E+00   4.5518314E+03   4.2431660E-05   0.0000000E+00   4.2431660E-05
   4.5000000E-01   4.5341475E+03   0.0000000E+00   4.5341475E+03   1.2258858E-03   0.0000000E+00   1.2258858E-03
   5.0000000E-01   4.6982539E+03   0.0000000E+00   4.6982539E+03   1.8473402E-06   0.0000000E+00   1.8473402E-06
   5.5000000E-01   4.4042513E+03   0.0000000E+00   4.4042513E+03   6.2337073E-05   0.0000000E+00   6.2337073E-05
   6.0000000E-01   3.7454463E+03   0.0000000E+00   3.7454463E+03   1.4034592E-05   0.0000000E+00   1.4034592E-05
   6.5000000E-01   2.2967283E+03   0.0000000E+00   2.2967283E+03   3.1457200E-06   0.0000000E+00   3.1457200E-06
   7.0000000E-01   1.5779076E+03   0.0000000E+00   1.5779076E+03   2.4256036E-05   0.0000000E+00   2.4256036E-05
   7.5000000E-01   8.8277942E+02   0.0000000E+00   8.8277942E+02   1.5986637E-04   0.0000000E+00   1.5986637E-04
   8.0000000E-01   4.8144370E+02   0.0000000E+00   4.8144370E+02   6.9149658E-06   0.0000000E+00   6.9149658E-06
   8.5000000E-01   1.8724111E+02   0.0000000E+00   1.8724111E+02   9.4453282E-06   0.0000000E+00   9.4453282E-06
   9.0000000E-01   9.9029742E+01   0.0000000E+00   9.9029742E+01   3.5641974E-06   0.0000000E+00   3.5641974E-06
   9.5000000E-01   2.6805043E+01   0.0000000E+00   2.6805043E+01   2.3106175E-05   0.0000000E+00   2.3106175E-05
   1.0000000E+00   6.2876027E+00   0.0000000E+00   6.2876027E+00   4.0480665E-05   0.0000000E+00   4.0480665E-05
