   0.0000000E+00   1.7053261E+07   9.1296368E+06   2.6146738E+07   2.0794293E-04   1.0107527E-06   1.3974024E-04
   5.0000000E-02   8.9763388E+04   3.7496905E+04   1.2726029E+05   2.0363155E-02   6.2728708E-05   1.4381684E-02
   1.0000000E-01   5.2616624E+04   2.2886481E+04   7.5503105E+04   7.0821225E-03   9.8653684E-05   4.9623799E-03
   1.5000000E-01   3.9130895E+04   1.9034931E+04   5.8165827E+04   3.7047465E-03   1.1084000E-04   2.4898012E-03
   2.0000000E-01   3.0510003E+04   1.3703241E+04   4.4213243E+04   5.8259110E-03   4.7843391E-05   4.0246262E-03
   2.5000000E-01   2.5095551E+04   1.1802931E+04   3.6898482E+04   3.3172712E-03   1.8896305E-05   2.2501551E-03
   3.0000000E-01   2.0000471E+04   1.0228358E+04   3.0218219E+04   5.3628564E-03   1.0073257E-04   3.5816865E-03
   3.5000000E-01   1.8061812E+04   9.1946084E+03   2.7247326E+04   3.2317770E-03   8.3396103E-06   2.1624225E-03
   4.0000000E-01   1.6042818E+04   7.7190147E+03   2.3761833E+04   1.0516705E-02   1.7554815E-04   7.1239274E-03
   4.5000000E-01   1.4154180E+04   6.8189051E+03   2.0973085E+04   1.7234077E-03   1.3680631E-04   1.1589049E-03
   5.0000000E-01   1.3063438E+04   5.9651273E+03   1.9022199E+04   5.8792385E-03   8.6889406E-05   3.9764551E-03
   5.5000000E-01   1.1389706E+04   5.0813833E+03   1.6471090E+04   3.6607853E-03   9.2480673E-05   2.5126600E-03
   6.0000000E-01   9.7349774E+03   4.9974652E+03   1.4732443E+04   1.1857605E-02   6.1546463E-05   7.8456729E-03
   6.5000000E-01   8.6482348E+03   4.0449841E+03   1.2688322E+04   1.4729500E-02   1.0762009E-04   1.0005862E-02
   7.0000000E-01   7.7349302E+03   3.6378273E+03   1.1372758E+04   7.6240543E-03   4.0271480E-05   5.1738055E-03
   7.5000000E-01   7.0197940E+03   3.5311177E+03   1.0550912E+04   1.0281028E-02   2.4700941E-05   6.8483221E-03
   8.0000000E-01   6.2309160E+03   2.8130636E+03   9.0400008E+03   1.1925587E-02   1.3165354E-04   8.0826546E-03
   8.5000000E-01   5.1266616E+03   2.5502239E+03   7.6768855E+03   1.3199864E-02   2.1533023E-06   8.8156476E-03
   9.0000000E-01   4.1061975E+03   2.0088891E+03   6.1150866E+03   1.2322522E-02   2.4197459E-04   8.3456909E-03
   9.5000000E-01   2.8111789E+03   1.3603559E+03   4.1715348E+03   1.8454802E-02   3.5536260E-05   1.2434718E-02
   1.0000000E+00   1.5656131E+03   8.9912718E+02   2.4647403E+03   4.0851645E-02   5.6199894E-06   2.5950813E-02
