   0.0000000E+00   2.8930040E+07   1.6034160E+07   4.4523150E+07   7.7027558E-04   9.4130154E-05   5.2530846E-04
   5.0000000E-02   5.4367329E+04   1.2350424E+04   6.6717752E+04   1.6588753E-01   3.1224599E-02   1.4095946E-01
   1.0000000E-01   2.5432960E+04   6.8118316E+03   3.2244791E+04   1.7533704E-01   3.0215766E-02   1.4467680E-01
   1.5000000E-01   1.6827983E+04   3.4801881E+03   2.0308171E+04   1.6960576E-01   2.1681786E-02   1.4425619E-01
   2.0000000E-01   1.1013522E+04   2.5146481E+03   1.3528170E+04   1.7163057E-01   1.3458123E-02   1.4222310E-01
   2.5000000E-01   8.1360007E+03   1.7952678E+03   9.9312684E+03   1.7346254E-01   1.2154258E-02   1.4427736E-01
   3.0000000E-01   6.6314560E+03   1.3156809E+03   7.9471368E+03   1.7250664E-01   1.6048231E-02   1.4655571E-01
   3.5000000E-01   5.0838636E+03   1.0458753E+03   6.1297390E+03   1.8875000E-01   8.3756085E-03   1.5797255E-01
   4.0000000E-01   4.0982398E+03   9.0718318E+02   5.0054230E+03   1.8302170E-01   1.0662064E-02   1.5162011E-01
   4.5000000E-01   3.7702038E+03   6.9320820E+02   4.4634120E+03   1.7145172E-01   1.3176959E-02   1.4687001E-01
   5.0000000E-01   3.0430425E+03   5.0292962E+02   3.5459721E+03   1.8751861E-01   8.7674769E-06   1.6092137E-01
   5.5000000E-01   2.5117544E+03   3.7039696E+02   2.8821513E+03   1.7467989E-01   9.9337745E-03   1.5322900E-01
   6.0000000E-01   2.0796246E+03   3.5014087E+02   2.4297655E+03   1.5932259E-01   3.0259149E-02   1.4072294E-01
   6.5000000E-01   1.6356231E+03   2.8403036E+02   1.9196535E+03   1.5821329E-01   4.5839004E-03   1.3548234E-01
   7.0000000E-01   1.4142054E+03   2.3191149E+02   1.6461168E+03   1.4452482E-01   7.6697179E-03   1.2524400E-01
   7.5000000E-01   1.2774837E+03   1.6127701E+02   1.4387607E+03   1.4643471E-01   2.0922808E-05   1.3001785E-01
   8.0000000E-01   1.0384860E+03   1.4323945E+02   1.1817255E+03   1.1041778E-01   9.6273807E-06   9.7032656E-02
   8.5000000E-01   7.9764713E+02   1.1608949E+02   9.1373661E+02   1.2548159E-01   1.2288653E-05   1.0953770E-01
   9.0000000E-01   6.0832556E+02   6.0125201E+01   6.6845076E+02   1.3662438E-01   2.5714972E-05   1.2433310E-01
   9.5000000E-01   4.1882880E+02   2.6805043E+01   4.4563384E+02   1.1520828E-01   3.7992618E-06   1.0827823E-01
   1.0000000E+00   1.5719007E+02   3.1438013E+01   1.8862808E+02   1.4789303E-01   1.2462231E-05   1.2324212E-01
