   0.0000000E+00   2.8930040E+07   1.5696497E+07   4.4077516E+07   1.6989873E-03   3.9300089E-08   1.1115378E-03
   5.0000000E-02   9.6193248E+04   2.4000565E+04   1.2013015E+05   1.7981523E-01   1.5106330E-06   1.4398541E-01
   1.0000000E-01   4.1475778E+04   1.0854367E+04   5.2330145E+04   1.9720819E-01   4.9462703E-06   1.5630221E-01
   1.5000000E-01   2.1878500E+04   5.7083573E+03   2.7586857E+04   2.1178744E-01   4.5989600E-05   1.6797324E-01
   2.0000000E-01   1.4148874E+04   3.5809862E+03   1.7729861E+04   2.2106588E-01   1.3212635E-05   1.7641346E-01
   2.5000000E-01   9.9058037E+03   2.4064227E+03   1.2312226E+04   2.3795452E-01   2.6355087E-06   1.9144588E-01
   3.0000000E-01   6.8436626E+03   1.7400940E+03   8.5837566E+03   2.4292257E-01   2.3818885E-04   1.9366355E-01
   3.5000000E-01   5.2111876E+03   1.2459558E+03   6.4571434E+03   2.5940496E-01   5.3272970E-06   2.0935167E-01
   4.0000000E-01   3.5889440E+03   9.5492966E+02   4.5438736E+03   2.6502191E-01   1.4747771E-05   2.0932288E-01
   4.5000000E-01   2.8577154E+03   7.2857596E+02   3.5862914E+03   2.5690044E-01   4.1405499E-05   2.0470121E-01
   5.0000000E-01   1.6615776E+03   4.9019722E+02   2.1517748E+03   2.5202649E-01   1.3188111E-06   1.9461247E-01
   5.5000000E-01   1.3542639E+03   4.1090913E+02   1.7651730E+03   2.4789612E-01   2.8042244E-05   1.9019568E-01
   6.0000000E-01   1.0504226E+03   2.8117373E+02   1.3315964E+03   2.1916149E-01   3.9162180E-06   1.7288354E-01
   6.5000000E-01   9.0595891E+02   1.2732395E+02   1.0332829E+03   2.2115455E-01   6.0288311E-05   1.9389794E-01
   7.0000000E-01   7.1847089E+02   6.8209261E+01   7.8668015E+02   2.2006422E-01   3.3912349E-06   2.0098356E-01
   7.5000000E-01   5.2627235E+02   8.9126768E+01   6.1539911E+02   1.8270892E-01   2.9510646E-05   1.5625190E-01
   8.0000000E-01   3.6605637E+02   3.9788736E+01   4.0584510E+02   1.5195860E-01   3.9970863E-06   1.3706109E-01
   8.5000000E-01   2.7337202E+02   1.8724111E+01   2.9209613E+02   1.0421504E-01   2.5937735E-05   9.7532925E-02
   9.0000000E-01   2.9001567E+02   2.1220659E+01   3.1123633E+02   1.2071610E-01   1.6617972E-05   1.1248653E-01
   9.5000000E-01   2.1108971E+02   1.3402522E+01   2.2449224E+02   4.6268774E-02   9.3247018E-07   4.3506413E-02
   1.0000000E+00   5.6588424E+01   1.2575205E+01   6.9163630E+01   4.7535591E-02   2.6956544E-04   3.8843744E-02
