   0.0000000E+00   2.1226431E+07   1.1179552E+07   3.2380519E+07   5.6214152E-04   1.9907664E-05   3.7557838E-04
   5.0000000E-02   3.5625242E+05   1.7589804E+05   5.3208681E+05   3.2259380E-03   1.1269343E-03   2.4377315E-03
   1.0000000E-01   7.5630429E+04   3.6732961E+04   1.1236339E+05   1.2618802E-02   2.3696461E-03   9.1579834E-03
   1.5000000E-01   3.6775402E+04   1.7846574E+04   5.4621976E+04   1.7004843E-02   6.1902955E-03   1.3427311E-02
   2.0000000E-01   2.5703523E+04   1.2143522E+04   3.7847045E+04   1.2703551E-02   3.7609424E-03   9.7517138E-03
   2.5000000E-01   1.9378706E+04   8.8872120E+03   2.8265918E+04   1.5166459E-02   2.9153378E-03   1.1106261E-02
   3.0000000E-01   1.4514931E+04   6.6738973E+03   2.1178218E+04   1.4914817E-02   2.9604793E-03   1.1076367E-02
   3.5000000E-01   1.1795655E+04   5.5385920E+03   1.7334247E+04   1.1912414E-02   4.2691677E-03   7.8433879E-03
   4.0000000E-01   9.7561980E+03   4.5995779E+03   1.4355776E+04   7.3619489E-03   3.1404250E-03   4.9569840E-03
   4.5000000E-01   7.9365265E+03   3.4660410E+03   1.1395494E+04   2.3275571E-03   3.9992232E-03   1.5706848E-03
   5.0000000E-01   6.7099724E+03   2.8584228E+03   9.5683952E+03   4.1966677E-03   5.5976626E-03   1.5123558E-03
   5.5000000E-01   5.4112681E+03   2.4365175E+03   7.8477856E+03   1.0379095E-02   3.2853602E-03   6.7633520E-03
   6.0000000E-01   4.8064793E+03   2.2653054E+03   7.0717846E+03   9.2425567E-03   4.6475006E-03   7.6539152E-03
   6.5000000E-01   3.9862192E+03   2.0029037E+03   5.9891229E+03   1.1131351E-02   5.5854195E-03   7.3260026E-03
   7.0000000E-01   3.5605234E+03   1.6006440E+03   5.1566202E+03   8.2642375E-03   2.9228972E-03   6.3628112E-03
   7.5000000E-01   2.9242068E+03   1.1968452E+03   4.1210520E+03   1.0578455E-02   3.2247780E-03   6.5770973E-03
   8.0000000E-01   2.2520424E+03   9.9073952E+02   3.2427820E+03   2.1577394E-02   3.3416467E-03   1.4092236E-02
   8.5000000E-01   1.7675561E+03   7.7892302E+02   2.5464791E+03   2.1563483E-02   7.6920178E-03   1.7211719E-02
   9.0000000E-01   1.4217842E+03   4.9514871E+02   1.9169329E+03   5.8030675E-03   7.7534285E-03   5.8988321E-03
   9.5000000E-01   7.8739814E+02   3.3171241E+02   1.1191105E+03   4.0650273E-02   5.0548667E-03   2.9844101E-02
   1.0000000E+00   2.0120329E+02   8.8026438E+01   2.8922972E+02   3.0285595E-02   8.3489720E-06   2.1070541E-02
