   0.0000000E+00   2.9707734E+07   1.5973045E+07   4.5214264E+07   5.0224075E-04   3.1841177E-04   4.4245118E-04
   5.0000000E-02   4.0234370E+04   1.2923381E+04   5.3157751E+04   1.3809568E-01   7.1096349E-02   1.2180459E-01
   1.0000000E-01   1.9321410E+04   6.4298597E+03   2.5751270E+04   1.4238841E-01   8.5706189E-02   1.2822990E-01
   1.5000000E-01   1.2180658E+04   3.3740848E+03   1.5554743E+04   1.4702296E-01   8.2294355E-02   1.3297171E-01
   2.0000000E-01   9.1036627E+03   2.1645072E+03   1.1268170E+04   1.3724651E-01   6.2427207E-02   1.2287444E-01
   2.5000000E-01   6.9518879E+03   1.8461973E+03   8.7980853E+03   1.7010976E-01   7.9604581E-02   1.5110664E-01
   3.0000000E-01   5.3051648E+03   1.1989672E+03   6.5041320E+03   1.5481182E-01   8.5532322E-02   1.4203491E-01
   3.5000000E-01   4.3744873E+03   1.1913884E+03   5.5658757E+03   1.5693974E-01   4.6115449E-02   1.3309274E-01
   4.0000000E-01   3.2388031E+03   1.0504226E+03   4.2892257E+03   1.5445691E-01   6.0421026E-02   1.3138687E-01
   4.5000000E-01   2.9284510E+03   8.3467926E+02   3.7631302E+03   1.6692588E-01   4.7629020E-02   1.4045208E-01
   5.0000000E-01   2.4891833E+03   6.3661977E+02   3.1258031E+03   1.6785181E-01   8.1078670E-02   1.5017898E-01
   5.5000000E-01   2.4307300E+03   4.9193346E+02   2.9226635E+03   1.6422568E-01   8.2279587E-02   1.5041801E-01
   6.0000000E-01   1.5597184E+03   4.5093901E+02   2.0106574E+03   1.5881162E-01   5.6121803E-02   1.3577409E-01
   6.5000000E-01   1.5180933E+03   3.5748649E+02   1.8755798E+03   1.8112283E-01   7.5867453E-02   1.6105600E-01
   7.0000000E-01   1.4096581E+03   2.5010062E+02   1.6597587E+03   1.8922107E-01   4.0892451E-02   1.6667462E-01
   7.5000000E-01   1.0652771E+03   1.9523006E+02   1.2605071E+03   1.4643780E-01   5.5735349E-02   1.3237723E-01
   8.0000000E-01   8.7535219E+02   1.4323945E+02   1.0185916E+03   1.9161027E-01   6.6742277E-02   1.7390602E-01
   8.5000000E-01   7.5645408E+02   1.6851700E+02   9.2497108E+02   1.8383219E-01   7.1978417E-02   1.6345345E-01
   9.0000000E-01   5.6234747E+02   1.4147106E+02   7.0381853E+02   1.8372647E-01   2.7627383E-02   1.5234972E-01
   9.5000000E-01   3.9537438E+02   8.3765760E+01   4.7914014E+02   1.6967958E-01   9.4408180E-02   1.5642661E-01
   1.0000000E+00   1.5090246E+02   4.4013219E+01   1.9491568E+02   2.3118933E-01   2.3775435E-06   1.7898475E-01
