   0.0000000E+00   2.5886488E+07   1.4870419E+07   4.0559810E+07   3.3955176E-02   2.5475158E-07   2.1573656E-02
   5.0000000E-02   7.8622542E+05   2.3421241E+05   1.0192283E+06   2.1103912E-01   1.7737178E-05   1.6266962E-01
   1.0000000E-01   7.8017753E+04   1.7379720E+04   9.5333811E+04   2.1010280E-01   4.8370391E-06   1.7183982E-01
   1.5000000E-01   9.0612214E+03   1.8886387E+03   1.0949860E+04   1.9720942E-01   1.0623165E-05   1.6319281E-01
   2.0000000E-01   1.1459156E+03   1.2732395E+02   1.2732395E+03   1.7289951E-01   1.9854246E-05   1.5560759E-01
   2.5000000E-01   2.4191551E+02   5.0929582E+01   2.9284510E+02   1.3934965E-01   7.2804780E-06   1.1511434E-01
   3.0000000E-01   5.3051648E+01   1.0610330E+01   6.3661977E+01   1.4673808E-01   3.2104787E-06   1.2228170E-01
   3.5000000E-01   0.0000000E+00   0.0000000E+00   0.0000000E+00   0.0000000E+00   0.0000000E+00   0.0000000E+00
   4.0000000E-01   7.9577472E+00   0.0000000E+00   7.9577472E+00   3.8180961E-01   0.0000000E+00   3.8180961E-01
   4.5000000E-01   0.0000000E+00   0.0000000E+00   0.0000000E+00   0.0000000E+00   0.0000000E+00   0.0000000E+00
   5.0000000E-01   0.0000000E+00   0.0000000E+00   0.0000000E+00   0.0000000E+00   0.0000000E+00   0.0000000E+00
   5.5000000E-01   0.0000000E+00   0.0000000E+00   0.0000000E+00   0.0000000E+00   0.0000000E+00   0.0000000E+00
   6.0000000E-01   0.0000000E+00   0.0000000E+00   0.0000000E+00   0.0000000E+00   0.0000000E+00   0.0000000E+00
   6.5000000E-01   0.0000000E+00   0.0000000E+00   0.0000000E+00   0.0000000E+00   0.0000000E+00   0.0000000E+00
   7.0000000E-01   0.0000000E+00   0.0000000E+00   0.0000000E+00   0.0000000E+00   0.0000000E+00   0.0000000E+00
   7.5000000E-01   0.0000000E+00   0.0000000E+00   0.0000000E+00   0.0000000E+00   0.0000000E+00   0.0000000E+00
   8.0000000E-01   0.0000000E+00   0.0000000E+00   0.0000000E+00   0.0000000E+00   0.0000000E+00   0.0000000E+00
   8.5000000E-01   0.0000000E+00   0.0000000E+00   0.0000000E+00   0.0000000E+00   0.0000000E+00   0.0000000E+00
   9.0000000E-01   0.0000000E+00   0.0000000E+00   0.0000000E+00   0.0000000E+00   0.0000000E+00   0.0000000E+00
   9.5000000E-01   0.0000000E+00   0.0000000E+00   0.0000000E+00   0.0000000E+00   0.0000000E+00   0.0000000E+00
   1.0000000E+00   0.0000000E+00   0.0000000E+00   0.0000000E+00   0.0000000E+00   0.0000000E+00   0.0000000E+00
