   0.0000000E+00   5.0634190E+06   1.4211900E+07   1.9233047E+07   4.6268456E-02   3.9517756E-06   1.2161511E-02
   5.0000000E-02   2.0047157E+05   3.2703158E+05   5.2693019E+05   7.2957707E-02   4.9395686E-05   2.7779919E-02
   1.0000000E-01   1.3273522E+04   4.1380285E+03   1.7411551E+04   1.5735893E-02   4.1450501E-06   1.1997076E-02
   1.5000000E-01   9.9949304E+03   1.0610330E+02   1.0101034E+04   5.9449812E-04   4.0858654E-02   1.0168147E-03
   2.0000000E-01   9.8357755E+03   1.5915494E+01   9.8516910E+03   2.5462331E-05   1.8032692E-01   2.6916157E-04
   2.5000000E-01   1.0898931E+04   0.0000000E+00   1.0898931E+04   2.3886319E-06   0.0000000E+00   2.3886319E-06
   3.0000000E-01   1.0270799E+04   0.0000000E+00   1.0270799E+04   9.7574644E-06   0.0000000E+00   9.7574644E-06
   3.5000000E-01   1.0558794E+04   0.0000000E+00   1.0558794E+04   1.4842739E-05   0.0000000E+00   1.4842739E-05
   4.0000000E-01   1.0838452E+04   0.0000000E+00   1.0846409E+04   6.6230080E-06   0.0000000E+00   6.6181489E-06
   4.5000000E-01   1.0928639E+04   0.0000000E+00   1.0928639E+04   2.8759574E-06   0.0000000E+00   2.8759574E-06
   5.0000000E-01   1.1446424E+04   0.0000000E+00   1.1446424E+04   5.5930676E-06   0.0000000E+00   5.5930676E-06
   5.5000000E-01   1.2043689E+04   0.0000000E+00   1.2043689E+04   1.1249695E-05   0.0000000E+00   1.1249695E-05
   6.0000000E-01   1.2403475E+04   5.3051648E+00   1.2408780E+04   1.2273801E-05   6.4288344E-01   2.6274909E-04
   6.5000000E-01   1.2311247E+04   0.0000000E+00   1.2311247E+04   4.4634307E-06   0.0000000E+00   4.4634307E-06
   7.0000000E-01   1.4114770E+04   0.0000000E+00   1.4114770E+04   1.2925380E-05   0.0000000E+00   1.2925380E-05
   7.5000000E-01   1.4756846E+04   0.0000000E+00   1.4756846E+04   7.1473159E-06   0.0000000E+00   7.1473159E-06
   8.0000000E-01   1.6747079E+04   0.0000000E+00   1.6747079E+04   5.4346335E-06   0.0000000E+00   5.4346335E-06
   8.5000000E-01   1.9851302E+04   0.0000000E+00   1.9843813E+04   5.9247692E-06   0.0000000E+00   5.9249260E-06
   9.0000000E-01   2.7806137E+04   0.0000000E+00   2.7802600E+04   6.3636061E-06   0.0000000E+00   6.3637303E-06
   9.5000000E-01   3.6970856E+04   0.0000000E+00   3.6970856E+04   1.8713350E-05   0.0000000E+00   1.8713350E-05
   1.0000000E+00   1.5322888E+04   0.0000000E+00   1.5322888E+04   3.0594805E-06   0.0000000E+00   3.0594805E-06
