   0.0000000E+00   2.4365731E+07   1.4776709E+07   3.8758940E+07   1.8072022E-03   2.4963399E-04   1.2164809E-03
   5.0000000E-02   1.0357804E+05   2.9984791E+04   1.3349917E+05   1.4831401E-01   3.1010201E-02   1.2183690E-01
   1.0000000E-01   4.7873807E+04   1.3782818E+04   6.1656625E+04   1.3812710E-01   3.2136136E-02   1.1442282E-01
   1.5000000E-01   2.9369392E+04   9.8251652E+03   3.9194557E+04   1.4754399E-01   3.3978608E-02   1.1907338E-01
   2.0000000E-01   2.2409016E+04   5.7454934E+03   2.8154509E+04   1.5152316E-01   3.0534442E-02   1.2682989E-01
   2.5000000E-01   1.6221072E+04   4.4818032E+03   2.0690143E+04   1.4995673E-01   3.2368330E-02   1.2456050E-01
   3.0000000E-01   1.2403475E+04   2.8860096E+03   1.5278875E+04   1.3851828E-01   2.6324189E-02   1.1709860E-01
   3.5000000E-01   1.0322335E+04   2.3282095E+03   1.2650544E+04   1.5137088E-01   2.7136461E-02   1.2849770E-01
   4.0000000E-01   8.4431697E+03   2.2122537E+03   1.0655423E+04   1.4600512E-01   1.5833076E-02   1.1897909E-01
   4.5000000E-01   7.0028175E+03   1.4147106E+03   8.4246017E+03   1.4291127E-01   2.0238589E-02   1.2218793E-01
   5.0000000E-01   6.2325076E+03   1.1904790E+03   7.4166203E+03   1.4171747E-01   8.9424209E-03   1.2019797E-01
   5.5000000E-01   5.3939057E+03   8.9126768E+02   6.2793859E+03   1.4860336E-01   1.8557652E-02   1.3024181E-01
   6.0000000E-01   4.3024886E+03   7.1619724E+02   5.0186859E+03   1.4083237E-01   2.0100556E-02   1.2359741E-01
   6.5000000E-01   3.8295128E+03   7.5414958E+02   4.5836624E+03   1.4120379E-01   1.1128579E-02   1.1974153E-01
   7.0000000E-01   3.4195576E+03   4.6837026E+02   3.8879279E+03   1.2820367E-01   1.8258099E-02   1.1494891E-01
   7.5000000E-01   2.6058969E+03   4.2016905E+02   3.0260660E+03   1.2636096E-01   6.4462573E-03   1.0960170E-01
   8.0000000E-01   2.4310918E+03   3.7003524E+02   2.8011270E+03   1.1847345E-01   3.7871548E-03   1.0332278E-01
   8.5000000E-01   1.7937698E+03   2.1719969E+02   2.0072247E+03   1.2549958E-01   2.6797538E-02   1.1505316E-01
   9.0000000E-01   1.3616590E+03   2.0159626E+02   1.5632552E+03   1.0951851E-01   7.3345129E-03   9.6340786E-02
   9.5000000E-01   9.4152714E+02   1.2397332E+02   1.0655005E+03   9.6530142E-02   1.0423601E-02   8.5401094E-02
   1.0000000E+00   3.7725616E+02   3.7725616E+01   4.1498178E+02   7.7646519E-02   6.2862657E-07   7.0587688E-02
