   0.0000000E+00   1.7875774E+07   1.1027273E+07   2.8756879E+07   3.5687493E-04   4.0922149E-04   2.7589358E-04
   5.0000000E-02   2.1918819E+05   1.0141353E+05   3.2041073E+05   1.8380970E-03   4.6450940E-03   1.5976377E-03
   1.0000000E-01   7.4961978E+04   3.2467608E+04   1.0736592E+05   4.0964564E-03   7.0029484E-03   3.1485647E-03
   1.5000000E-01   4.4966577E+04   2.0308171E+04   6.5232306E+04   3.8229998E-03   9.7859628E-03   5.1390572E-03
   2.0000000E-01   3.2133383E+04   1.3146198E+04   4.5263666E+04   3.5973853E-03   1.3740162E-03   2.0741009E-03
   2.5000000E-01   2.5808566E+04   1.0122254E+04   3.5905355E+04   1.0323151E-02   2.8485152E-03   8.0372411E-03
   3.0000000E-01   2.0011082E+04   8.5200946E+03   2.8520566E+04   2.6533256E-03   1.2510983E-02   5.5990257E-03
   3.5000000E-01   1.6824951E+04   6.7117913E+03   2.3527648E+04   7.4983273E-03   4.3332016E-03   6.6246047E-03
   4.0000000E-01   1.3918100E+04   5.1327469E+03   1.9042889E+04   5.1138949E-03   2.2520416E-03   4.1191437E-03
   4.5000000E-01   1.1862348E+04   4.5695153E+03   1.6431864E+04   4.8492635E-03   5.8854803E-03   4.6126935E-03
   5.0000000E-01   1.0434198E+04   3.6541975E+03   1.4088396E+04   2.5718128E-03   6.3733890E-03   3.5005271E-03
   5.5000000E-01   9.4161852E+03   2.8590015E+03   1.2275187E+04   4.6319270E-03   3.6689228E-03   2.8870310E-03
   6.0000000E-01   7.7561509E+03   2.5252584E+03   1.0281409E+04   4.5688469E-03   1.1436248E-02   5.1759152E-03
   6.5000000E-01   6.8754935E+03   2.1302277E+03   9.0008242E+03   4.3882922E-03   4.9568122E-03   3.9917027E-03
   7.0000000E-01   5.9933204E+03   1.9325957E+03   7.9259162E+03   6.2205478E-03   1.1048882E-02   7.3712849E-03
   7.5000000E-01   5.2415028E+03   1.5703288E+03   6.8118316E+03   5.5951354E-03   5.1950694E-03   3.1245854E-03
   8.0000000E-01   4.4404229E+03   1.3647536E+03   5.8051765E+03   3.1321703E-03   4.5289788E-03   3.3172012E-03
   8.5000000E-01   3.3815744E+03   1.0448054E+03   4.4263798E+03   1.5386591E-02   1.0667030E-02   1.4220542E-02
   9.0000000E-01   2.6561192E+03   8.0284827E+02   3.4589674E+03   7.9672783E-03   3.7918514E-03   5.7737304E-03
   9.5000000E-01   1.7858860E+03   4.2553006E+02   2.2114161E+03   1.9392767E-03   1.0213919E-02   2.8657457E-03
   1.0000000E+00   7.1049910E+02   1.5090246E+02   8.6140157E+02   2.6533189E-02   1.3899073E-02   2.3831946E-02
