   0.0000000E+00   3.9725074E+04   1.0887217E+07   1.0926432E+07   2.0962248E-02   3.6987949E-05   8.2124718E-05
   5.0000000E-02   4.1443947E+04   2.9634650E+05   3.3779045E+05   1.0592893E-02   1.0882635E-03   9.1208011E-04
   1.0000000E-01   3.0876059E+04   8.9954374E+04   1.2083043E+05   2.0094631E-03   1.0727230E-03   5.3285375E-04
   1.5000000E-01   2.7905167E+04   3.8473055E+04   6.6378222E+04   5.8385726E-03   1.0012602E-03   2.9964036E-03
   2.0000000E-01   2.4780425E+04   1.8764368E+04   4.3544792E+04   1.8833215E-03   1.2835765E-03   6.2949016E-04
   2.5000000E-01   2.2485410E+04   9.0145360E+03   3.1499946E+04   5.3714269E-03   9.7775408E-04   3.5677065E-03
   3.0000000E-01   2.1634462E+04   4.2123008E+03   2.5846763E+04   4.1629082E-03   1.0974354E-03   3.4129165E-03
   3.5000000E-01   2.1572316E+04   2.2190746E+03   2.3791390E+04   3.0033825E-03   6.3768460E-03   2.4575770E-03
   4.0000000E-01   2.1899720E+04   8.9126768E+02   2.2790988E+04   6.3880343E-04   1.0799836E-02   8.0899305E-04
   4.5000000E-01   2.2486825E+04   4.5978095E+02   2.2946606E+04   1.2767014E-03   4.4431194E-02   6.3411814E-04
   5.0000000E-01   2.2682762E+04   1.3369015E+02   2.2816453E+04   4.0673191E-04   1.9027402E-02   5.1217337E-04
   5.5000000E-01   2.4718210E+04   1.3889886E+02   2.4857108E+04   4.2847172E-04   5.9968118E-02   1.2830462E-04
   6.0000000E-01   2.6043054E+04   4.2441318E+01   2.6080190E+04   2.2039083E-04   1.5130212E-01   1.3803884E-04
   6.5000000E-01   2.7413827E+04   1.9588301E+01   2.7433415E+04   2.3231820E-04   1.7057437E-01   1.1690356E-04
   7.0000000E-01   2.7793000E+04   9.0945682E+00   2.7802095E+04   1.0755180E-04   3.8681617E-01   6.1423744E-05
   7.5000000E-01   2.8779458E+04   4.2441318E+00   2.8779458E+04   2.2661305E-04   3.9495436E-01   2.6432679E-04
   8.0000000E-01   2.9427749E+04   0.0000000E+00   2.9427749E+04   1.7332565E-04   0.0000000E+00   1.7332565E-04
   8.5000000E-01   2.9205868E+04   0.0000000E+00   2.9205868E+04   2.4011474E-04   0.0000000E+00   2.4011559E-04
   9.0000000E-01   9.1178099E+03   0.0000000E+00   9.1178099E+03   1.8345965E-04   0.0000000E+00   1.8345965E-04
   9.5000000E-01   2.4627133E+03   0.0000000E+00   2.4627133E+03   7.6564995E-04   0.0000000E+00   7.6564995E-04
   1.0000000E+00   6.5391068E+02   6.2876027E+00   6.6019828E+02   4.3871372E-03   7.9497360E-01   7.3337096E-03
