   0.0000000E+00   5.4754393E+06   9.3297901E+06   1.4772634E+07   8.4214257E-03   4.6577690E-05   3.1672418E-03
   5.0000000E-02   3.4593918E+05   1.8812114E+05   5.3386934E+05   2.7921822E-03   2.5883482E-04   1.8277044E-03
   1.0000000E-01   1.1134480E+05   6.5699161E+04   1.7701213E+05   1.2475439E-02   7.0270203E-04   7.7112717E-03
   1.5000000E-01   6.8224419E+04   3.7030050E+04   1.0521203E+05   7.7182417E-03   3.6682624E-04   5.1194626E-03
   2.0000000E-01   4.7953384E+04   2.4366622E+04   7.2288175E+04   4.8533806E-03   1.7041323E-04   3.2584498E-03
   2.5000000E-01   3.6682031E+04   1.6475720E+04   5.3157751E+04   3.1577718E-03   3.6760095E-04   2.2874925E-03
   3.0000000E-01   3.0037843E+04   1.1692583E+04   4.1730426E+04   4.1740864E-03   5.1554410E-04   3.0598083E-03
   3.5000000E-01   2.5792195E+04   8.0668820E+03   3.3849983E+04   2.6460581E-03   5.9009158E-05   2.0109258E-03
   4.0000000E-01   2.2233946E+04   5.6897892E+03   2.7907819E+04   2.4168768E-03   1.6352753E-06   1.8302431E-03
   4.5000000E-01   2.0612334E+04   4.1946169E+03   2.4799877E+04   3.7096459E-03   2.0906235E-04   3.1031329E-03
   5.0000000E-01   1.8226424E+04   2.9666481E+03   2.1193072E+04   2.0896127E-03   5.7449332E-05   1.7890911E-03
   5.5000000E-01   1.6696800E+04   2.2339567E+03   1.8930757E+04   2.1525279E-03   1.7725848E-03   2.0399702E-03
   6.0000000E-01   1.5406198E+04   1.6392959E+03   1.7040189E+04   2.0554941E-03   1.4700609E-03   1.9998099E-03
   6.5000000E-01   1.3844032E+04   1.2291659E+03   1.5068300E+04   7.0391794E-04   3.6441067E-06   6.3087908E-04
   7.0000000E-01   1.2977949E+04   8.6853126E+02   1.3846480E+04   1.2665979E-03   3.4564469E-05   1.1850185E-03
   7.5000000E-01   1.1917522E+04   5.3051648E+02   1.2443794E+04   6.7849905E-04   6.3516670E-06   6.4953323E-04
   8.0000000E-01   1.0882219E+04   3.1433101E+02   1.1188592E+04   1.4680793E-03   4.0643501E-05   1.4286702E-03
   8.5000000E-01   9.2983935E+03   2.7711684E+02   9.5830000E+03   2.5697513E-03   4.7752139E-06   2.4933139E-03
   9.0000000E-01   7.8657910E+03   1.8037560E+02   8.0461666E+03   3.0092199E-03   5.7892468E-05   2.9408356E-03
   9.5000000E-01   5.5352414E+03   9.3817651E+01   5.6290590E+03   3.1889764E-04   5.5659434E-06   3.1349881E-04
   1.0000000E+00   2.1377849E+03   1.8862808E+01   2.1566477E+03   4.8042176E-03   6.9013985E-06   4.7621429E-03
