   0.0000000E+00   7.3338598E+06   9.7295873E+06   1.6988071E+07   1.3407579E-03   2.9276156E-04   7.1659118E-04
   5.0000000E-02   1.4699551E+05   9.7020853E+04   2.4382537E+05   1.1203685E-02   5.5103490E-04   6.9267359E-03
   1.0000000E-01   7.6298880E+04   4.2207891E+04   1.1850677E+05   1.0604286E-02   4.4279983E-03   8.2837624E-03
   1.5000000E-01   5.9672493E+04   2.8138594E+04   8.7726205E+04   1.4327559E-02   2.3679111E-03   1.0366272E-02
   2.0000000E-01   4.7125779E+04   1.8684790E+04   6.5730991E+04   8.7810669E-03   5.9856405E-03   7.9911731E-03
   2.5000000E-01   3.8120792E+04   1.3661860E+04   5.1744455E+04   1.5293528E-02   3.1373823E-03   1.1935945E-02
   3.0000000E-01   3.3931834E+04   1.0833146E+04   4.4733149E+04   1.3503200E-02   5.0292266E-03   1.1460633E-02
   3.5000000E-01   2.8775214E+04   8.1214494E+03   3.6896663E+04   1.7388095E-02   5.4405047E-03   1.4474966E-02
   4.0000000E-01   2.6817608E+04   6.6606344E+03   3.3478242E+04   1.7553083E-02   4.7049095E-03   1.4981073E-02
   4.5000000E-01   2.4340096E+04   5.7366515E+03   3.0069674E+04   1.7224854E-02   2.5357578E-03   1.4363864E-02
   5.0000000E-01   2.1244002E+04   4.5136342E+03   2.5744904E+04   1.6150794E-02   5.2460774E-03   1.4242201E-02
   5.5000000E-01   1.9139105E+04   3.8775932E+03   2.3010911E+04   1.5262100E-02   3.7474395E-03   1.3315923E-02
   6.0000000E-01   1.7225870E+04   3.2573712E+03   2.0472631E+04   1.5673991E-02   7.8778343E-03   1.4416300E-02
   6.5000000E-01   1.6292569E+04   2.6884943E+03   1.8971269E+04   1.6151408E-02   7.3199131E-03   1.4820056E-02
   7.0000000E-01   1.4069297E+04   2.3873241E+03   1.6456621E+04   1.2392382E-02   3.9646923E-03   1.1073366E-02
   7.5000000E-01   1.3114367E+04   1.9310800E+03   1.5041203E+04   1.4270979E-02   1.3484510E-03   1.2379057E-02
   8.0000000E-01   1.0559930E+04   1.3766903E+03   1.1940600E+04   1.5409957E-02   4.6193877E-03   1.4236590E-02
   8.5000000E-01   6.1152946E+03   7.0028175E+02   6.8155764E+03   2.4085568E-02   4.7208523E-03   2.2033687E-02
   9.0000000E-01   3.6888579E+03   3.7843509E+02   4.0672930E+03   3.5009107E-02   3.7573149E-03   3.2063515E-02
   9.5000000E-01   2.1276503E+03   1.4407711E+02   2.2717274E+03   3.0022706E-02   1.0155549E-02   2.8762189E-02
   1.0000000E+00   8.6140157E+02   8.8026438E+01   9.4942801E+02   6.5562180E-02   2.7145499E-02   5.9222689E-02
