   0.0000000E+00   9.7275501E+06   9.2982137E+06   1.9010994E+07   5.0037070E-05   3.7677798E-05   2.0567535E-05
   5.0000000E-02   1.3388114E+05   8.5880007E+04   2.1976115E+05   6.5841555E-04   1.6756840E-03   6.1894841E-04
   1.0000000E-01   7.0282823E+04   3.5459721E+04   1.0574254E+05   2.0750008E-03   2.3885744E-03   2.0954451E-03
   1.5000000E-01   4.9444136E+04   2.4509861E+04   7.3953997E+04   1.8373256E-03   3.0925068E-03   2.2161472E-03
   2.0000000E-01   4.2924088E+04   1.6886339E+04   5.9794512E+04   3.4506549E-04   6.6800593E-04   1.1460251E-04
   2.5000000E-01   3.3982763E+04   1.3101635E+04   4.7084398E+04   2.9522954E-03   1.2913424E-03   1.8582264E-03
   3.0000000E-01   3.0610801E+04   1.0536057E+04   4.1146858E+04   1.9687048E-03   3.5141042E-03   1.3736499E-03
   3.5000000E-01   2.7147286E+04   8.9217714E+03   3.6069057E+04   9.0216617E-04   1.0245381E-03   5.8540226E-04
   4.0000000E-01   2.4581481E+04   7.6394373E+03   3.2220918E+04   6.0857245E-04   1.2494155E-03   7.1176544E-04
   4.5000000E-01   2.2783914E+04   6.4652275E+03   2.9249142E+04   1.3432719E-03   2.6434943E-03   1.6089710E-03
   5.0000000E-01   2.0225410E+04   5.5258596E+03   2.5744904E+04   1.2876398E-03   3.2358118E-03   1.2526508E-03
   5.5000000E-01   1.8270987E+04   5.0003589E+03   2.3271346E+04   2.1767609E-03   3.3161345E-03   1.7353740E-03
   6.0000000E-01   1.6992443E+04   3.9841787E+03   2.0976621E+04   3.6533343E-03   4.5648721E-03   3.1715043E-03
   6.5000000E-01   1.6258290E+04   3.9078660E+03   2.0161258E+04   1.1898777E-03   2.7100105E-03   4.3607402E-04
   7.0000000E-01   1.5106078E+04   3.6696583E+03   1.8771189E+04   5.7907438E-04   2.1505286E-03   8.7913795E-04
   7.5000000E-01   1.2354668E+04   2.7162444E+03   1.5070912E+04   2.9367457E-03   1.9477344E-03   2.6833407E-03
   8.0000000E-01   6.1791907E+03   1.2175353E+03   7.3967260E+03   3.2119650E-03   2.9538865E-03   2.9526351E-03
   8.5000000E-01   4.3439937E+03   7.1900586E+02   5.0629996E+03   3.4639728E-03   4.5486292E-03   3.1186597E-03
   9.0000000E-01   3.1371208E+03   5.0222226E+02   3.6393430E+03   4.9443813E-03   1.0079807E-02   2.8720861E-03
   9.5000000E-01   1.9902744E+03   3.2501115E+02   2.3152856E+03   6.2161324E-03   1.5844228E-02   5.0441154E-03
   1.0000000E+00   6.8534869E+02   8.8026438E+01   7.7337513E+02   2.1069355E-02   2.7247703E-02   2.1197012E-02
