   0.0000000E+00   4.6345919E+05   1.0043823E+07   1.0506773E+07   5.6955278E-04   9.7892697E-05   1.0832450E-04
   5.0000000E-02   8.8744796E+04   2.0225410E+05   2.9093524E+05   8.3986003E-04   1.3698231E-03   1.1894663E-03
   1.0000000E-01   6.8945921E+04   7.9768457E+04   1.4871438E+05   9.9269607E-04   1.0809122E-03   4.1670574E-04
   1.5000000E-01   5.9120756E+04   4.2695966E+04   1.0179550E+05   1.9152550E-03   8.0562078E-04   1.4183215E-03
   2.0000000E-01   5.6627329E+04   2.5608030E+04   8.2219444E+04   6.2868389E-04   1.6722031E-03   1.7567882E-04
   2.5000000E-01   5.3921695E+04   1.5953691E+04   6.9862654E+04   5.3340310E-04   1.2970413E-03   4.2285387E-04
   3.0000000E-01   5.0165638E+04   9.8251652E+03   5.9990803E+04   9.0034721E-04   1.1023077E-03   7.6194488E-04
   3.5000000E-01   4.6636946E+04   6.2388738E+03   5.2866725E+04   6.7934100E-04   1.4920293E-03   4.4862749E-04
   4.0000000E-01   4.5558102E+04   4.0743665E+03   4.9632469E+04   2.8972715E-04   6.4742954E-03   7.6652632E-04
   4.5000000E-01   4.1670301E+04   2.2564634E+03   4.3926764E+04   4.5074216E-04   2.9671819E-03   5.6437939E-04
   5.0000000E-01   4.0228003E+04   1.5151551E+03   4.1743158E+04   1.1809151E-03   1.7620284E-03   1.1866646E-03
   5.5000000E-01   3.7739978E+04   9.1441749E+02   3.8654395E+04   4.8047040E-05   5.7395141E-03   1.5681465E-04
   6.0000000E-01   3.7910707E+04   6.6845076E+02   3.8579158E+04   3.6154341E-04   1.0893708E-02   5.4191547E-04
   6.5000000E-01   2.5396232E+04   3.7707479E+02   2.5773307E+04   2.3009207E-04   1.8505068E-02   2.5387875E-04
   7.0000000E-01   8.4170228E+03   4.0925557E+01   8.4579484E+03   1.1029887E-03   5.3612074E-06   1.0976477E-03
   7.5000000E-01   5.0759817E+03   2.9708923E+01   5.1056906E+03   9.1917706E-04   2.8311145E-01   2.3176985E-03
   8.0000000E-01   3.2149299E+03   7.9577472E+00   3.2228876E+03   1.5635930E-03   4.1793395E-06   1.5597367E-03
   8.5000000E-01   2.1083349E+03   3.7448222E+00   2.1120797E+03   4.1913784E-03   1.6501182E-05   4.1839245E-03
   9.0000000E-01   1.1353053E+03   3.5367765E+00   1.1388420E+03   2.9932117E-03   7.5709745E-01   4.0540580E-03
   9.5000000E-01   6.3326914E+02   0.0000000E+00   6.3326914E+02   6.8696749E-03   0.0000000E+00   6.8696749E-03
   1.0000000E+00   1.2575205E+02   0.0000000E+00   1.2575205E+02   1.3991614E-04   0.0000000E+00   1.3991614E-04
