   0.0000000E+00   3.3239701E+07   1.7023722E+07   4.9855477E+07   5.4181058E-04   3.1769467E-07   3.6134506E-04
   5.0000000E-02   3.8197186E+02   6.3661977E+01   4.4563384E+02   2.7091402E-01   3.6794624E-05   2.3221727E-01
   1.0000000E-01   9.5492966E+01   0.0000000E+00   9.5492966E+01   1.6087923E-07   0.0000000E+00   1.6087923E-07
   1.5000000E-01   1.0610330E+02   0.0000000E+00   1.0610330E+02   5.3595092E-07   0.0000000E+00   5.3595092E-07
   2.0000000E-01   9.5492966E+01   0.0000000E+00   9.5492966E+01   4.3371687E-06   0.0000000E+00   4.3371687E-06
   2.5000000E-01   1.4005635E+02   0.0000000E+00   1.4005635E+02   1.0695168E-06   0.0000000E+00   1.0695168E-06
   3.0000000E-01   1.3793428E+02   0.0000000E+00   1.3793428E+02   1.0226701E-05   0.0000000E+00   1.0226701E-05
   3.5000000E-01   1.1822939E+02   0.0000000E+00   1.1822939E+02   3.5959889E-06   0.0000000E+00   3.5959889E-06
   4.0000000E-01   1.9894368E+02   0.0000000E+00   1.9894368E+02   3.0013180E-05   0.0000000E+00   3.0013180E-05
   4.5000000E-01   1.9805948E+02   0.0000000E+00   1.9805948E+02   1.5063467E-06   0.0000000E+00   1.5063467E-06
   5.0000000E-01   2.1008452E+02   0.0000000E+00   2.1008452E+02   1.4308069E-05   0.0000000E+00   1.4308069E-05
   5.5000000E-01   2.0256084E+02   0.0000000E+00   2.0256084E+02   5.0999298E-06   0.0000000E+00   5.0999298E-06
   6.0000000E-01   2.4934274E+02   0.0000000E+00   2.4934274E+02   5.1021282E-05   0.0000000E+00   5.1021282E-05
   6.5000000E-01   3.6238356E+02   0.0000000E+00   3.6238356E+02   2.7978769E-05   0.0000000E+00   2.7978769E-05
   7.0000000E-01   6.5026162E+02   0.0000000E+00   6.5026162E+02   4.0455623E-05   0.0000000E+00   4.0455623E-05
   7.5000000E-01   3.8197186E+01   0.0000000E+00   3.8197186E+01   3.1682251E-05   0.0000000E+00   3.1682251E-05
   8.0000000E-01   0.0000000E+00   0.0000000E+00   0.0000000E+00   0.0000000E+00   0.0000000E+00   0.0000000E+00
   8.5000000E-01   0.0000000E+00   0.0000000E+00   0.0000000E+00   0.0000000E+00   0.0000000E+00   0.0000000E+00
   9.0000000E-01   0.0000000E+00   0.0000000E+00   0.0000000E+00   0.0000000E+00   0.0000000E+00   0.0000000E+00
   9.5000000E-01   0.0000000E+00   0.0000000E+00   0.0000000E+00   0.0000000E+00   0.0000000E+00   0.0000000E+00
   1.0000000E+00   0.0000000E+00   0.0000000E+00   0.0000000E+00   0.0000000E+00   0.0000000E+00   0.0000000E+00
