   0.0000000E+00   7.4357189E+05   3.7382313E+05   1.1173950E+06   7.7746405E-03   4.7302138E-04   5.1005613E-03
   5.0000000E-02   2.6266932E+05   1.2153071E+05   3.8420003E+05   3.4174346E-03   9.8960751E-05   2.3618384E-03
   1.0000000E-01   1.2767410E+05   6.6463104E+04   1.9413720E+05   4.3315868E-03   4.7563547E-04   2.9225338E-03
   1.5000000E-01   8.7832308E+04   4.2802069E+04   1.3063438E+05   3.2932787E-03   3.4342997E-04   2.3179793E-03
   2.0000000E-01   6.6351696E+04   3.2340284E+04   9.8691980E+04   6.9177061E-03   7.4979686E-04   4.6552977E-03
   2.5000000E-01   5.4380061E+04   2.6916284E+04   8.1296345E+04   4.0104304E-03   2.8220004E-04   2.7410178E-03
   3.0000000E-01   4.3258314E+04   2.1549579E+04   6.4807893E+04   7.8682083E-03   2.2351461E-04   5.3102747E-03
   3.5000000E-01   3.6687488E+04   1.7961772E+04   5.4649260E+04   1.1830995E-02   4.3620349E-04   7.9977862E-03
   4.0000000E-01   3.2165214E+04   1.5796128E+04   4.7961342E+04   6.4634990E-03   3.0484566E-04   4.3629668E-03
   4.5000000E-01   2.7601004E+04   1.3213397E+04   4.0814401E+04   4.1978525E-03   1.2218827E-04   2.8323074E-03
   5.0000000E-01   2.4471664E+04   1.1834762E+04   3.6306426E+04   3.9327828E-03   7.7600035E-04   2.7802106E-03
   5.5000000E-01   2.0655418E+04   1.0544738E+04   3.1200156E+04   4.4277668E-03   2.4612218E-04   3.0033440E-03
   6.0000000E-01   1.8074696E+04   9.4166675E+03   2.7491364E+04   8.8485178E-03   2.7688252E-04   5.7784630E-03
   6.5000000E-01   1.5043815E+04   8.1977038E+03   2.3241519E+04   4.8319051E-03   5.1172145E-04   3.1472841E-03
   7.0000000E-01   1.4078392E+04   7.4166203E+03   2.1495012E+04   9.2795729E-03   7.8347143E-04   5.9756530E-03
   7.5000000E-01   1.2337691E+04   5.9545169E+03   1.8292208E+04   6.6245611E-03   3.2973253E-04   4.5586225E-03
   8.0000000E-01   1.0559930E+04   5.0810216E+03   1.5640952E+04   3.1425422E-03   7.6304888E-05   2.1438377E-03
   8.5000000E-01   8.7703736E+03   4.4862970E+03   1.3256671E+04   1.0107258E-02   9.0194136E-04   6.9137467E-03
   9.0000000E-01   6.6986547E+03   3.4766513E+03   1.0175306E+04   1.3809015E-02   9.1100890E-04   9.3585397E-03
   9.5000000E-01   4.6037661E+03   2.3286881E+03   6.9324543E+03   9.2278879E-03   4.6027425E-04   5.9756886E-03
   1.0000000E+00   2.1252097E+03   1.1191933E+03   3.2444030E+03   2.5760888E-02   3.8537645E-04   1.6924851E-02
