   0.0000000E+00   3.0282729E+07   1.5778494E+07   4.5537158E+07   3.9193665E-04   2.0244977E-04   3.1668374E-04
   5.0000000E-02   3.5459721E+04   1.3560001E+04   4.9019722E+04   1.3337469E-01   8.4270946E-02   1.1979122E-01
   1.0000000E-01   1.7029579E+04   5.4112681E+03   2.2440847E+04   1.2519835E-01   1.0020511E-01   1.1917009E-01
   1.5000000E-01   1.0440564E+04   3.4377468E+03   1.3878311E+04   1.4161207E-01   1.0441206E-01   1.3238045E-01
   2.0000000E-01   7.5439443E+03   1.9098593E+03   9.4538036E+03   1.5435380E-01   9.0313761E-02   1.4135482E-01
   2.5000000E-01   5.5767892E+03   1.7316058E+03   7.3083950E+03   1.5087674E-01   9.4597214E-02   1.3753147E-01
   3.0000000E-01   4.3396248E+03   1.6021598E+03   5.9417845E+03   1.5358365E-01   9.9196153E-02   1.3890601E-01
   3.5000000E-01   3.8106241E+03   1.1095373E+03   4.9201614E+03   1.5756245E-01   7.3512454E-02   1.3858708E-01
   4.0000000E-01   3.3581693E+03   9.6288741E+02   4.3210567E+03   1.5727742E-01   9.4792019E-02   1.4334970E-01
   4.5000000E-01   2.5747733E+03   7.7809083E+02   3.3528641E+03   1.5232498E-01   8.8855316E-02   1.3758597E-01
   5.0000000E-01   2.3809579E+03   5.3476061E+02   2.9157186E+03   1.6055587E-01   1.2247953E-01   1.5357198E-01
   5.5000000E-01   1.9677338E+03   5.0350837E+02   2.4712422E+03   1.5337274E-01   6.0672183E-02   1.3448464E-01
   6.0000000E-01   1.6180753E+03   4.0319252E+02   2.0212678E+03   1.7002119E-01   1.1877236E-01   1.5979732E-01
   6.5000000E-01   1.3760781E+03   2.8892744E+02   1.6650056E+03   1.7153957E-01   6.7100779E-02   1.5341588E-01
   7.0000000E-01   1.2323140E+03   2.3191149E+02   1.4642255E+03   1.7045911E-01   7.8835912E-02   1.5594717E-01
   7.5000000E-01   1.0652771E+03   2.6738030E+02   1.3326574E+03   1.7518455E-01   7.8710689E-02   1.5581134E-01
   8.0000000E-01   8.8330993E+02   1.6711269E+02   1.0504226E+03   1.7793317E-01   9.3072473E-02   1.6435520E-01
   8.5000000E-01   6.8904728E+02   1.3855842E+02   8.2760570E+02   1.6526470E-01   1.1041611E-01   1.5606531E-01
   9.0000000E-01   5.4112681E+02   1.0610330E+02   6.4723010E+02   1.8458754E-01   1.1280593E-01   1.7282006E-01
   9.5000000E-01   3.5516682E+02   9.3817651E+01   4.4898447E+02   1.7045793E-01   7.1721921E-02   1.4982467E-01
   1.0000000E+00   1.0688925E+02   2.5150411E+01   1.3203966E+02   1.9766980E-01   1.0618803E-01   1.8024470E-01
