   0.0000000E+00   2.4718163E+07   1.3028296E+07   3.7548343E+07   8.8483800E-04   4.1462503E-04   7.2520311E-04
   5.0000000E-02   1.4285748E+05   6.4998879E+04   2.0785636E+05   2.8938616E-02   2.4968649E-02   2.7439621E-02
   1.0000000E-01   4.8160286E+04   2.3332115E+04   7.1460569E+04   1.2962318E-02   6.7889850E-03   1.0951632E-02
   1.5000000E-01   2.7035120E+04   1.2668733E+04   3.9703853E+04   1.7968098E-02   1.4492776E-02   1.5833848E-02
   2.0000000E-01   1.9194086E+04   9.3901416E+03   2.8584228E+04   1.0915710E-02   1.2688165E-02   1.1493681E-02
   2.5000000E-01   1.4438536E+04   6.9646203E+03   2.1390424E+04   1.3760193E-02   1.2070571E-02   1.2277247E-02
   3.0000000E-01   1.1628921E+04   5.0292962E+03   1.6658217E+04   1.9451779E-02   1.9628370E-02   1.7754631E-02
   3.5000000E-01   9.3946889E+03   3.9379480E+03   1.3332637E+04   2.2129276E-02   1.1254231E-02   1.8700952E-02
   4.0000000E-01   7.8145077E+03   2.9761974E+03   1.0790705E+04   2.7217051E-02   8.9840819E-03   2.2187016E-02
   4.5000000E-01   6.8684200E+03   2.8435683E+03   9.7119883E+03   1.5674162E-02   9.9261301E-03   1.3519332E-02
   5.0000000E-01   6.0988174E+03   2.3045636E+03   8.4033810E+03   2.9231650E-02   1.5037563E-02   2.4974396E-02
   5.5000000E-01   5.0408711E+03   2.1471449E+03   7.1880160E+03   1.0986639E-02   5.4186928E-03   9.3138391E-03
   6.0000000E-01   4.4085919E+03   1.6711269E+03   6.0797188E+03   2.0376845E-02   2.0770447E-02   2.0022405E-02
   6.5000000E-01   3.4181585E+03   1.4250489E+03   4.8432073E+03   1.9748948E-02   1.6011711E-02   1.7789863E-02
   7.0000000E-01   3.0512276E+03   1.3459961E+03   4.3972237E+03   3.1707718E-02   1.8648190E-02   2.6867778E-02
   7.5000000E-01   2.7120002E+03   1.0652771E+03   3.7772773E+03   1.2520524E-02   1.7379846E-02   1.3207809E-02
   8.0000000E-01   2.1366551E+03   9.3901416E+02   3.0756693E+03   3.0715584E-02   3.1554409E-03   2.2300710E-02
   8.5000000E-01   1.8087491E+03   6.2913013E+02   2.4378792E+03   3.0306151E-02   2.0332822E-02   2.7212389E-02
   9.0000000E-01   1.2873867E+03   5.1283259E+02   1.8002192E+03   2.1299321E-02   3.4698261E-02   2.4337369E-02
   9.5000000E-01   7.6059310E+02   2.8145295E+02   1.0420460E+03   2.8682016E-02   2.5769954E-02   2.4703149E-02
   1.0000000E+00   3.3953055E+02   1.0060164E+02   4.4013219E+02   3.8918717E-02   9.8440923E-03   2.9072326E-02
