   0.0000000E+00   3.2797632E+07   1.6601006E+07   4.8939254E+07   1.3692087E-04   1.1053758E-09   8.5296764E-05
   5.0000000E-02   7.2574654E+03   2.3554932E+03   9.6129586E+03   1.7006533E-01   1.4689172E-02   1.3196368E-01
   1.0000000E-01   3.5650707E+03   1.0822536E+03   4.6473243E+03   1.8888114E-01   5.4327594E-05   1.4490777E-01
   1.5000000E-01   2.3554932E+03   6.5784043E+02   3.0133336E+03   1.5239101E-01   9.3887400E-03   1.2116420E-01
   2.0000000E-01   1.5597184E+03   5.2521131E+02   2.0849298E+03   1.5956837E-01   1.6724069E-03   1.1979096E-01
   2.5000000E-01   1.4387607E+03   3.8197186E+02   1.8207325E+03   2.0278314E-01   1.4155557E-02   1.6320501E-01
   3.0000000E-01   1.0928639E+03   3.1830989E+02   1.4111738E+03   1.7618700E-01   1.0997365E-02   1.3809304E-01
   3.5000000E-01   8.5488941E+02   3.3649902E+02   1.1913884E+03   1.7296171E-01   1.4018186E-02   1.2806463E-01
   4.0000000E-01   8.5943669E+02   1.8302818E+02   1.0424649E+03   1.7162893E-01   2.4722889E-02   1.4583230E-01
   4.5000000E-01   6.8613464E+02   1.7683883E+02   8.6297347E+02   2.1866536E-01   2.5483669E-02   1.7889221E-01
   5.0000000E-01   5.7295780E+02   1.6552114E+02   7.3847894E+02   1.9580713E-01   1.5731924E-02   1.5541910E-01
   5.5000000E-01   5.7874525E+02   1.2732395E+02   7.0606920E+02   2.1726096E-01   2.3161769E-02   1.8223579E-01
   6.0000000E-01   3.9258219E+02   1.3793428E+02   5.3051648E+02   2.1904778E-01   7.2995337E-03   1.6331034E-01
   6.5000000E-01   3.3300111E+02   9.3044428E+01   4.2604554E+02   1.9874630E-01   1.4172507E-05   1.5533885E-01
   7.0000000E-01   3.1376260E+02   9.5492966E+01   4.0925557E+02   2.4034809E-01   3.9817507E-02   1.9352320E-01
   7.5000000E-01   2.3342725E+02   6.3661977E+01   2.9708923E+02   2.7345793E-01   1.8353227E-02   2.1879120E-01
   8.0000000E-01   2.0690143E+02   8.3556345E+01   2.9045777E+02   2.5093635E-01   3.0817986E-02   1.8753792E-01
   8.5000000E-01   1.9473075E+02   4.1193044E+01   2.3592380E+02   3.1876089E-01   1.9500410E-06   2.6310446E-01
   9.0000000E-01   1.5561817E+02   4.5978095E+01   2.0159626E+02   3.2974029E-01   3.0772700E-02   2.6154847E-01
   9.5000000E-01   1.2062269E+02   2.3454413E+01   1.4407711E+02   3.0226257E-01   5.6724254E-02   2.6227056E-01
   1.0000000E+00   3.7725616E+01   1.2575205E+01   5.0300822E+01   3.0083876E-01   3.6487367E-05   2.2562001E-01
