   0.0000000E+00   3.2306162E+07   1.6611192E+07   4.8529780E+07   2.6528451E-04   1.2513207E-04   2.1943057E-04
   5.0000000E-02   1.5342537E+04   5.1566202E+03   2.0499157E+04   1.4361557E-01   9.6453715E-02   1.3175038E-01
   1.0000000E-01   7.2574654E+03   2.0690143E+03   9.3264797E+03   1.4453674E-01   5.2452907E-02   1.2410169E-01
   1.5000000E-01   4.3926764E+03   1.4217842E+03   5.8144606E+03   1.6723486E-01   7.6937320E-02   1.4515462E-01
   2.0000000E-01   3.4854933E+03   1.0345071E+03   4.5200004E+03   1.5823713E-01   7.1332087E-02   1.3834684E-01
   2.5000000E-01   2.2281692E+03   5.3476061E+02   2.7629298E+03   1.6203795E-01   6.4925801E-02   1.4324182E-01
   3.0000000E-01   1.9841316E+03   4.7746483E+02   2.4615965E+03   1.7867604E-01   6.8190410E-02   1.5723530E-01
   3.5000000E-01   1.4824146E+03   4.0016100E+02   1.8825756E+03   1.6796708E-01   5.5841070E-02   1.4413336E-01
   4.0000000E-01   1.3846480E+03   2.5464791E+02   1.6392959E+03   1.4070595E-01   8.9739532E-02   1.3278872E-01
   4.5000000E-01   1.0610330E+03   2.4757436E+02   1.3086073E+03   1.4819980E-01   3.7648997E-02   1.2728367E-01
   5.0000000E-01   8.0850711E+02   1.1459156E+02   9.2309867E+02   1.2828924E-01   3.8587651E-02   1.1715385E-01
   5.5000000E-01   6.8870684E+02   1.5047376E+02   8.3918061E+02   1.5107631E-01   8.3147831E-02   1.3889239E-01
   6.0000000E-01   6.9497658E+02   7.4272307E+01   7.6924889E+02   1.5358871E-01   1.0052898E-01   1.4846542E-01
   6.5000000E-01   4.6522214E+02   6.8559052E+01   5.3378119E+02   1.7193470E-01   4.7228037E-02   1.5518850E-01
   7.0000000E-01   3.8651915E+02   4.0925557E+01   4.2744470E+02   1.4187712E-01   4.3404387E-02   1.3244835E-01
   7.5000000E-01   3.2255402E+02   5.9417845E+01   3.8197186E+02   1.1770133E-01   8.1591261E-02   1.1208421E-01
   8.0000000E-01   1.8700706E+02   1.9894368E+01   2.0690143E+02   1.4926952E-01   1.8422150E-05   1.3491491E-01
   8.5000000E-01   1.6102735E+02   2.2468933E+01   1.8349629E+02   1.3700610E-01   5.7763495E-04   1.2015912E-01
   9.0000000E-01   1.2025040E+02   2.4757436E+01   1.4500784E+02   8.2046282E-02   4.2306327E-05   6.8031157E-02
   9.5000000E-01   8.0415129E+01   1.3402522E+01   9.3817651E+01   1.5271535E-01   1.0434813E-01   1.4580575E-01
   1.0000000E+00   2.5150411E+01   0.0000000E+00   2.5150411E+01   1.0699916E-01   0.0000000E+00   1.0699916E-01
