   0.0000000E+00   1.7316058E+04   1.4965148E+07   1.4981955E+07   3.5777153E-06   2.6005238E-05   2.5974668E-05
   5.0000000E-02   1.3687325E+04   2.3599495E+05   2.4968227E+05   2.8124397E-04   1.5239282E-03   1.4470454E-03
   1.0000000E-01   1.2541410E+04   1.1140846E+03   1.3655494E+04   1.1612061E-03   1.2293251E-01   9.4653537E-03
   1.5000000E-01   1.3369015E+04   2.1220659E+02   1.3581222E+04   4.2864945E-04   1.8246222E-01   3.2441225E-03
   2.0000000E-01   1.3384931E+04   1.5915494E+02   1.3544086E+04   1.5255869E-04   1.8458865E-01   2.2491948E-03
   2.5000000E-01   1.3929241E+04   1.1459156E+02   1.4043832E+04   8.2350326E-05   2.7100544E-01   2.1790670E-03
   3.0000000E-01   1.3655494E+04   7.4272307E+01   1.3729766E+04   1.1705238E-04   3.1870004E-01   1.6602104E-03
   3.5000000E-01   1.3578190E+04   1.8189136E+01   1.3596379E+04   5.2276703E-04   3.7867284E-01   2.9447591E-04
   4.0000000E-01   1.3345142E+04   3.9788736E+01   1.3384931E+04   3.1817596E-04   3.0050261E-01   1.1571685E-03
   4.5000000E-01   1.5031300E+04   2.1220659E+01   1.5052521E+04   2.7260565E-04   4.4097708E-01   8.5029554E-04
   5.0000000E-01   1.5552621E+04   1.9098593E+01   1.5571720E+04   2.6410756E-04   2.8221837E-01   5.9517572E-04
   5.5000000E-01   1.6586839E+04   5.7874525E+00   1.6592626E+04   1.5311369E-04   3.4893629E-01   2.1376584E-04
   6.0000000E-01   1.7427466E+04   5.3051648E+00   1.7432771E+04   7.7535067E-05   4.9195595E-01   2.2232716E-04
   6.5000000E-01   1.8599092E+04   4.8970752E+00   1.8603989E+04   2.0553808E-04   5.9091658E-01   2.9219500E-04
   7.0000000E-01   2.0162658E+04   0.0000000E+00   2.0162658E+04   4.8382185E-05   0.0000000E+00   4.8382185E-05
   7.5000000E-01   2.3351213E+04   0.0000000E+00   2.3351213E+04   4.7885275E-05   0.0000000E+00   4.7885275E-05
   8.0000000E-01   2.7947608E+04   3.9788736E+00   2.7947608E+04   1.8656366E-04   6.8675142E-01   9.3316955E-05
   8.5000000E-01   4.0395397E+04   3.7448222E+00   4.0399142E+04   1.2447861E-04   7.3498465E-01   5.6379789E-05
   9.0000000E-01   5.4986264E+04   3.5367765E+00   5.4989801E+04   7.6539099E-05   7.2263808E-01   3.8487359E-05
   9.5000000E-01   4.3290145E+03   0.0000000E+00   4.3290145E+03   4.5324627E-04   0.0000000E+00   4.5324627E-04
   1.0000000E+00   1.2575205E+01   0.0000000E+00   1.2575205E+01   1.1603767E-01   0.0000000E+00   1.1603767E-01
