   0.0000000E+00   2.4378463E+07   1.3078207E+07   3.7397592E+07   9.0001061E-05   1.8232175E-04   8.3471127E-05
   5.0000000E-02   2.0779269E+05   9.7402825E+04   3.0519552E+05   6.4880539E-04   6.9992734E-03   2.4496872E-03
   1.0000000E-01   4.6823384E+04   2.1294931E+04   6.8118316E+04   9.6193199E-03   8.0585185E-03   7.9128891E-03
   1.5000000E-01   2.6716810E+04   1.1140846E+04   3.7857656E+04   8.1404965E-03   7.8705400E-03   7.4062215E-03
   2.0000000E-01   1.8541551E+04   7.7030992E+03   2.6244650E+04   1.2145120E-03   9.1555218E-03   2.6474149E-03
   2.5000000E-01   1.4833241E+04   5.6786484E+03   2.0511889E+04   2.9053658E-03   5.6673809E-03   2.8118154E-03
   3.0000000E-01   1.1289391E+04   5.1460098E+03   1.6435400E+04   5.1159627E-03   8.7132490E-03   2.0979312E-03
   3.5000000E-01   9.0672845E+03   4.0107046E+03   1.3077989E+04   6.3275308E-03   1.8364398E-03   3.9295688E-03
   4.0000000E-01   7.9418317E+03   2.9682397E+03   1.0910071E+04   6.6618511E-03   7.7906994E-03   5.8257018E-03
   4.5000000E-01   6.1893589E+03   2.7869799E+03   8.9763388E+03   5.4330260E-03   1.0202409E-02   3.8013736E-03
   5.0000000E-01   5.7677751E+03   2.2790988E+03   8.0468739E+03   4.6439243E-03   3.6285930E-03   2.3068771E-03
   5.5000000E-01   5.0987456E+03   1.8461973E+03   6.9449430E+03   4.1017410E-04   5.8931178E-03   1.7920661E-03
   6.0000000E-01   4.3555403E+03   1.6658217E+03   6.0213620E+03   3.2286502E-03   1.2430647E-02   1.5980033E-03
   6.5000000E-01   3.5356883E+03   1.5278875E+03   5.0635757E+03   3.9795640E-03   9.2783098E-03   5.5060032E-03
   7.0000000E-01   3.1694570E+03   1.2277667E+03   4.3972237E+03   7.6346832E-03   2.5997201E-03   6.1392814E-03
   7.5000000E-01   2.6992678E+03   9.5068553E+02   3.6499534E+03   5.0524633E-03   7.9399748E-04   3.7899765E-03
   8.0000000E-01   2.2878523E+03   8.3954232E+02   3.1273946E+03   7.3540239E-03   1.9245793E-02   9.0640959E-03
   8.5000000E-01   1.7525768E+03   6.6657835E+02   2.4191551E+03   9.8590201E-03   3.5075470E-03   6.2533642E-03
   9.0000000E-01   1.3086073E+03   4.2794996E+02   1.7365573E+03   1.3910835E-02   3.2068221E-03   9.8888339E-03
   9.5000000E-01   7.3378805E+02   2.8145295E+02   1.0152410E+03   1.3089914E-02   1.1804956E-02   1.2554329E-02
   1.0000000E+00   2.3264130E+02   8.1738835E+01   3.1438013E+02   2.8981354E-02   3.6129508E-02   1.2290836E-02
