   0.0000000E+00   8.9218441E+06   9.9226104E+06   1.8829685E+07   2.2509262E-03   5.2998508E-04   1.0569313E-03
   5.0000000E-02   2.7387383E+05   1.2936114E+05   4.0323496E+05   2.2633211E-03   2.5083644E-03   2.1544806E-03
   1.0000000E-01   1.0411916E+05   4.6409581E+04   1.5049691E+05   1.0016595E-03   1.6522151E-03   6.6375991E-04
   1.5000000E-01   6.4723010E+04   2.6695589E+04   9.1418599E+04   2.9950048E-03   1.7116459E-03   1.6251415E-03
   2.0000000E-01   4.7666905E+04   1.9146340E+04   6.6813245E+04   1.7502600E-03   2.5136838E-03   1.7848698E-03
   2.5000000E-01   3.5103214E+04   1.3419945E+04   4.8510427E+04   2.3917234E-03   1.2730084E-03   2.0411634E-03
   3.0000000E-01   3.2011364E+04   1.0684602E+04   4.2706576E+04   3.2589996E-03   6.7844958E-03   2.3875579E-03
   3.5000000E-01   2.5974087E+04   7.9577472E+03   3.3931834E+04   2.3752388E-03   2.3956350E-03   1.3118080E-03
   4.0000000E-01   2.1844016E+04   6.3104935E+03   2.8154509E+04   2.5143812E-03   1.0695950E-03   1.9311151E-03
   4.5000000E-01   1.9622036E+04   4.9585607E+03   2.4587670E+04   5.6584593E-03   1.8098443E-03   4.7020516E-03
   5.0000000E-01   1.6603044E+04   3.9916060E+03   2.0594650E+04   3.6818061E-03   4.6498729E-03   2.8867648E-03
   5.5000000E-01   1.4404969E+04   3.2525483E+03   1.7657518E+04   2.7276288E-03   2.6241905E-03   2.0649896E-03
   6.0000000E-01   1.3018874E+04   2.7056340E+03   1.5724508E+04   2.5705279E-03   2.3467824E-03   1.9321363E-03
   6.5000000E-01   1.1669730E+04   2.0714628E+03   1.3741193E+04   1.5665276E-03   1.1552258E-03   1.4795862E-03
   7.0000000E-01   1.0549699E+04   1.7461571E+03   1.2295856E+04   3.0176503E-03   6.5708797E-03   2.0811524E-03
   7.5000000E-01   9.3625548E+03   1.3538780E+03   1.0716433E+04   2.4125247E-03   3.3391754E-03   2.5019276E-03
   8.0000000E-01   8.2919725E+03   1.0941902E+03   9.3861628E+03   1.6971758E-03   6.3397220E-03   1.0641718E-03
   8.5000000E-01   6.8717487E+03   8.2760570E+02   7.6993544E+03   3.4238513E-03   1.3202954E-03   3.1841484E-03
   9.0000000E-01   5.2061350E+03   6.1893589E+02   5.8250709E+03   2.7549436E-03   1.0100768E-02   1.5295106E-03
   9.5000000E-01   3.6454859E+03   3.7862123E+02   4.0241071E+03   8.4609935E-03   2.8071977E-03   7.4187294E-03
   1.0000000E+00   1.5404627E+03   1.3203966E+02   1.6725023E+03   4.2244447E-03   9.8599065E-03   3.7915710E-03
