   0.0000000E+00   3.1927755E+07   1.6547530E+07   4.8067339E+07   6.5215802E-04   3.7156634E-06   4.3173474E-04
   5.0000000E-02   4.1443947E+04   9.8676065E+03   5.1247892E+04   2.0843660E-01   3.8096993E-05   1.6852699E-01
   1.0000000E-01   1.5183382E+04   3.4377468E+03   1.8621128E+04   2.2389210E-01   2.9151980E-03   1.8309637E-01
   1.5000000E-01   7.9153058E+03   1.4642255E+03   9.3795313E+03   2.0073825E-01   6.2698751E-06   1.6940227E-01
   2.0000000E-01   4.4881694E+03   6.2070428E+02   5.1088737E+03   1.6737599E-01   4.8590051E-03   1.4763093E-01
   2.5000000E-01   2.9284510E+03   2.4191551E+02   3.1703665E+03   1.0667383E-01   2.5558064E-07   9.8534080E-02
   3.0000000E-01   2.3979345E+03   1.4854461E+02   2.5464791E+03   4.6210528E-02   2.1841206E-05   4.3516188E-02
   3.5000000E-01   2.1099398E+03   5.4567409E+01   2.1645072E+03   1.4188443E-02   2.8210930E-06   1.3830822E-02
   4.0000000E-01   1.9496481E+03   7.9577472E+00   1.9576058E+03   5.3390823E-03   2.0178616E-05   5.3174592E-03
   4.5000000E-01   1.4925197E+03   0.0000000E+00   1.4925197E+03   5.8461448E-03   0.0000000E+00   5.8461448E-03
   5.0000000E-01   1.2477748E+03   0.0000000E+00   1.2477748E+03   1.8568423E-06   0.0000000E+00   1.8568423E-06
   5.5000000E-01   8.6811787E+02   0.0000000E+00   8.6811787E+02   1.2358721E-05   0.0000000E+00   1.2358721E-05
   6.0000000E-01   5.3051648E+02   0.0000000E+00   5.3051648E+02   1.0473899E-05   0.0000000E+00   1.0473899E-05
   6.5000000E-01   3.7217771E+02   0.0000000E+00   3.7217771E+02   2.9597006E-06   0.0000000E+00   2.9597006E-06
   7.0000000E-01   2.1826964E+02   0.0000000E+00   2.1826964E+02   4.0147939E-06   0.0000000E+00   4.0147939E-06
   7.5000000E-01   1.0610330E+02   0.0000000E+00   1.0610330E+02   3.0524302E-06   0.0000000E+00   3.0524302E-06
   8.0000000E-01   3.5809862E+01   0.0000000E+00   3.5809862E+01   1.1851001E-05   0.0000000E+00   1.1851001E-05
   8.5000000E-01   1.4979289E+01   0.0000000E+00   1.4979289E+01   2.6745652E-04   0.0000000E+00   2.6745652E-04
   9.0000000E-01   3.5367765E+00   0.0000000E+00   3.5367765E+00   9.0351890E-07   0.0000000E+00   9.0351890E-07
   9.5000000E-01   3.3506304E+00   0.0000000E+00   3.3506304E+00   1.1537490E-05   0.0000000E+00   1.1537490E-05
   1.0000000E+00   0.0000000E+00   0.0000000E+00   0.0000000E+00   0.0000000E+00   0.0000000E+00   0.0000000E+00
