   0.0000000E+00   2.9996505E+07   1.5399068E+07   4.4775760E+07   3.0126074E-04   4.6659000E-05   2.1324037E-04
   5.0000000E-02   4.0361694E+04   1.5087889E+04   5.5449582E+04   1.0242628E-01   2.0226270E-02   7.9872006E-02
   1.0000000E-01   1.9130424E+04   8.4033810E+03   2.7533805E+04   1.0188467E-01   2.6275795E-02   7.8556516E-02
   1.5000000E-01   1.3156809E+04   5.2839441E+03   1.8440753E+04   6.6976446E-02   1.9163572E-02   5.2927957E-02
   2.0000000E-01   8.9604233E+03   3.8992961E+03   1.2859719E+04   5.0923359E-02   3.1569868E-02   4.4832580E-02
   2.5000000E-01   6.9646203E+03   3.0430425E+03   1.0007663E+04   6.4930402E-02   2.2025843E-02   5.1712896E-02
   3.0000000E-01   5.1141788E+03   2.1326762E+03   7.2468551E+03   6.8803189E-02   1.3639826E-02   5.2522267E-02
   3.5000000E-01   3.9288535E+03   1.7734408E+03   5.7022942E+03   4.9094502E-02   1.5058814E-02   3.8306677E-02
   4.0000000E-01   3.1353524E+03   1.3846480E+03   4.5200004E+03   6.1703861E-02   6.7003010E-03   4.4597641E-02
   4.5000000E-01   2.5606262E+03   1.1954305E+03   3.7560567E+03   6.2670881E-02   1.2070239E-02   4.2808546E-02
   5.0000000E-01   1.8207325E+03   8.9763388E+02   2.7183664E+03   5.8011518E-02   3.9719808E-03   4.0030035E-02
   5.5000000E-01   1.8635597E+03   7.3500646E+02   2.5985662E+03   6.2843630E-02   1.5405284E-02   4.9411003E-02
   6.0000000E-01   1.3899532E+03   7.4272307E+02   2.1326762E+03   6.8024313E-02   7.3265176E-03   4.5021457E-02
   6.5000000E-01   1.1801951E+03   4.7501629E+02   1.6552114E+03   5.1394161E-02   1.0980166E-02   3.4521510E-02
   7.0000000E-01   1.0549699E+03   4.3199199E+02   1.4869619E+03   4.9143200E-02   1.4177046E-02   3.8983202E-02
   7.5000000E-01   8.5307049E+02   4.1592492E+02   1.2689954E+03   6.2315862E-02   5.8778644E-03   4.3766251E-02
   8.0000000E-01   6.9630288E+02   3.1830989E+02   1.0146128E+03   9.8261867E-02   1.2532029E-02   6.9918752E-02
   8.5000000E-01   5.7670262E+02   2.6962720E+02   8.4632982E+02   8.6199009E-02   8.2593797E-03   6.0124414E-02
   9.0000000E-01   4.4209706E+02   1.4500784E+02   5.8710490E+02   9.0721584E-02   2.3916888E-03   6.8866459E-02
   9.5000000E-01   3.0155673E+02   1.3067458E+02   4.3223132E+02   1.0504260E-01   1.7467304E-02   7.3461967E-02
   1.0000000E+00   1.5719007E+02   3.1438013E+01   1.8862808E+02   1.7856079E-01   3.6851839E-06   1.4880007E-01
