   0.0000000E+00   7.2157031E+06   9.1800571E+06   1.6388121E+07   8.6644959E-05   3.4310192E-05   5.1299067E-05
   5.0000000E-02   1.3859212E+05   9.7530149E+04   2.3605861E+05   2.3996870E-03   9.7427598E-04   1.7977188E-03
   1.0000000E-01   7.4834654E+04   4.1634933E+04   1.1643776E+05   3.5017485E-03   1.3893490E-03   1.7934017E-03
   1.5000000E-01   5.3751929E+04   2.4361317E+04   7.8070805E+04   1.2726694E-03   9.8391145E-04   5.6950520E-04
   2.0000000E-01   4.5327328E+04   1.8366480E+04   6.3693808E+04   2.1506542E-03   4.4489507E-03   2.9338944E-04
   2.5000000E-01   3.5930820E+04   1.4489466E+04   5.0407554E+04   6.9757448E-04   2.5710234E-03   6.4812231E-04
   3.0000000E-01   3.3093618E+04   1.1236339E+04   4.4308736E+04   1.1068591E-03   2.5244272E-03   7.8737282E-04
   3.5000000E-01   3.0184872E+04   9.1127573E+03   3.9279440E+04   2.6829182E-03   2.9416142E-03   2.6426899E-03
   4.0000000E-01   2.6761904E+04   7.7906345E+03   3.4552538E+04   2.5803610E-03   2.2582547E-03   2.1758570E-03
   4.5000000E-01   2.4410831E+04   6.0832556E+03   3.0494087E+04   1.6209711E-03   9.7544448E-04   1.1032447E-03
   5.0000000E-01   2.1995213E+04   5.2202821E+03   2.7215495E+04   2.7699478E-03   1.9663730E-03   2.4936919E-03
   5.5000000E-01   2.0209784E+04   4.6125996E+03   2.4810809E+04   2.6747389E-03   1.8814320E-03   2.4662717E-03
   6.0000000E-01   1.8143664E+04   4.0372304E+03   2.2180894E+04   1.6967586E-03   1.5331614E-03   1.2409421E-03
   6.5000000E-01   1.6747997E+04   3.3202170E+03   2.0068214E+04   1.5976095E-03   2.0206707E-03   1.6669242E-03
   7.0000000E-01   1.6129217E+04   3.2467608E+03   1.9375978E+04   2.3103818E-03   2.6127190E-03   1.9150402E-03
   7.5000000E-01   1.5418931E+04   2.8817655E+03   1.8300696E+04   1.3614716E-03   2.7112865E-03   1.1052190E-03
   8.0000000E-01   9.2389444E+03   1.3727114E+03   1.0611656E+04   3.3167252E-03   3.9749522E-03   3.1560033E-03
   8.5000000E-01   5.1828339E+03   6.6657835E+02   5.8494123E+03   3.2178243E-03   1.4705131E-02   4.0514726E-03
   9.0000000E-01   3.6039753E+03   4.9161194E+02   4.0955872E+03   2.7250166E-03   8.9295355E-03   3.4637096E-03
   9.5000000E-01   2.1142478E+03   1.8428467E+02   2.2985324E+03   5.1662389E-03   1.9936868E-02   4.7279963E-03
   1.0000000E+00   7.0421150E+02   6.9163630E+01   7.7337513E+02   1.4582193E-02   1.5426032E-06   1.3278156E-02
