   0.0000000E+00   6.5821392E+06   9.3323366E+06   1.5906836E+07   3.2488558E-05   4.5121164E-05   2.6706791E-05
   5.0000000E-02   1.7844452E+05   1.1535550E+05   2.9373636E+05   1.0223981E-03   1.7213756E-03   1.2964314E-03
   1.0000000E-01   1.0077691E+05   5.2202821E+04   1.5297973E+05   8.7352272E-04   2.7568585E-03   6.4372828E-04
   1.5000000E-01   7.5694091E+04   3.1406575E+04   1.0707945E+05   1.0530901E-03   1.4309250E-03   6.4143318E-04
   2.0000000E-01   5.9794512E+04   2.1883805E+04   8.1678317E+04   9.3993244E-04   2.3481737E-03   1.2852079E-03
   2.5000000E-01   5.0904117E+04   1.7366987E+04   6.8245640E+04   8.8772521E-04   1.5799295E-03   2.7373387E-04
   3.0000000E-01   4.4627046E+04   1.2689954E+04   5.7317000E+04   7.6823375E-04   2.0137312E-03   7.8433047E-04
   3.5000000E-01   4.0298032E+04   1.0522415E+04   5.0811352E+04   8.2978162E-04   2.6340938E-03   1.0528323E-03
   4.0000000E-01   3.5165285E+04   8.2283106E+03   4.3393595E+04   3.9092764E-04   1.9656032E-04   3.5322531E-04
   4.5000000E-01   3.2729330E+04   7.0169646E+03   3.9746294E+04   8.8172665E-04   1.8320145E-03   6.9287642E-04
   5.0000000E-01   3.0392228E+04   6.2834372E+03   3.6675665E+04   1.3036558E-03   1.0751591E-03   1.2393109E-03
   5.5000000E-01   2.6552832E+04   5.2897316E+03   3.1842564E+04   4.0256062E-04   3.0648692E-03   5.4656848E-04
   6.0000000E-01   1.2010893E+04   1.6180753E+03   1.3628968E+04   1.8896933E-03   1.7937411E-03   1.5444923E-03
   6.5000000E-01   8.6188523E+03   1.1948863E+03   9.8137386E+03   1.3512053E-03   8.7888003E-03   2.1954506E-03
   7.0000000E-01   6.5753728E+03   6.9573447E+02   7.2711073E+03   2.2214607E-03   8.7239488E-03   2.2317075E-03
   7.5000000E-01   4.9529018E+03   5.0505169E+02   5.4579535E+03   6.8891301E-03   3.3181875E-02   3.2160895E-03
   8.0000000E-01   3.6565848E+03   3.3024651E+02   3.9868313E+03   3.0560016E-03   1.1886483E-02   2.7545994E-03
   8.5000000E-01   2.9209613E+03   2.6213755E+02   3.1830989E+03   1.2689807E-02   1.1050079E-02   1.2129133E-02
   9.0000000E-01   2.1326762E+03   1.4147106E+02   2.2741473E+03   8.2915166E-03   2.0755867E-02   8.6032330E-03
   9.5000000E-01   1.2765902E+03   7.3713868E+01   1.3503040E+03   5.5445655E-03   2.6778664E-02   4.5629772E-03
   1.0000000E+00   5.4073383E+02   3.1438013E+01   5.7217184E+02   8.3737717E-03   2.1209962E-01   1.6085673E-02
