   0.0000000E+00   2.9153621E+07   1.6009205E+07   4.4681541E+07   1.2360085E-03   6.0223196E-08   7.9998963E-04
   5.0000000E-02   7.8495218E+04   2.2027044E+04   1.0052226E+05   1.8550699E-01   6.0811509E-06   1.4485891E-01
   1.0000000E-01   3.4791271E+04   8.6580289E+03   4.3417468E+04   1.9353281E-01   1.1039393E-03   1.5507004E-01
   1.5000000E-01   1.9289579E+04   5.2202821E+03   2.4509861E+04   2.1370624E-01   1.3687488E-06   1.6818965E-01
   2.0000000E-01   1.3337184E+04   3.1194369E+03   1.6456621E+04   2.2682896E-01   1.9539423E-05   1.8383606E-01
   2.5000000E-01   7.7540288E+03   2.2281692E+03   9.9694656E+03   2.1755358E-01   8.5562707E-06   1.6890967E-01
   3.0000000E-01   5.8675122E+03   1.4323945E+03   7.2999067E+03   2.3302067E-01   1.7729189E-05   1.8729366E-01
   3.5000000E-01   3.9925154E+03   1.0731590E+03   5.0656745E+03   2.1983836E-01   2.9607753E-06   1.7326555E-01
   4.0000000E-01   3.3581693E+03   7.4007049E+02   4.0982398E+03   2.1484384E-01   9.7548629E-06   1.7604504E-01
   4.5000000E-01   2.1928014E+03   4.8807516E+02   2.6808766E+03   1.9658608E-01   1.2904327E-05   1.6079835E-01
   5.0000000E-01   2.0308171E+03   2.6738030E+02   2.2981974E+03   1.8079621E-01   2.2337166E-06   1.5976149E-01
   5.5000000E-01   1.5741871E+03   2.3149810E+02   1.8056852E+03   1.2394757E-01   3.5823341E-05   1.0805227E-01
   6.0000000E-01   1.2891550E+03   1.1671362E+02   1.4058687E+03   1.1719638E-01   1.5984452E-05   1.0746820E-01
   6.5000000E-01   1.2193717E+03   8.8147353E+01   1.3075191E+03   8.6132701E-02   6.2149193E-06   8.0325651E-02
   7.0000000E-01   8.7762583E+02   3.6378273E+01   9.1400410E+02   5.3734111E-02   4.0105950E-05   5.1597036E-02
   7.5000000E-01   8.6580289E+02   4.2441318E+01   9.0824421E+02   5.0346154E-02   7.5998030E-06   4.7993879E-02
   8.0000000E-01   7.4007049E+02   2.7852115E+01   7.6792260E+02   3.1657810E-02   1.1069492E-04   3.0505587E-02
   8.5000000E-01   6.5908871E+02   2.2468933E+01   6.8155764E+02   1.9053660E-02   1.6698757E-05   1.8426066E-02
   9.0000000E-01   5.8710490E+02   7.0735530E+00   5.9417845E+02   1.7160403E-02   1.3405758E-05   1.6955953E-02
   9.5000000E-01   4.3893258E+02   1.3402522E+01   4.5233510E+02   9.5794239E-03   8.1405449E-07   9.2955650E-03
   1.0000000E+00   1.7605288E+02   0.0000000E+00   1.7605288E+02   1.4948539E-02   0.0000000E+00   1.4948539E-02
