   0.0000000E+00   3.2228239E+07   1.6667215E+07   4.8163596E+07   1.7215090E-04   9.9288764E-06   1.1862917E-04
   5.0000000E-02   1.2732395E+04   4.1380285E+03   1.6870424E+04   1.6715426E-01   3.0925128E-02   1.3373685E-01
   1.0000000E-01   6.7163386E+03   9.5492966E+02   7.6712683E+03   1.7936255E-01   6.9883283E-02   1.6573440E-01
   1.5000000E-01   3.6287327E+03   9.3370900E+02   4.5624417E+03   1.8575807E-01   2.8136167E-02   1.5350046E-01
   2.0000000E-01   2.9761974E+03   3.8197186E+02   3.3581693E+03   1.6100427E-01   2.6088974E-02   1.4565745E-01
   2.5000000E-01   2.1390424E+03   4.0743665E+02   2.5464791E+03   1.7156224E-01   3.7704553E-02   1.5014500E-01
   3.0000000E-01   1.3369015E+03   3.5014087E+02   1.6870424E+03   1.6738254E-01   8.2871790E-03   1.3436253E-01
   3.5000000E-01   1.3550907E+03   2.4555334E+02   1.6006440E+03   1.6287171E-01   7.2371904E-03   1.3899596E-01
   4.0000000E-01   8.3556345E+02   1.1140846E+02   9.4697191E+02   1.3840432E-01   2.8857554E-05   1.2211806E-01
   4.5000000E-01   8.1345860E+02   1.6976527E+02   9.8322387E+02   1.4438010E-01   1.4151166E-02   1.2189404E-01
   5.0000000E-01   7.9577472E+02   3.8197186E+01   8.3397190E+02   1.4640086E-01   1.4994691E-05   1.3969616E-01
   5.5000000E-01   7.1185665E+02   3.4724715E+01   7.4658137E+02   1.2775572E-01   2.5478731E-05   1.2181478E-01
   6.0000000E-01   4.0319252E+02   4.2441318E+01   4.4563384E+02   1.0144798E-01   3.8808058E-05   9.1789964E-02
   6.5000000E-01   3.3300111E+02   3.4279526E+01   3.6728064E+02   7.7314735E-02   1.7323497E-05   7.0100310E-02
   7.0000000E-01   3.7742458E+02   2.7283705E+01   4.0470828E+02   1.0412647E-01   4.3066681E-05   9.7103800E-02
   7.5000000E-01   2.8011270E+02   4.2441318E+00   2.8435683E+02   5.0217804E-02   1.2202796E-05   4.9468103E-02
   8.0000000E-01   2.1485917E+02   7.9577472E+00   2.2281692E+02   1.0598166E-01   4.3949375E-06   1.0219675E-01
   8.5000000E-01   1.6102735E+02   3.3703400E+01   1.9473075E+02   1.0201188E-01   2.2200173E-06   8.4355592E-02
   9.0000000E-01   1.2025040E+02   0.0000000E+00   1.2025040E+02   6.7439486E-02   0.0000000E+00   6.7439486E-02
   9.5000000E-01   1.0051891E+02   6.7012608E+00   1.0722017E+02   6.8481217E-02   1.0699019E-05   6.4201809E-02
   1.0000000E+00   5.0300822E+01   0.0000000E+00   5.0300822E+01   1.2993394E-05   0.0000000E+00   1.2993394E-05
