   0.0000000E+00   3.1067045E+04   1.3294149E+07   1.3323688E+07   1.4531325E-05   8.4469361E-06   8.4072392E-06
   5.0000000E-02   3.2149299E+04   3.8209919E+05   4.1431215E+05   1.1216267E-05   2.1834210E-04   2.0057916E-04
   1.0000000E-01   3.4090989E+04   3.4982256E+04   6.9041414E+04   4.6467643E-04   3.7972587E-04   3.7720930E-04
   1.5000000E-01   3.4186482E+04   3.4589674E+03   3.7645449E+04   2.8548897E-04   2.0924221E-03   4.4370711E-04
   2.0000000E-01   3.5125496E+04   2.2281692E+02   3.5348313E+04   6.6720042E-06   1.8166596E-02   1.1609868E-04
   2.5000000E-01   3.7127665E+04   1.2732395E+01   3.7140398E+04   2.3781426E-05   3.3639107E-07   2.3773383E-05
   3.0000000E-01   4.0701224E+04   0.0000000E+00   4.0701224E+04   4.6376194E-05   0.0000000E+00   4.6376194E-05
   3.5000000E-01   4.4154128E+04   0.0000000E+00   4.4154128E+04   9.3741062E-05   0.0000000E+00   9.3741062E-05
   4.0000000E-01   4.9704089E+04   0.0000000E+00   4.9688173E+04   6.5625547E-05   0.0000000E+00   6.5663062E-05
   4.5000000E-01   5.8547798E+04   0.0000000E+00   5.8540725E+04   3.3529157E-05   0.0000000E+00   3.3533070E-05
   5.0000000E-01   7.6649021E+04   0.0000000E+00   7.6636288E+04   2.6262445E-05   0.0000000E+00   2.6266806E-05
   5.5000000E-01   9.1349150E+04   0.0000000E+00   9.1349150E+04   1.0336000E-05   0.0000000E+00   1.0334591E-05
   6.0000000E-01   3.4992867E+04   0.0000000E+00   3.4987562E+04   1.9363633E-05   0.0000000E+00   1.9366580E-05
   6.5000000E-01   2.1057423E+03   0.0000000E+00   2.1057423E+03   1.6035399E-03   0.0000000E+00   1.6035399E-03
   7.0000000E-01   2.0917507E+02   0.0000000E+00   2.0917507E+02   9.9839682E-06   0.0000000E+00   9.9839682E-06
   7.5000000E-01   2.1220659E+01   0.0000000E+00   2.1220659E+01   9.8379950E-02   0.0000000E+00   9.8379950E-02
   8.0000000E-01   0.0000000E+00   0.0000000E+00   0.0000000E+00   0.0000000E+00   0.0000000E+00   0.0000000E+00
   8.5000000E-01   0.0000000E+00   0.0000000E+00   0.0000000E+00   0.0000000E+00   0.0000000E+00   0.0000000E+00
   9.0000000E-01   0.0000000E+00   0.0000000E+00   0.0000000E+00   0.0000000E+00   0.0000000E+00   0.0000000E+00
   9.5000000E-01   0.0000000E+00   0.0000000E+00   0.0000000E+00   0.0000000E+00   0.0000000E+00   0.0000000E+00
   1.0000000E+00   0.0000000E+00   0.0000000E+00   0.0000000E+00   0.0000000E+00   0.0000000E+00   0.0000000E+00
