   0.0000000E+00   1.8347382E+07   1.1123021E+07   2.9434242E+07   4.5213011E-04   4.0319365E-04   3.9146239E-04
   5.0000000E-02   1.9970762E+05   9.3774092E+04   2.9341805E+05   8.0361632E-03   5.5399390E-03   6.7823315E-03
   1.0000000E-01   7.0792119E+04   2.9380002E+04   1.0014029E+05   6.6193802E-03   3.2935292E-03   5.0045300E-03
   1.5000000E-01   4.3969206E+04   1.8992490E+04   6.2961695E+04   7.1083340E-03   2.6258543E-03   5.4835173E-03
   2.0000000E-01   3.2435777E+04   1.3337184E+04   4.5772962E+04   9.9635430E-03   4.7946772E-03   7.9294781E-03
   2.5000000E-01   2.4140622E+04   1.0071325E+04   3.4211947E+04   3.2410924E-03   1.4774010E-03   2.0364249E-03
   3.0000000E-01   1.9671551E+04   7.5333340E+03   2.7194275E+04   7.9003369E-03   1.1373441E-02   3.7225637E-03
   3.5000000E-01   1.7352436E+04   6.0478878E+03   2.3400324E+04   6.0980463E-03   7.5745342E-03   5.7055585E-03
   4.0000000E-01   1.4061339E+04   5.4351413E+03   1.9496481E+04   6.7521609E-03   5.7958415E-03   3.3444318E-03
   4.5000000E-01   1.1664289E+04   4.4492649E+03   1.6113554E+04   6.2808606E-03   5.1775007E-03   3.1754747E-03
   5.0000000E-01   1.0548790E+04   3.8579158E+03   1.4406705E+04   4.5627913E-03   7.0077504E-03   5.1800600E-03
   5.5000000E-01   8.7043285E+03   3.0615624E+03   1.1765891E+04   6.9713838E-03   4.0650253E-03   5.1089771E-03
   6.0000000E-01   7.5969960E+03   2.4032396E+03   1.0000236E+04   3.8795365E-03   1.7858526E-03   3.3752337E-03
   6.5000000E-01   6.5865661E+03   2.2967283E+03   8.8832944E+03   4.0530838E-03   2.7612460E-03   3.0167918E-03
   7.0000000E-01   6.3525559E+03   1.8825756E+03   8.2351315E+03   1.6671367E-03   1.4539852E-02   3.3498154E-03
   7.5000000E-01   5.2627235E+03   1.7358499E+03   6.9985734E+03   4.0559342E-03   5.9915171E-03   4.0491027E-03
   8.0000000E-01   4.2414792E+03   1.2811973E+03   5.5226765E+03   8.2503847E-03   6.3093539E-03   5.5204710E-03
   8.5000000E-01   3.7672911E+03   1.1197018E+03   4.8869930E+03   6.3546392E-03   4.7055473E-03   4.9199177E-03
   9.0000000E-01   2.6242882E+03   7.9223794E+02   3.4165261E+03   4.0631368E-03   6.8772658E-03   1.5515824E-03
   9.5000000E-01   1.8126910E+03   4.9589330E+02   2.3085843E+03   7.3138779E-03   1.0325959E-02   5.9851615E-03
   1.0000000E+00   5.6588424E+02   1.6347767E+02   7.2936191E+02   2.7331676E-02   1.0600173E-02   2.3581500E-02
