   0.0000000E+00   8.3580537E+06   9.0272684E+06   1.7341013E+07   3.8281440E-05   7.1890109E-05   2.9136843E-05
   5.0000000E-02   1.3190762E+05   9.4601698E+04   2.2644565E+05   3.2421461E-03   8.1974966E-04   2.2157840E-03
   1.0000000E-01   7.1842541E+04   4.0075215E+04   1.1191776E+05   1.6853904E-03   2.0022802E-03   1.0145005E-03
   1.5000000E-01   5.2478690E+04   2.3788359E+04   7.6245828E+04   3.5624687E-03   1.3358921E-04   2.4251330E-03
   2.0000000E-01   4.2128313E+04   1.7761692E+04   5.9874090E+04   2.7822322E-03   1.8043685E-03   2.0152668E-03
   2.5000000E-01   3.5166876E+04   1.3725522E+04   4.8879666E+04   1.9285687E-03   3.9723038E-03   9.2300525E-04
   3.0000000E-01   3.0143946E+04   1.1119625E+04   4.1252961E+04   1.1602733E-03   4.6438707E-03   1.9002099E-03
   3.5000000E-01   2.7010867E+04   8.7671637E+03   3.5768937E+04   1.1028941E-03   3.1438641E-03   7.0931636E-04
   4.0000000E-01   2.4143805E+04   7.1540147E+03   3.1289862E+04   2.9946590E-03   2.1186770E-03   1.9420668E-03
   4.5000000E-01   2.1043820E+04   6.0408143E+03   2.7070487E+04   2.2751706E-03   3.5471273E-03   1.0239026E-03
   5.0000000E-01   1.9238650E+04   5.4812962E+03   2.4719946E+04   3.8050914E-03   3.5083065E-03   3.7345675E-03
   5.5000000E-01   1.7894803E+04   4.5026380E+03   2.2391654E+04   2.9253698E-03   1.6747381E-03   2.6625867E-03
   6.0000000E-01   1.6154227E+04   3.8886858E+03   2.0048218E+04   2.1885720E-03   1.9945222E-03   1.6899685E-03
   6.5000000E-01   1.5205418E+04   3.4230555E+03   1.8613783E+04   1.1979222E-03   3.0823615E-03   3.3411534E-04
   7.0000000E-01   1.4046561E+04   2.8602417E+03   1.6902255E+04   4.1024661E-03   4.3567410E-03   2.9877270E-03
   7.5000000E-01   1.2265541E+04   2.6058969E+03   1.4867194E+04   4.9988351E-03   1.1558548E-03   4.1176278E-03
   8.0000000E-01   1.1940600E+04   2.2918312E+03   1.4224473E+04   9.6225545E-04   2.4615040E-03   1.2037471E-03
   8.5000000E-01   1.0062337E+04   1.8087491E+03   1.1867342E+04   3.1618404E-03   2.1124549E-03   2.5310516E-03
   9.0000000E-01   4.8948987E+03   7.8162761E+02   5.6765263E+03   5.3007511E-03   2.6163528E-03   4.4605560E-03
   9.5000000E-01   2.4526614E+03   3.8867312E+02   2.8413346E+03   1.9326229E-03   1.2399668E-02   3.3531309E-03
   1.0000000E+00   9.0541479E+02   1.2575205E+02   1.0311668E+03   2.0369603E-03   2.2141558E-02   4.4887220E-03
