   0.0000000E+00   2.1390424E+04   1.1848258E+07   1.1864555E+07   3.5786584E-06   2.1082536E-05   2.1054967E-05
   5.0000000E-02   1.9862537E+04   4.4525187E+05   4.6511441E+05   9.9673907E-06   3.8085574E-05   3.6192180E-05
   1.0000000E-01   1.8652959E+04   7.0155499E+04   8.8808458E+04   3.7315470E-04   2.5808154E-04   1.6842543E-04
   1.5000000E-01   1.8801504E+04   1.1989672E+04   3.0791176E+04   1.6852537E-04   2.0153654E-04   1.6558341E-04
   2.0000000E-01   1.9496481E+04   1.8939438E+03   2.1390424E+04   1.2773665E-04   2.8745636E-03   2.5402620E-04
   2.5000000E-01   1.9174988E+04   1.5278875E+02   1.9327776E+04   3.0846810E-04   2.4018514E-05   3.0616506E-04
   3.0000000E-01   2.0032302E+04   3.1830989E+01   2.0064133E+04   1.4186419E-05   2.4805523E-06   1.4160181E-05
   3.5000000E-01   2.1126682E+04   0.0000000E+00   2.1126682E+04   6.2947062E-05   0.0000000E+00   6.2947062E-05
   4.0000000E-01   2.2035002E+04   1.5915494E+01   2.2050917E+04   1.4110770E-05   4.3758741E-01   3.2798811E-04
   4.5000000E-01   2.3441755E+04   0.0000000E+00   2.3441755E+04   1.1068623E-05   0.0000000E+00   1.1068623E-05
   5.0000000E-01   2.5331101E+04   0.0000000E+00   2.5331101E+04   2.7195388E-05   0.0000000E+00   2.7195388E-05
   5.5000000E-01   2.8746276E+04   0.0000000E+00   2.8746276E+04   3.9444399E-05   0.0000000E+00   3.9444399E-05
   6.0000000E-01   3.2690425E+04   0.0000000E+00   3.2690425E+04   1.6487574E-05   0.0000000E+00   1.6487574E-05
   6.5000000E-01   3.8104142E+04   0.0000000E+00   3.8104142E+04   4.5766123E-05   0.0000000E+00   4.5766195E-05
   7.0000000E-01   4.5500125E+04   0.0000000E+00   4.5495577E+04   8.2276690E-06   0.0000000E+00   8.2289688E-06
   7.5000000E-01   5.1608643E+04   0.0000000E+00   5.1600155E+04   1.2929140E-05   0.0000000E+00   1.2930109E-05
   8.0000000E-01   2.3244579E+04   0.0000000E+00   2.3244579E+04   6.1203660E-05   0.0000000E+00   6.1202267E-05
   8.5000000E-01   2.9771336E+03   0.0000000E+00   2.9771336E+03   2.4096041E-04   0.0000000E+00   2.4096041E-04
   9.0000000E-01   5.3759003E+02   0.0000000E+00   5.3759003E+02   2.9456675E-03   0.0000000E+00   2.9456675E-03
   9.5000000E-01   9.7168281E+01   0.0000000E+00   9.7168281E+01   5.1822913E-06   0.0000000E+00   5.1822913E-06
   1.0000000E+00   6.2876027E+00   0.0000000E+00   6.2876027E+00   8.7073640E-05   0.0000000E+00   8.7073640E-05
