   0.0000000E+00   1.3062928E+07   1.0411025E+07   2.3454091E+07   9.6411339E-04   2.8040222E-04   6.6717876E-04
   5.0000000E-02   2.6852622E+05   1.2515945E+05   3.9362201E+05   5.4083377E-03   2.6527007E-03   4.5371193E-03
   1.0000000E-01   9.3169304E+04   4.0043384E+04   1.3321269E+05   3.6338897E-03   1.4949685E-03   2.0929782E-03
   1.5000000E-01   5.9693714E+04   2.5188922E+04   8.4903857E+04   2.9201931E-03   4.7417286E-03   3.4064041E-03
   2.0000000E-01   4.4658877E+04   1.6345213E+04   6.1004090E+04   3.6196404E-03   3.0670524E-03   3.4609761E-03
   2.5000000E-01   3.3091496E+04   1.1917522E+04   4.5009018E+04   3.2650288E-03   2.1994309E-03   2.1656226E-03
   3.0000000E-01   2.6791082E+04   9.4113623E+03   3.6202444E+04   5.8525274E-03   3.9928205E-03   5.3687506E-03
   3.5000000E-01   2.2163463E+04   7.2483708E+03   2.9411833E+04   4.2419626E-03   4.5258791E-03   3.9215237E-03
   4.0000000E-01   1.7944720E+04   5.8728174E+03   2.3817537E+04   6.3615427E-03   3.1225510E-03   4.1262027E-03
   4.5000000E-01   1.5830612E+04   4.8241632E+03   2.0654775E+04   3.8120477E-03   1.9617532E-03   3.3544713E-03
   5.0000000E-01   1.2999776E+04   3.8833806E+03   1.6883156E+04   4.4239412E-03   5.1003719E-04   3.4364483E-03
   5.5000000E-01   1.1893215E+04   3.1773114E+03   1.5070526E+04   6.0192716E-03   4.0775525E-03   5.1080576E-03
   6.0000000E-01   1.0525447E+04   2.5146481E+03   1.3040095E+04   6.0218147E-03   3.0703623E-03   4.3387555E-03
   6.5000000E-01   8.8881914E+03   2.1302277E+03   1.1018419E+04   7.7175134E-04   3.8172092E-03   8.9256353E-04
   7.0000000E-01   8.0486928E+03   1.8962175E+03   9.9449103E+03   2.2490503E-03   1.6410475E-03   2.0857535E-03
   7.5000000E-01   7.0282823E+03   1.4514931E+03   8.4797754E+03   7.1354244E-04   1.0858537E-03   7.7723973E-04
   8.0000000E-01   6.0359512E+03   1.0782747E+03   7.1142260E+03   8.9461778E-03   1.8250564E-03   7.5100443E-03
   8.5000000E-01   4.6585588E+03   8.7254357E+02   5.5311024E+03   3.4906780E-03   1.5141581E-03   2.8049228E-03
   9.0000000E-01   3.5721443E+03   6.2600944E+02   4.1981537E+03   6.8401332E-03   1.3410287E-03   5.7219493E-03
   9.5000000E-01   2.4158045E+03   3.5181619E+02   2.7676207E+03   3.5190192E-03   3.5735523E-03   3.4802459E-03
   1.0000000E+00   7.6708753E+02   1.1946445E+02   8.8655198E+02   6.8009900E-03   1.0059672E-02   7.2372610E-03
