   0.0000000E+00   5.8569019E+04   1.6316310E+07   1.6372333E+07   5.3722992E-07   6.1584105E-05   6.1374335E-05
   5.0000000E-02   5.3794371E+04   5.8505357E+04   1.1229973E+05   3.6240030E-04   6.3809254E-03   3.1610593E-03
   1.0000000E-01   5.7200287E+04   6.3661977E+02   5.7836906E+04   3.7405828E-04   2.2613249E-01   2.7815105E-03
   1.5000000E-01   5.6255967E+04   1.6976527E+02   5.6425732E+04   1.2478000E-04   3.2952199E-01   8.6935064E-04
   2.0000000E-01   5.7598174E+04   3.1830989E+01   5.7630005E+04   2.2582753E-04   7.4243330E-02   2.3806829E-04
   2.5000000E-01   6.3738372E+04   2.5464791E+01   6.3776569E+04   1.5384075E-04   2.2818869E-01   2.3275102E-04
   3.0000000E-01   7.0314654E+04   0.0000000E+00   7.0314654E+04   1.1304787E-04   0.0000000E+00   1.1304787E-04
   3.5000000E-01   8.4543106E+04   0.0000000E+00   8.4524917E+04   5.7430015E-05   0.0000000E+00   5.7442252E-05
   4.0000000E-01   1.1626269E+05   7.9577472E+00   1.1627064E+05   2.8304091E-05   5.9583361E-01   3.4330008E-05
   4.5000000E-01   1.5600721E+05   7.0735530E+00   1.5601429E+05   1.3924817E-04   2.5134143E-01   1.2882931E-04
   5.0000000E-01   1.7698030E+03   1.9098593E+01   1.7889016E+03   2.4705991E-03   6.3750657E-01   8.9787922E-03
   5.5000000E-01   1.7362357E+01   0.0000000E+00   1.7362357E+01   2.9400046E-01   0.0000000E+00   2.9400046E-01
   6.0000000E-01   1.5915494E+01   0.0000000E+00   1.5915494E+01   1.1070981E-01   0.0000000E+00   1.1070981E-01
   6.5000000E-01   9.7941503E+00   0.0000000E+00   9.7941503E+00   3.9768176E-01   0.0000000E+00   3.9768176E-01
   7.0000000E-01   1.3641852E+01   0.0000000E+00   1.3641852E+01   4.2714716E-01   0.0000000E+00   4.2714716E-01
   7.5000000E-01   4.2441318E+00   8.4882636E+00   1.2732395E+01   6.1304344E-01   8.6292451E-01   7.6416347E-01
   8.0000000E-01   3.9788736E+00   0.0000000E+00   3.9788736E+00   6.6802429E-01   0.0000000E+00   6.6802429E-01
   8.5000000E-01   0.0000000E+00   0.0000000E+00   0.0000000E+00   0.0000000E+00   0.0000000E+00   0.0000000E+00
   9.0000000E-01   0.0000000E+00   0.0000000E+00   0.0000000E+00   0.0000000E+00   0.0000000E+00   0.0000000E+00
   9.5000000E-01   0.0000000E+00   3.3506304E+00   3.3506304E+00   0.0000000E+00   8.9460679E-01   8.9460679E-01
   1.0000000E+00   0.0000000E+00   0.0000000E+00   0.0000000E+00   0.0000000E+00   0.0000000E+00   0.0000000E+00
