   0.0000000E+00   2.9150055E+07   1.6045365E+07   4.4788493E+07   7.3980271E-04   1.1764593E-04   5.2775176E-04
   5.0000000E-02   4.6536905E+04   1.3941973E+04   6.0478878E+04   1.5737064E-01   3.3360988E-02   1.2877828E-01
   1.0000000E-01   2.3745918E+04   6.5253527E+03   3.0271270E+04   1.6046426E-01   3.3284877E-02   1.3304703E-01
   1.5000000E-01   1.4896903E+04   4.1804698E+03   1.9077373E+04   1.7325765E-01   3.2055583E-02   1.4230380E-01
   2.0000000E-01   1.1188592E+04   2.5146481E+03   1.3687325E+04   1.6640773E-01   1.4175896E-02   1.3900542E-01
   2.5000000E-01   8.0978035E+03   1.5151551E+03   9.6129586E+03   1.6488631E-01   3.7170817E-02   1.4475106E-01
   3.0000000E-01   6.4723010E+03   1.4323945E+03   7.9046955E+03   1.7559185E-01   1.0993259E-02   1.4576510E-01
   3.5000000E-01   5.1384310E+03   9.4583509E+02   6.0751715E+03   1.5902046E-01   2.5157255E-02   1.3840033E-01
   4.0000000E-01   4.0902820E+03   7.4802823E+02   4.8383103E+03   1.5584861E-01   2.2321972E-02   1.3520468E-01
   4.5000000E-01   3.0840691E+03   6.2954622E+02   3.7136153E+03   1.6695662E-01   3.5363422E-02   1.4464824E-01
   5.0000000E-01   2.8775214E+03   5.4112681E+02   3.4186482E+03   1.5292021E-01   9.1122983E-03   1.3015727E-01
   5.5000000E-01   2.6332909E+03   3.5303460E+02   2.9863255E+03   1.5049065E-01   9.6973619E-03   1.3384648E-01
   6.0000000E-01   1.9576058E+03   3.3422538E+02   2.2918312E+03   1.5720770E-01   2.4826350E-05   1.3427796E-01
   6.5000000E-01   1.7237705E+03   2.3995668E+02   1.9637271E+03   1.3612543E-01   8.7599048E-05   1.1950235E-01
   7.0000000E-01   1.5096983E+03   1.9553322E+02   1.7052315E+03   1.5515523E-01   1.6115406E-05   1.3736227E-01
   7.5000000E-01   1.2265541E+03   1.4854461E+02   1.3750987E+03   1.3169534E-01   2.7073828E-05   1.1746607E-01
   8.0000000E-01   9.8278177E+02   1.2732395E+02   1.1101057E+03   1.1296063E-01   2.1172532E-02   1.0242235E-01
   8.5000000E-01   7.0402657E+02   5.9917155E+01   7.6394373E+02   1.4049979E-01   4.8429936E-05   1.2948399E-01
   9.0000000E-01   7.0381853E+02   7.0735530E+01   7.7455406E+02   1.1253907E-01   4.3582863E-06   1.0226192E-01
   9.5000000E-01   3.8867312E+02   3.6856934E+01   4.2553006E+02   9.7732203E-02   7.8655091E-06   8.9266559E-02
   1.0000000E+00   2.0120329E+02   6.2876027E+00   2.0749089E+02   9.7415838E-02   1.7439982E-05   9.4463315E-02
