   0.0000000E+00   3.2147771E+07   1.6709996E+07   4.8272586E+07   1.9040719E-04   4.8489238E-06   1.2848167E-04
   5.0000000E-02   1.3496339E+04   4.0743665E+03   1.7570706E+04   1.7334619E-01   2.3115296E-02   1.3850910E-01
   1.0000000E-01   7.2574654E+03   1.4005635E+03   8.6580289E+03   1.9108378E-01   1.9616008E-02   1.6334631E-01
   1.5000000E-01   4.9231929E+03   1.2520189E+03   6.1752118E+03   2.0140042E-01   1.3468552E-02   1.6329739E-01
   2.0000000E-01   3.2149299E+03   7.9577472E+02   4.0107046E+03   2.0060120E-01   1.6546128E-02   1.6408203E-01
   2.5000000E-01   2.1899720E+03   4.8383103E+02   2.6738030E+03   1.8206986E-01   1.1187730E-02   1.5114797E-01
   3.0000000E-01   1.8674180E+03   3.9258219E+02   2.2600002E+03   2.0101843E-01   7.5924318E-06   1.6610105E-01
   3.5000000E-01   1.4005635E+03   2.6374248E+02   1.6643060E+03   2.2982119E-01   3.1740498E-06   1.9340194E-01
   4.0000000E-01   1.1379578E+03   1.9098593E+02   1.3289438E+03   1.6825592E-01   1.0017735E-05   1.4407399E-01
   4.5000000E-01   6.7198754E+02   1.4854461E+02   8.2053215E+02   1.5291406E-01   1.3259831E-02   1.2763182E-01
   5.0000000E-01   8.9763388E+02   8.2760570E+01   9.8039445E+02   1.8908112E-01   6.7050908E-06   1.7311916E-01
   5.5000000E-01   6.5398213E+02   9.8386692E+01   7.5236882E+02   1.6869400E-01   2.3520987E-05   1.4663709E-01
   6.0000000E-01   4.9868549E+02   7.4272307E+01   5.7295780E+02   1.2448927E-01   3.3792127E-04   1.0830797E-01
   6.5000000E-01   3.9176601E+02   6.3661977E+01   4.5542799E+02   1.6051258E-01   2.7374818E-02   1.4190158E-01
   7.0000000E-01   3.1376260E+02   4.0925557E+01   3.5468816E+02   1.2682199E-01   2.6066094E-06   1.1218839E-01
   7.5000000E-01   3.1830989E+02   1.2732395E+01   3.3104228E+02   9.7942610E-02   1.6507319E-05   9.4174955E-02
   8.0000000E-01   2.5066904E+02   1.9894368E+01   2.7056340E+02   9.6086333E-02   1.6863967E-05   8.9022401E-02
   8.5000000E-01   2.4341344E+02   7.4896444E+00   2.5090309E+02   1.2528177E-01   1.2749271E-04   1.2154582E-01
   9.0000000E-01   1.1671362E+02   1.0610330E+01   1.2732395E+02   4.4312461E-02   2.2232738E-05   4.0617904E-02
   9.5000000E-01   6.3661977E+01   0.0000000E+00   6.3661977E+01   6.7136839E-02   0.0000000E+00   6.7136839E-02
   1.0000000E+00   1.2575205E+01   0.0000000E+00   1.2575205E+01   4.1672959E-01   0.0000000E+00   4.1672959E-01
