   0.0000000E+00   2.7948627E+07   1.5358325E+07   4.2874559E+07   6.9444007E-04   3.0507368E-08   4.4871791E-04
   5.0000000E-02   4.4499722E+04   1.3623663E+04   5.8123385E+04   1.6249942E-01   1.5612347E-05   1.2440734E-01
   1.0000000E-01   2.2759157E+04   6.3980287E+03   2.9157186E+04   1.7592667E-01   4.3714252E-06   1.3732364E-01
   1.5000000E-01   1.5703288E+04   4.8170896E+03   2.0520377E+04   1.6403835E-01   5.2204016E-06   1.2552968E-01
   2.0000000E-01   1.1650142E+04   3.0080284E+03   1.4658170E+04   1.5985016E-01   5.9549069E-06   1.2704582E-01
   2.5000000E-01   9.0400008E+03   3.0303101E+03   1.2070311E+04   1.5600210E-01   8.7046713E-07   1.1683681E-01
   3.0000000E-01   7.3423480E+03   2.2069485E+03   9.5492966E+03   1.5356365E-01   5.6113862E-06   1.1807456E-01
   3.5000000E-01   5.8387128E+03   1.7825354E+03   7.6121536E+03   1.5357464E-01   5.8301456E-05   1.1780924E-01
   4.0000000E-01   4.9656342E+03   1.6631692E+03   6.6288034E+03   1.7630944E-01   4.4617148E-06   1.3207225E-01
   4.5000000E-01   4.7463541E+03   1.2803131E+03   6.0266672E+03   1.5516668E-01   2.0252940E-05   1.2220357E-01
   5.0000000E-01   3.8197186E+03   1.2350424E+03   5.0547610E+03   1.7246975E-01   4.2261819E-05   1.3032875E-01
   5.5000000E-01   3.3393601E+03   8.3918061E+02   4.1785407E+03   1.8263743E-01   8.0553683E-05   1.4597434E-01
   6.0000000E-01   3.0133336E+03   9.3901416E+02   3.9523478E+03   2.0507389E-01   4.6364336E-06   1.5635269E-01
   6.5000000E-01   2.6395235E+03   8.1291448E+02   3.4475409E+03   1.9672853E-01   3.0249161E-05   1.5037970E-01
   7.0000000E-01   2.3554932E+03   7.3211274E+02   3.0830586E+03   1.9926844E-01   1.0082840E-05   1.5224104E-01
   7.5000000E-01   1.9438124E+03   5.8144606E+02   2.5252584E+03   2.1327822E-01   5.1776048E-06   1.6417158E-01
   8.0000000E-01   1.5358452E+03   4.7348596E+02   2.0093312E+03   2.4303424E-01   1.4393848E-05   1.8576141E-01
   8.5000000E-01   1.2807292E+03   4.3065455E+02   1.7113837E+03   2.4842346E-01   1.2801833E-05   1.8590785E-01
   9.0000000E-01   1.0398123E+03   3.3953055E+02   1.3793428E+03   2.7827329E-01   5.2680467E-06   2.0977422E-01
   9.5000000E-01   6.8352860E+02   2.0438845E+02   8.8791705E+02   2.9496901E-01   9.1303989E-06   2.2706838E-01
   1.0000000E+00   3.7096856E+02   9.4314040E+01   4.6528260E+02   3.0813225E-01   9.1136218E-06   2.4567122E-01
