   0.0000000E+00   1.6380991E+07   1.3132193E+07   2.9399610E+07   2.8830705E-03   3.9193663E-04   1.7648789E-03
   5.0000000E-02   1.5374368E+05   6.4298597E+04   2.1804227E+05   1.0908444E-01   2.8439916E-02   8.5288435E-02
   1.0000000E-01   7.4325358E+04   2.5655777E+04   9.9981135E+04   1.0113567E-01   2.4356866E-02   8.1422354E-02
   1.5000000E-01   4.9444136E+04   1.5533522E+04   6.4956437E+04   1.0112724E-01   2.2147354E-02   8.2250884E-02
   2.0000000E-01   3.6621552E+04   1.0870283E+04   4.7491835E+04   1.0006497E-01   1.6876434E-02   8.1011235E-02
   2.5000000E-01   2.8265918E+04   7.6267049E+03   3.5879890E+04   9.8813457E-02   2.0520078E-02   8.2200780E-02
   3.0000000E-01   2.2589392E+04   5.5598127E+03   2.8138594E+04   9.7515867E-02   1.8298815E-02   8.1891602E-02
   3.5000000E-01   1.9044026E+04   4.4472438E+03   2.3491270E+04   9.5969862E-02   1.6579483E-02   8.0931093E-02
   4.0000000E-01   1.6241762E+04   3.2945073E+03   1.9528312E+04   9.0970968E-02   1.2005966E-02   7.7573121E-02
   4.5000000E-01   1.3439751E+04   2.7233179E+03   1.6163069E+04   9.1409890E-02   1.3154011E-02   7.8183868E-02
   5.0000000E-01   1.1662874E+04   2.2536340E+03   1.3916508E+04   8.7038767E-02   1.4152942E-02   7.5233610E-02
   5.5000000E-01   1.0469502E+04   1.7825354E+03   1.2252037E+04   7.9511767E-02   7.6023843E-03   6.9147667E-02
   6.0000000E-01   9.4272778E+03   1.4005635E+03   1.0827841E+04   7.3112489E-02   7.7035524E-03   6.4651008E-02
   6.5000000E-01   7.5610841E+03   1.0577682E+03   8.6090582E+03   6.6390293E-02   4.9792527E-03   5.8871036E-02
   7.0000000E-01   6.6390348E+03   8.6853126E+02   7.5121133E+03   6.7045160E-02   7.0090834E-03   6.0027773E-02
   7.5000000E-01   6.1115498E+03   7.6394373E+02   6.8754935E+03   5.9249515E-02   1.1453283E-02   5.3930063E-02
   8.0000000E-01   5.2839441E+03   6.2070428E+02   5.9046484E+03   5.5656054E-02   1.2900260E-02   5.1103393E-02
   8.5000000E-01   4.6660484E+03   4.8682688E+02   5.1528753E+03   5.3213010E-02   1.9591210E-03   4.8361100E-02
   9.0000000E-01   3.7702038E+03   2.9708923E+02   4.0672930E+03   5.0062106E-02   4.4823796E-03   4.6457871E-02
   9.5000000E-01   2.6134917E+03   2.2114161E+02   2.8346333E+03   4.4694854E-02   6.4563554E-03   4.1711488E-02
   1.0000000E+00   1.0877553E+03   6.9163630E+01   1.1569189E+03   3.5008226E-02   9.8058421E-06   3.2915919E-02
