   0.0000000E+00   3.3356330E+07   1.6867368E+07   4.9670093E+07   7.9337066E-06   4.9867776E-11   5.3279242E-06
   5.0000000E-02   1.4642255E+03   3.8197186E+02   1.8461973E+03   1.3824596E-01   6.7443867E-02   1.2359725E-01
   1.0000000E-01   7.0028175E+02   1.2732395E+02   8.2760570E+02   1.7635421E-01   1.2054532E-01   1.6776822E-01
   1.5000000E-01   3.3953055E+02   1.0610330E+02   4.4563384E+02   1.2677499E-01   1.7789143E-01   1.3894557E-01
   2.0000000E-01   3.1830989E+02   3.1830989E+01   3.5014087E+02   2.0548015E-01   1.2928110E-05   1.8679896E-01
   2.5000000E-01   2.2918312E+02   2.5464791E+01   2.5464791E+02   1.1184239E-01   1.9978572E-01   1.2063673E-01
   3.0000000E-01   1.2732395E+02   4.2441318E+01   1.6976527E+02   1.7230781E-01   6.4343338E-02   1.4531669E-01
   3.5000000E-01   7.2756545E+01   2.7283705E+01   1.0004025E+02   1.2853121E-01   2.6453087E-06   9.3477968E-02
   4.0000000E-01   9.5492966E+01   0.0000000E+00   9.5492966E+01   1.1718153E-01   0.0000000E+00   1.1718153E-01
   4.5000000E-01   5.6588424E+01   1.4147106E+01   7.0735530E+01   9.1541605E-02   3.2822658E-05   7.3226719E-02
   5.0000000E-01   3.8197186E+01   1.2732395E+01   5.0929582E+01   2.0451574E-01   7.1983581E-02   1.7138270E-01
   5.5000000E-01   5.7874525E+01   0.0000000E+00   5.7874525E+01   1.8425132E-01   0.0000000E+00   1.8425132E-01
   6.0000000E-01   7.4272307E+01   5.3051648E+00   7.9577472E+01   1.7729338E-01   3.5097426E-01   1.8887211E-01
   6.5000000E-01   4.8970752E+01   9.7941503E+00   5.8764902E+01   1.2637407E-01   7.2774660E-06   1.0531294E-01
   7.0000000E-01   1.3641852E+01   9.0945682E+00   2.2736420E+01   1.9567619E-07   4.4132804E-06   1.8827179E-06
   7.5000000E-01   2.9708923E+01   4.2441318E+00   3.3953055E+01   1.3225933E-01   2.0950045E-06   1.1572718E-01
   8.0000000E-01   2.3873241E+01   7.9577472E+00   3.1830989E+01   1.4704372E-01   1.9617053E-05   1.1028769E-01
   8.5000000E-01   2.6213755E+01   0.0000000E+00   2.6213755E+01   5.2953263E-02   0.0000000E+00   5.2953263E-02
   9.0000000E-01   1.4147106E+01   3.5367765E+00   1.7683883E+01   1.0379142E-01   3.9163476E-06   8.3033920E-02
   9.5000000E-01   1.3402522E+01   0.0000000E+00   1.3402522E+01   2.7078220E-05   0.0000000E+00   2.7078220E-05
   1.0000000E+00   0.0000000E+00   0.0000000E+00   0.0000000E+00   0.0000000E+00   0.0000000E+00   0.0000000E+00
