   0.0000000E+00   1.3903776E+07   1.0359077E+07   2.4177291E+07   1.1528770E-03   2.5810194E-04   5.6012885E-04
   5.0000000E-02   2.6827157E+05   1.2643269E+05   3.9444961E+05   3.5438264E-03   1.9825154E-03   1.8314815E-03
   1.0000000E-01   8.6198317E+04   3.8833806E+04   1.2500029E+05   3.9675703E-03   2.7436158E-03   3.5481525E-03
   1.5000000E-01   5.6213526E+04   2.2897091E+04   7.9110617E+04   1.0206281E-02   2.6498196E-03   6.6120595E-03
   2.0000000E-01   4.1491694E+04   1.6456621E+04   5.7916484E+04   2.0301208E-03   1.4469537E-03   1.0475393E-03
   2.5000000E-01   3.1436284E+04   1.2121240E+04   4.3532060E+04   1.2383280E-03   1.8824603E-03   5.8440366E-04
   3.0000000E-01   2.5432960E+04   8.8384045E+03   3.4271364E+04   1.1170822E-02   1.1042755E-03   8.4466703E-03
   3.5000000E-01   2.1690545E+04   7.1756143E+03   2.8847970E+04   6.4798334E-03   2.5698031E-03   5.3194461E-03
   4.0000000E-01   1.8239156E+04   5.9046484E+03   2.4143805E+04   4.4851601E-03   1.5542541E-03   3.7234616E-03
   4.5000000E-01   1.5363757E+04   5.1424731E+03   2.0506230E+04   4.5244119E-03   2.1547380E-03   3.5952157E-03
   5.0000000E-01   1.2993410E+04   4.0234370E+03   1.7016847E+04   2.5236205E-03   1.1182239E-03   2.0927826E-03
   5.5000000E-01   1.1673292E+04   3.0962871E+03   1.4769579E+04   4.7234827E-03   2.0329173E-03   4.0576450E-03
   6.0000000E-01   9.9524891E+03   2.8011270E+03   1.2753616E+04   9.6690967E-04   7.4549261E-04   6.8282835E-04
   6.5000000E-01   8.4670430E+03   2.2477575E+03   1.0714800E+04   3.9397808E-03   3.7552217E-03   3.8886069E-03
   7.0000000E-01   7.6076063E+03   1.7734408E+03   9.3810471E+03   5.4744757E-03   3.5568872E-03   4.1408395E-03
   7.5000000E-01   6.5317189E+03   1.5915494E+03   8.1232683E+03   7.0476844E-03   4.2934128E-03   6.4965307E-03
   8.0000000E-01   5.3515850E+03   1.1379578E+03   6.4895428E+03   5.2918134E-03   2.8714744E-03   4.8642536E-03
   8.5000000E-01   4.6023865E+03   8.6505393E+02   5.4674404E+03   8.0865937E-03   4.0973266E-03   7.2999169E-03
   9.0000000E-01   3.4837249E+03   6.1893589E+02   4.1026608E+03   7.8665895E-03   1.1377276E-03   6.8326115E-03
   9.5000000E-01   2.1544553E+03   4.1547817E+02   2.5699335E+03   8.6233083E-03   1.1868475E-02   9.0329002E-03
   1.0000000E+00   7.1678671E+02   8.8026438E+01   8.0481314E+02   1.3022308E-02   4.7503506E-06   1.1597756E-02
