   0.0000000E+00   3.8197186E+04   1.6401872E+07   1.6439560E+07   3.6579799E-06   1.9682127E-05   1.9641673E-05
   5.0000000E-02   5.0865920E+04   7.4102542E+04   1.2490480E+05   6.0955139E-05   2.7444437E-03   1.6109105E-03
   1.0000000E-01   5.2425638E+04   3.1830989E+02   5.2743948E+04   4.2821800E-04   2.2827257E-01   1.6511183E-03
   1.5000000E-01   5.4579535E+04   1.4854461E+02   5.4728080E+04   3.3889923E-04   3.2769099E-01   5.5147967E-04
   2.0000000E-01   5.7582258E+04   7.9577472E+01   5.7693667E+04   9.7542682E-05   3.0784334E-01   3.3802508E-04
   2.5000000E-01   6.0427949E+04   2.5464791E+01   6.0453414E+04   1.3177407E-04   3.8917901E-01   2.8611054E-04
   3.0000000E-01   6.6526766E+04   0.0000000E+00   6.6526766E+04   1.1129216E-04   0.0000000E+00   1.1129216E-04
   3.5000000E-01   8.0050389E+04   1.8189136E+01   8.0059484E+04   1.1281694E-04   1.3152207E-01   1.3454310E-04
   4.0000000E-01   1.1189388E+05   1.5915494E+01   1.1188592E+05   2.7365042E-05   2.7736532E-01   1.8846609E-05
   4.5000000E-01   1.6482793E+05   0.0000000E+00   1.6481379E+05   4.1874820E-06   0.0000000E+00   4.1877559E-06
   5.0000000E-01   3.5905355E+03   0.0000000E+00   3.5905355E+03   2.1980989E-04   0.0000000E+00   2.1980989E-04
   5.5000000E-01   5.7874525E+00   0.0000000E+00   5.7874525E+00   5.8227782E-01   0.0000000E+00   5.8227782E-01
   6.0000000E-01   1.0610330E+01   0.0000000E+00   1.0610330E+01   5.9885496E-01   0.0000000E+00   5.9885496E-01
   6.5000000E-01   4.8970752E+00   4.8970752E+00   9.7941503E+00   7.5981163E-01   8.5567391E-01   7.0271147E-01
   7.0000000E-01   0.0000000E+00   0.0000000E+00   0.0000000E+00   0.0000000E+00   0.0000000E+00   0.0000000E+00
   7.5000000E-01   4.2441318E+00   4.2441318E+00   8.4882636E+00   9.4238881E-01   3.8215312E-01   6.5437865E-01
   8.0000000E-01   3.9788736E+00   7.9577472E+00   1.1936621E+01   5.8879895E-01   7.5562175E-01   6.3158583E-01
   8.5000000E-01   0.0000000E+00   0.0000000E+00   0.0000000E+00   0.0000000E+00   0.0000000E+00   0.0000000E+00
   9.0000000E-01   0.0000000E+00   0.0000000E+00   0.0000000E+00   0.0000000E+00   0.0000000E+00   0.0000000E+00
   9.5000000E-01   3.3506304E+00   3.3506304E+00   6.7012608E+00   8.8365859E-01   9.0013440E-01   8.8260163E-01
   1.0000000E+00   0.0000000E+00   0.0000000E+00   0.0000000E+00   0.0000000E+00   0.0000000E+00   0.0000000E+00
