   0.0000000E+00   3.2765037E+07   1.6733933E+07   4.9133295E+07   1.1495272E-04   4.0704925E-05   9.0505605E-05
   5.0000000E-02   1.0567888E+04   3.1194369E+03   1.3687325E+04   1.3088213E-01   4.9213630E-02   1.1226931E-01
   1.0000000E-01   4.8064793E+03   1.3369015E+03   6.1433808E+03   1.4155840E-01   7.6340001E-02   1.2736504E-01
   1.5000000E-01   2.8647890E+03   9.5492966E+02   3.8197186E+03   1.6160415E-01   1.2846847E-01   1.5331852E-01
   2.0000000E-01   1.9257748E+03   3.6605637E+02   2.2918312E+03   1.5757456E-01   8.4364861E-02   1.4588134E-01
   2.5000000E-01   1.5533522E+03   2.9284510E+02   1.8461973E+03   1.9201118E-01   7.3924905E-02   1.7328016E-01
   3.0000000E-01   1.1777466E+03   2.1220659E+02   1.3899532E+03   1.7517720E-01   5.7067834E-02   1.5714522E-01
   3.5000000E-01   1.1913884E+03   1.9098593E+02   1.3823744E+03   1.5187636E-01   1.1320727E-01   1.4653387E-01
   4.0000000E-01   9.8676065E+02   1.8302818E+02   1.1697888E+03   1.2846335E-01   8.3216326E-02   1.2138329E-01
   4.5000000E-01   6.8613464E+02   1.4147106E+02   8.2760570E+02   1.6139973E-01   8.5951376E-02   1.4850258E-01
   5.0000000E-01   5.4112681E+02   1.4642255E+02   6.8754935E+02   1.5340744E-01   6.1743481E-02   1.3388641E-01
   5.5000000E-01   4.2248403E+02   4.0512167E+01   4.6299620E+02   1.3631343E-01   1.5147615E-07   1.2438602E-01
   6.0000000E-01   3.8727703E+02   5.3051648E+01   4.4032868E+02   1.5383849E-01   6.6037859E-02   1.4326010E-01
   6.5000000E-01   3.6238356E+02   6.3661977E+01   4.2604554E+02   1.0822985E-01   1.0384392E-01   1.0757448E-01
   7.0000000E-01   2.9557347E+02   3.6378273E+01   3.3195174E+02   1.2425555E-01   8.6626468E-02   1.2013181E-01
   7.5000000E-01   2.3342725E+02   2.9708923E+01   2.6313617E+02   1.2506436E-01   5.1767007E-02   1.1678885E-01
   8.0000000E-01   1.4721832E+02   1.9894368E+01   1.6711269E+02   1.4962126E-01   1.1226919E-05   1.3181053E-01
   8.5000000E-01   1.2357913E+02   1.8724111E+01   1.4230324E+02   1.6556400E-01   4.5006390E-07   1.4377921E-01
   9.0000000E-01   9.1956189E+01   1.4147106E+01   1.0610330E+02   2.2395244E-01   1.0683484E-01   2.0833676E-01
   9.5000000E-01   5.3610086E+01   1.6753152E+01   7.0363238E+01   1.2759650E-01   7.3865150E-02   1.1480332E-01
   1.0000000E+00   4.4013219E+01   0.0000000E+00   4.4013219E+01   1.8031195E-01   0.0000000E+00   1.8031195E-01
