   0.0000000E+00   5.6022540E+04   1.4219539E+07   1.4275052E+07   3.9452659E-06   2.9063143E-05   2.8933148E-05
   5.0000000E-02   5.2966765E+04   3.0430425E+05   3.5727102E+05   3.2689769E-05   1.5391717E-04   1.3592178E-04
   1.0000000E-01   5.5704230E+04   1.6934086E+04   7.2638316E+04   4.6106346E-05   3.9340267E-03   9.5197272E-04
   1.5000000E-01   5.7041132E+04   5.3051648E+02   5.7571648E+04   2.7535193E-04   2.0800904E-02   3.1945926E-04
   2.0000000E-01   6.0860850E+04   1.5915494E+01   6.0860850E+04   9.9643385E-06   2.4394267E-01   7.2843524E-05
   2.5000000E-01   6.4782428E+04   2.5464791E+01   6.4807893E+04   4.3199574E-05   1.6234235E-01   5.3944588E-05
   3.0000000E-01   7.3847894E+04   1.0610330E+01   7.3869114E+04   1.0061750E-04   1.1034191E-01   1.1643152E-04
   3.5000000E-01   9.0636466E+04   9.0945682E+00   9.0645561E+04   4.8304168E-05   1.8824633E-01   4.8615389E-05
   4.0000000E-01   1.2339283E+05   1.5915494E+01   1.2336895E+05   2.0951395E-05   5.4069950E-01   5.8171812E-05
   4.5000000E-01   1.2929040E+05   0.0000000E+00   1.2929040E+05   5.6842610E-05   0.0000000E+00   5.6842359E-05
   5.0000000E-01   9.5174656E+03   1.9098593E+01   9.5365642E+03   1.6766664E-04   6.8677801E-01   1.2093912E-03
   5.5000000E-01   4.4563384E+02   5.7874525E+00   4.5142129E+02   1.4083292E-02   7.2400945E-01   2.0662842E-02
   6.0000000E-01   3.1830989E+01   5.3051648E+00   3.7136153E+01   3.2066146E-01   8.2323238E-01   3.7977021E-01
   6.5000000E-01   0.0000000E+00   0.0000000E+00   0.0000000E+00   0.0000000E+00   0.0000000E+00   0.0000000E+00
   7.0000000E-01   9.0945682E+00   0.0000000E+00   9.0945682E+00   3.0399238E-01   0.0000000E+00   3.0399238E-01
   7.5000000E-01   0.0000000E+00   0.0000000E+00   0.0000000E+00   0.0000000E+00   0.0000000E+00   0.0000000E+00
   8.0000000E-01   0.0000000E+00   0.0000000E+00   0.0000000E+00   0.0000000E+00   0.0000000E+00   0.0000000E+00
   8.5000000E-01   0.0000000E+00   0.0000000E+00   0.0000000E+00   0.0000000E+00   0.0000000E+00   0.0000000E+00
   9.0000000E-01   0.0000000E+00   0.0000000E+00   0.0000000E+00   0.0000000E+00   0.0000000E+00   0.0000000E+00
   9.5000000E-01   0.0000000E+00   0.0000000E+00   0.0000000E+00   0.0000000E+00   0.0000000E+00   0.0000000E+00
   1.0000000E+00   0.0000000E+00   0.0000000E+00   0.0000000E+00   0.0000000E+00   0.0000000E+00   0.0000000E+00
