   0.0000000E+00   1.4260283E+04   1.4077955E+07   1.4091706E+07   1.5674366E-02   1.0197047E-05   2.1513796E-05
   5.0000000E-02   1.5215213E+04   3.6433750E+05   3.7948905E+05   1.1813867E-03   2.5191904E-04   2.1302458E-04
   1.0000000E-01   1.3146198E+04   1.3369015E+03   1.4483100E+04   1.9495007E-03   3.3059484E-02   3.6647072E-03
   1.5000000E-01   1.2859719E+04   1.2732395E+02   1.2987043E+04   3.2974529E-04   2.1200116E-01   2.0331777E-03
   2.0000000E-01   1.2318593E+04   9.5492966E+01   1.2414086E+04   5.0506788E-05   2.4877749E-01   1.9634553E-03
   2.5000000E-01   1.2363156E+04   1.2732395E+01   1.2375888E+04   2.1526807E-04   3.6153253E-01   1.6076250E-04
   3.0000000E-01   1.2636902E+04   3.1830989E+01   1.2668733E+04   1.3523713E-04   4.0310510E-01   9.6452937E-04
   3.5000000E-01   1.3405393E+04   9.0945682E+00   1.3414488E+04   3.1343452E-05   3.8356674E-01   2.7428584E-04
   4.0000000E-01   1.3957889E+04   7.9577472E+00   1.3965846E+04   2.0934383E-05   4.6315589E-01   2.6306877E-04
   4.5000000E-01   1.3998561E+04   1.4147106E+01   1.4012709E+04   1.6717586E-05   4.6570567E-01   4.7740586E-04
   5.0000000E-01   1.4852339E+04   6.3661977E+00   1.4858705E+04   1.4434416E-04   4.1049346E-01   1.5719196E-04
   5.5000000E-01   1.5249937E+04   0.0000000E+00   1.5249937E+04   1.5984624E-04   0.0000000E+00   1.5984624E-04
   6.0000000E-01   1.6392959E+04   0.0000000E+00   1.6392959E+04   5.6115880E-05   0.0000000E+00   5.6115707E-05
   6.5000000E-01   1.7502147E+04   0.0000000E+00   1.7502147E+04   2.3312053E-05   0.0000000E+00   2.3312053E-05
   7.0000000E-01   1.8843945E+04   0.0000000E+00   1.8843945E+04   6.8966931E-05   0.0000000E+00   6.8966931E-05
   7.5000000E-01   2.1454086E+04   0.0000000E+00   2.1449842E+04   7.7412554E-05   0.0000000E+00   7.7427882E-05
   8.0000000E-01   2.5779122E+04   0.0000000E+00   2.5779122E+04   3.9882408E-05   0.0000000E+00   3.9882408E-05
   8.5000000E-01   3.3999241E+04   0.0000000E+00   3.3999241E+04   2.8551117E-05   0.0000000E+00   2.8551117E-05
   9.0000000E-01   5.3833275E+04   0.0000000E+00   5.3819128E+04   3.2200733E-05   0.0000000E+00   3.2209040E-05
   9.5000000E-01   1.7976132E+04   0.0000000E+00   1.7976132E+04   8.1884466E-05   0.0000000E+00   8.1884466E-05
   1.0000000E+00   3.8983137E+02   0.0000000E+00   3.8983137E+02   3.8146536E-05   0.0000000E+00   3.8146536E-05
