   0.0000000E+00   2.2692184E+07   1.0304582E+07   3.2876064E+07   1.9494683E-02   1.4511054E-05   1.3429569E-02
   5.0000000E-02   1.3304080E+06   7.7915894E+05   2.1050469E+06   8.5090169E-03   6.5611666E-05   5.3728839E-03
   1.0000000E-01   2.8456904E+04   2.2281692E+04   5.0738596E+04   1.9421590E-02   7.2892699E-04   1.0981789E-02
   1.5000000E-01   9.7615032E+02   9.7615032E+02   1.9523006E+03   7.1836356E-02   1.0126884E-02   4.0426214E-02
   2.0000000E-01   1.1140846E+02   3.1830989E+01   1.4323945E+02   1.6336454E-01   1.0029659E-01   1.4892408E-01
   2.5000000E-01   1.0185916E+02   2.5464791E+01   1.2732395E+02   1.4970125E-01   1.7472265E-01   1.5429536E-01
   3.0000000E-01   5.3051648E+01   1.0610330E+01   6.3661977E+01   1.2527851E-01   2.0511393E-01   1.3808690E-01
   3.5000000E-01   9.0945682E+00   9.0945682E+00   1.8189136E+01   4.9288831E-02   5.5434847E-02   5.2270999E-02
   4.0000000E-01   2.3873241E+01   7.9577472E+00   3.1830989E+01   1.0834947E-01   2.4813808E-01   1.4329091E-01
   4.5000000E-01   0.0000000E+00   0.0000000E+00   0.0000000E+00   0.0000000E+00   0.0000000E+00   0.0000000E+00
   5.0000000E-01   3.1830989E+01   0.0000000E+00   3.1830989E+01   1.8216328E-03   0.0000000E+00   1.8216328E-03
   5.5000000E-01   0.0000000E+00   0.0000000E+00   0.0000000E+00   0.0000000E+00   0.0000000E+00   0.0000000E+00
   6.0000000E-01   5.3051648E+00   0.0000000E+00   5.3051648E+00   6.9247060E-07   0.0000000E+00   6.9247060E-07
   6.5000000E-01   2.4485376E+01   0.0000000E+00   2.4485376E+01   2.5649177E-02   0.0000000E+00   2.5649177E-02
   7.0000000E-01   9.0945682E+00   0.0000000E+00   9.0945682E+00   8.5211915E-02   0.0000000E+00   8.5211915E-02
   7.5000000E-01   4.2441318E+00   0.0000000E+00   4.2441318E+00   4.4432247E-06   0.0000000E+00   4.4432247E-06
   8.0000000E-01   3.9788736E+00   0.0000000E+00   3.9788736E+00   2.2274244E-01   0.0000000E+00   2.2274244E-01
   8.5000000E-01   3.7448222E+00   0.0000000E+00   3.7448222E+00   2.9111113E-01   0.0000000E+00   2.9111113E-01
   9.0000000E-01   3.5367765E+00   0.0000000E+00   3.5367765E+00   2.2488393E-07   0.0000000E+00   2.2488393E-07
   9.5000000E-01   3.3506304E+00   0.0000000E+00   3.3506304E+00   2.9037354E-01   0.0000000E+00   2.9037354E-01
   1.0000000E+00   0.0000000E+00   0.0000000E+00   0.0000000E+00   0.0000000E+00   0.0000000E+00   0.0000000E+00
