   0.0000000E+00   1.7744885E+07   8.7517393E+06   2.6406479E+07   3.0128716E-03   1.0783272E-06   2.0181878E-03
   5.0000000E-02   6.4445020E+05   3.0984284E+05   9.5372008E+05   2.0051059E-03   1.7787464E-04   1.4202843E-03
   1.0000000E-01   1.3642762E+05   7.0728457E+04   2.0706058E+05   8.4714839E-03   1.9364944E-04   5.6655594E-03
   1.5000000E-01   6.1582353E+04   3.3571083E+04   9.5153435E+04   9.7527469E-04   2.8102183E-04   6.7535830E-04
   2.0000000E-01   3.9693243E+04   2.0149016E+04   5.9826343E+04   1.4738331E-02   5.1022822E-04   9.9594209E-03
   2.5000000E-01   2.5057354E+04   1.3992903E+04   3.9062989E+04   6.4046524E-03   2.2938239E-04   4.1672066E-03
   3.0000000E-01   1.8324039E+04   9.9418788E+03   2.8255308E+04   6.6533067E-03   2.2807935E-04   4.2095666E-03
   3.5000000E-01   1.3969257E+04   7.0119121E+03   2.0981169E+04   5.3284617E-03   8.5025236E-04   3.7296140E-03
   4.0000000E-01   1.0727043E+04   5.0690849E+03   1.5796128E+04   5.3441466E-03   5.8738215E-05   3.6458450E-03
   4.5000000E-01   7.9153058E+03   3.8338657E+03   1.1749172E+04   6.3185539E-03   4.8697497E-04   4.2446118E-03
   5.0000000E-01   5.7295780E+03   2.9730143E+03   8.7025923E+03   1.0695192E-02   1.3498850E-03   7.4003141E-03
   5.5000000E-01   4.4389760E+03   2.1355700E+03   6.5745460E+03   1.8812336E-02   9.9034086E-04   1.3023303E-02
   6.0000000E-01   3.3634745E+03   1.7719250E+03   5.1300943E+03   1.0997381E-02   6.6462018E-04   7.2019199E-03
   6.5000000E-01   2.4681259E+03   1.4936079E+03   3.9617338E+03   2.9711718E-02   2.0575822E-04   1.8460314E-02
   7.0000000E-01   1.9598794E+03   9.3674052E+02   2.8966200E+03   1.6673853E-02   3.2708458E-06   1.1280647E-02
   7.5000000E-01   1.3114367E+03   7.2574654E+02   2.0371833E+03   2.2129454E-02   2.4061738E-03   1.3960524E-02
   8.0000000E-01   8.2760570E+02   4.5757046E+02   1.2851762E+03   1.6194222E-02   6.7827910E-06   1.0429793E-02
   8.5000000E-01   7.9390230E+02   3.9320633E+02   1.1871086E+03   1.8810368E-02   3.0492767E-03   1.3380215E-02
   9.0000000E-01   4.1380285E+02   2.4757436E+02   6.6137721E+02   4.4574692E-02   4.0739048E-03   2.7769653E-02
   9.5000000E-01   2.1779097E+02   1.2397332E+02   3.4176430E+02   3.4829124E-02   9.3332914E-06   2.2198410E-02
   1.0000000E+00   3.7725616E+01   1.8862808E+01   5.6588424E+01   1.2808990E-01   2.5339737E-06   8.5392983E-02
