   0.0000000E+00   3.3398601E+07   1.6870933E+07   4.9739357E+07   1.6551637E-05   3.4027119E-06   1.2268121E-05
   5.0000000E-02   1.0822536E+03   3.1830989E+02   1.4005635E+03   1.7307277E-01   7.7734300E-02   1.5140494E-01
   1.0000000E-01   4.7746483E+02   1.5915494E+02   6.3661977E+02   1.9031976E-01   1.4318859E-01   1.7853697E-01
   1.5000000E-01   2.7586857E+02   6.3661977E+01   3.3953055E+02   1.9928336E-01   1.3286399E-02   1.6440893E-01
   2.0000000E-01   2.7056340E+02   9.5492966E+01   3.6605637E+02   1.8950131E-01   8.9116627E-02   1.6331400E-01
   2.5000000E-01   1.7825354E+02   2.5464791E+01   2.0371833E+02   2.3127119E-01   4.8056429E-02   2.0836726E-01
   3.0000000E-01   2.5464791E+02   7.4272307E+01   3.2892022E+02   1.7282349E-01   1.1496063E-01   1.5975769E-01
   3.5000000E-01   1.3641852E+02   1.8189136E+01   1.5460766E+02   1.6537417E-01   1.8950408E-05   1.4592062E-01
   4.0000000E-01   1.2732395E+02   6.3661977E+01   1.9098593E+02   1.7356621E-01   4.3305926E-02   1.3014611E-01
   4.5000000E-01   6.3661977E+01   1.4147106E+01   7.7809083E+01   1.9732433E-01   2.0390989E-01   1.9852170E-01
   5.0000000E-01   2.5464791E+01   3.1830989E+01   5.7295780E+01   1.4779492E-01   7.7386153E-06   6.5682330E-02
   5.5000000E-01   5.7874525E+01   2.8937262E+01   8.6811787E+01   2.2969024E-01   3.4135683E-06   1.5312796E-01
   6.0000000E-01   6.3661977E+01   1.5915494E+01   7.9577472E+01   2.4826982E-01   2.5381298E-05   1.9861078E-01
   6.5000000E-01   3.4279526E+01   9.7941503E+00   4.4073677E+01   1.9575894E-01   3.5875188E-03   1.5305418E-01
   7.0000000E-01   5.9114693E+01   4.5472841E+00   6.3661977E+01   1.7469462E-01   6.6557638E-05   1.6221168E-01
   7.5000000E-01   3.3953055E+01   8.4882636E+00   4.2441318E+01   2.1647285E-01   4.3320677E-06   1.7317915E-01
   8.0000000E-01   1.1936621E+01   0.0000000E+00   1.1936621E+01   1.8300075E-01   0.0000000E+00   1.8300075E-01
   8.5000000E-01   1.8724111E+01   0.0000000E+00   1.8724111E+01   2.9765395E-01   0.0000000E+00   2.9765395E-01
   9.0000000E-01   7.0735530E+00   3.5367765E+00   1.0610330E+01   3.7297702E-01   9.5446738E-06   2.4865453E-01
   9.5000000E-01   3.3506304E+00   3.3506304E+00   6.7012608E+00   4.1262042E-01   3.9779396E-01   4.0520719E-01
   1.0000000E+00   6.2876027E+00   0.0000000E+00   6.2876027E+00   4.2680136E-01   0.0000000E+00   4.2680136E-01
