   0.0000000E+00   1.2417141E+07   9.4698464E+06   2.1870181E+07   7.4780269E-05   4.9046807E-05   2.1573311E-05
   5.0000000E-02   1.1942987E+05   7.2956626E+04   1.9232283E+05   3.7662890E-04   3.1195796E-03   1.3113887E-03
   1.0000000E-01   6.1179160E+04   3.2340284E+04   9.3519445E+04   1.9968082E-03   4.1974309E-03   2.6477134E-03
   1.5000000E-01   4.3884323E+04   2.0605260E+04   6.4489583E+04   6.8503196E-03   2.5526151E-03   4.7047255E-03
   2.0000000E-01   3.5793947E+04   1.5995072E+04   5.1789018E+04   2.4236869E-03   5.4298008E-04   1.6155346E-03
   2.5000000E-01   2.9704679E+04   1.1675607E+04   4.1380285E+04   4.2562349E-03   1.4774984E-03   3.3890433E-03
   3.0000000E-01   2.5061598E+04   9.9524891E+03   3.4992867E+04   3.0668648E-03   2.6417596E-03   1.5597906E-03
   3.5000000E-01   2.2536340E+04   8.3488136E+03   3.0885154E+04   5.6338164E-03   6.4609389E-03   5.3320441E-03
   4.0000000E-01   1.8716621E+04   6.7561273E+03   2.5472749E+04   4.5769254E-03   2.9519569E-03   4.0590856E-03
   4.5000000E-01   1.6714806E+04   5.6022540E+03   2.2317060E+04   1.0696667E-03   5.1753836E-03   7.4147352E-04
   5.0000000E-01   1.5692677E+04   5.0611272E+03   2.0753805E+04   4.8923328E-03   5.5649705E-03   3.7029153E-03
   5.5000000E-01   1.3982485E+04   4.0743665E+03   1.8056852E+04   2.5569049E-03   1.2228859E-03   1.7688366E-03
   6.0000000E-01   1.2992349E+04   3.8409393E+03   1.6838593E+04   1.6923957E-03   1.0563864E-03   1.2491390E-03
   6.5000000E-01   1.2032114E+04   3.4769234E+03   1.5509037E+04   3.4164901E-04   7.2878366E-03   1.8452596E-03
   7.0000000E-01   1.1172677E+04   3.0421331E+03   1.4214810E+04   4.7537790E-04   4.9294846E-03   1.1424301E-03
   7.5000000E-01   1.0466029E+04   2.7374650E+03   1.3203494E+04   4.3553545E-03   6.7802895E-03   4.7013734E-03
   8.0000000E-01   9.3105642E+03   2.3117255E+03   1.1618311E+04   4.4731915E-03   4.1639887E-03   3.5850064E-03
   8.5000000E-01   8.8040770E+03   2.0559074E+03   1.0856240E+04   2.8833839E-03   3.1384263E-03   1.7595864E-03
   9.0000000E-01   7.0629427E+03   1.7966825E+03   8.8596252E+03   1.4542796E-03   2.9063043E-03   1.6122242E-03
   9.5000000E-01   2.7140106E+03   5.2939960E+02   3.2434102E+03   5.2198168E-03   1.1400130E-02   3.9752961E-03
   1.0000000E+00   8.6768917E+02   1.5090246E+02   1.0185916E+03   9.3153935E-03   1.9762293E-02   5.0078011E-03
