   0.0000000E+00   1.4769579E+04   1.2193560E+07   1.2203746E+07   4.4179000E-06   6.1129689E-06   6.1126495E-06
   5.0000000E-02   1.8780283E+04   4.3614821E+05   4.5492849E+05   1.0280390E-03   1.4615416E-04   1.4786090E-04
   1.0000000E-01   1.9225917E+04   6.1974935E+04   8.1200852E+04   9.0794913E-04   3.5827504E-04   3.2771991E-04
   1.5000000E-01   1.8674180E+04   1.0780095E+04   2.9454275E+04   3.6992531E-04   8.1493922E-04   2.9642202E-04
   2.0000000E-01   2.0674227E+04   1.8143664E+03   2.2472678E+04   2.8308555E-04   2.8921493E-03   9.5483207E-05
   2.5000000E-01   2.0066255E+04   2.9284510E+02   2.0359100E+04   1.1679955E-04   7.1712381E-06   1.1505438E-04
   3.0000000E-01   2.0817467E+04   5.3051648E+01   2.0870518E+04   1.0899892E-04   1.4432358E-01   3.0398806E-04
   3.5000000E-01   2.1517748E+04   0.0000000E+00   2.1517748E+04   5.7176697E-05   0.0000000E+00   5.7176697E-05
   4.0000000E-01   2.1820143E+04   7.9577472E+00   2.1828100E+04   7.0532148E-05   1.1941814E-01   2.6996335E-05
   4.5000000E-01   2.3943977E+04   0.0000000E+00   2.3943977E+04   1.2475333E-04   0.0000000E+00   1.2475333E-04
   5.0000000E-01   2.5859495E+04   0.0000000E+00   2.5853129E+04   1.1093236E-04   0.0000000E+00   1.1095971E-04
   5.5000000E-01   2.8462691E+04   0.0000000E+00   2.8462691E+04   5.8979428E-05   0.0000000E+00   5.8979428E-05
   6.0000000E-01   3.2701036E+04   0.0000000E+00   3.2690425E+04   3.5048992E-05   0.0000000E+00   3.5094696E-05
   6.5000000E-01   3.9450838E+04   0.0000000E+00   3.9455735E+04   4.3623349E-05   0.0000000E+00   4.3617935E-05
   7.0000000E-01   4.6095819E+04   0.0000000E+00   4.6091272E+04   3.9179608E-05   0.0000000E+00   3.9181837E-05
   7.5000000E-01   5.2852174E+04   0.0000000E+00   5.2852174E+04   1.1775768E-05   0.0000000E+00   1.1776055E-05
   8.0000000E-01   1.9206023E+04   0.0000000E+00   1.9206023E+04   5.3397436E-05   0.0000000E+00   5.3397436E-05
   8.5000000E-01   2.2169347E+03   0.0000000E+00   2.2169347E+03   2.8938789E-04   0.0000000E+00   2.8938789E-04
   9.0000000E-01   4.6331772E+02   0.0000000E+00   4.6331772E+02   3.3884620E-04   0.0000000E+00   3.3884620E-04
   9.5000000E-01   5.6960716E+01   0.0000000E+00   5.6960716E+01   2.1189949E-05   0.0000000E+00   2.1189949E-05
   1.0000000E+00   6.2876027E+00   0.0000000E+00   6.2876027E+00   6.2510652E-05   0.0000000E+00   6.2510652E-05
