   0.0000000E+00   3.2080034E+07   1.6699810E+07   4.8455932E+07   3.4609726E-04   2.4943595E-05   2.3629615E-04
   5.0000000E-02   2.5019157E+04   5.5385920E+03   3.0557749E+04   1.9369119E-01   2.3205010E-03   1.5900525E-01
   1.0000000E-01   1.0949860E+04   2.1963382E+03   1.3146198E+04   1.9460608E-01   6.4829387E-03   1.6317629E-01
   1.5000000E-01   6.0903292E+03   1.2520189E+03   7.3423480E+03   2.0093021E-01   7.6745371E-05   1.6668063E-01
   2.0000000E-01   3.9947891E+03   8.9126768E+02   4.8860568E+03   1.9035002E-01   1.1851035E-02   1.5778977E-01
   2.5000000E-01   2.7883946E+03   4.0743665E+02   3.1958313E+03   1.7627331E-01   1.0316680E-05   1.5380154E-01
   3.0000000E-01   2.3554932E+03   3.0769956E+02   2.6631927E+03   1.5835501E-01   9.1704549E-06   1.4005795E-01
   3.5000000E-01   1.7916299E+03   2.2736420E+02   2.0189941E+03   1.4053295E-01   6.2781845E-03   1.2541415E-01
   4.0000000E-01   1.4085212E+03   1.0345071E+02   1.5119720E+03   1.0453876E-01   1.1505059E-05   9.7386899E-02
   4.5000000E-01   1.1529891E+03   1.1317685E+02   1.2661660E+03   8.3266005E-02   1.0530681E-06   7.5823328E-02
   5.0000000E-01   9.4856346E+02   6.3661977E+01   1.0122254E+03   6.2900098E-02   1.7704341E-05   5.8943006E-02
   5.5000000E-01   6.5398213E+02   6.3661977E+01   7.1764411E+02   6.8683409E-02   4.5542118E-05   6.2586487E-02
   6.0000000E-01   6.6845076E+02   1.5915494E+01   6.8436626E+02   3.7190444E-02   7.0768621E-06   3.6325386E-02
   6.5000000E-01   5.3867827E+02   1.4691226E+01   5.5336949E+02   2.4933110E-02   5.7112914E-07   2.4271155E-02
   7.0000000E-01   5.6386323E+02   1.3641852E+01   5.7750508E+02   1.5950270E-02   2.1952386E-05   1.5572974E-02
   7.5000000E-01   3.9046013E+02   4.2441318E+00   3.9470426E+02   2.0041206E-02   1.8326046E-07   1.9825707E-02
   8.0000000E-01   2.8250002E+02   0.0000000E+00   2.8250002E+02   8.9100739E-03   0.0000000E+00   8.9100739E-03
   8.5000000E-01   2.2094451E+02   0.0000000E+00   2.2094451E+02   7.1898303E-03   0.0000000E+00   7.1898303E-03
   9.0000000E-01   1.2378718E+02   0.0000000E+00   1.2378718E+02   1.0482528E-02   0.0000000E+00   1.0482528E-02
   9.5000000E-01   7.3713868E+01   0.0000000E+00   7.3713868E+01   1.9424126E-02   0.0000000E+00   1.9424126E-02
   1.0000000E+00   5.0300822E+01   0.0000000E+00   5.0300822E+01   1.7461565E-05   0.0000000E+00   1.7461565E-05
