   0.0000000E+00   7.6195747E+06   9.2702025E+06   1.6881119E+07   2.4762955E-04   9.9996467E-05   1.4987373E-04
   5.0000000E-02   1.4330311E+05   9.3519445E+04   2.3682256E+05   4.6501243E-03   1.3085645E-03   3.3305674E-03
   1.0000000E-01   7.2765640E+04   4.0329863E+04   1.1309550E+05   5.0870036E-03   1.1804885E-03   3.4146432E-03
   1.5000000E-01   5.5534465E+04   2.5231364E+04   8.0744608E+04   3.5427878E-03   3.2982520E-03   1.4705512E-03
   2.0000000E-01   4.1969158E+04   1.7156903E+04   5.9110146E+04   3.2759058E-03   1.2656849E-03   2.6522693E-03
   2.5000000E-01   3.6223665E+04   1.3941973E+04   5.0165638E+04   2.4002151E-03   1.8943254E-03   2.2590166E-03
   3.0000000E-01   2.9666481E+04   1.0101034E+04   3.9756905E+04   4.4532987E-03   2.8669567E-03   2.9003911E-03
   3.5000000E-01   2.5737628E+04   8.4306647E+03   3.4168293E+04   5.4290658E-04   2.4108884E-03   6.1825480E-04
   4.0000000E-01   2.2711410E+04   7.2574654E+03   2.9968876E+04   7.3156367E-04   1.2736809E-03   8.3630164E-04
   4.5000000E-01   2.0647701E+04   5.4749300E+03   2.6108484E+04   2.1586442E-03   9.1829614E-03   3.2050896E-03
   5.0000000E-01   1.8602030E+04   4.9210708E+03   2.3523101E+04   1.9533759E-03   3.5770698E-03   1.2299618E-03
   5.5000000E-01   1.7061410E+04   4.1611783E+03   2.1222588E+04   1.1820097E-03   5.7729026E-03   1.0655443E-03
   6.0000000E-01   1.5262959E+04   3.4695778E+03   1.8732537E+04   1.1534126E-03   4.4134622E-03   1.2457483E-04
   6.5000000E-01   1.4754887E+04   3.0361866E+03   1.7791074E+04   3.0522033E-03   6.6146422E-04   2.4201634E-03
   7.0000000E-01   1.2946118E+04   2.5282900E+03   1.5474408E+04   1.0071780E-03   3.3493078E-03   7.8626752E-04
   7.5000000E-01   1.2295250E+04   2.4276434E+03   1.4722893E+04   1.8680740E-03   1.0290490E-03   1.5147939E-03
   8.0000000E-01   1.0802642E+04   1.9217959E+03   1.2724438E+04   1.0711990E-03   4.8501131E-03   4.8164398E-04
   8.5000000E-01   1.0302006E+04   1.6776803E+03   1.1975941E+04   6.5488004E-03   1.5710397E-03   5.4367629E-03
   9.0000000E-01   9.2415970E+03   1.7011895E+03   1.0939250E+04   8.7079567E-04   3.0205775E-03   9.4575312E-04
   9.5000000E-01   5.6357603E+03   1.0956561E+03   6.7314164E+03   2.5426284E-03   3.5441190E-03   1.9828691E-03
   1.0000000E+00   1.2386577E+03   9.4314040E+01   1.3329718E+03   1.0319558E-02   1.4106138E-02   8.6533466E-03
