   0.0000000E+00   3.2667762E+07   1.6830699E+07   4.9253489E+07   1.3802212E-04   1.5267548E-09   9.1543730E-05
   5.0000000E-02   9.2946487E+03   2.6101411E+03   1.1904790E+04   1.3876238E-01   4.2491755E-02   1.1764336E-01
   1.0000000E-01   4.2335215E+03   9.5492966E+02   5.1884511E+03   1.7708178E-01   6.3499781E-03   1.4565873E-01
   1.5000000E-01   2.4615965E+03   7.8516439E+02   3.2467608E+03   2.0020328E-01   2.7988974E-02   1.5855641E-01
   2.0000000E-01   2.0371833E+03   6.2070428E+02   2.6578875E+03   1.6903656E-01   3.0796560E-02   1.3675234E-01
   2.5000000E-01   1.2477748E+03   3.6923947E+02   1.6170142E+03   1.6544045E-01   3.0415557E-02   1.3460799E-01
   3.0000000E-01   1.2201879E+03   2.5464791E+02   1.4748358E+03   2.0747991E-01   2.0964072E-02   1.7496106E-01
   3.5000000E-01   9.4583509E+02   2.8193161E+02   1.2277667E+03   1.9647806E-01   4.4431154E-02   1.6156323E-01
   4.0000000E-01   7.8781697E+02   2.7852115E+02   1.0663381E+03   2.2997871E-01   5.5752161E-02   1.8443026E-01
   4.5000000E-01   6.1539911E+02   1.2732395E+02   7.4272307E+02   2.4351174E-01   4.0881545E-02   2.0877506E-01
   5.0000000E-01   4.7746483E+02   1.3369015E+02   6.1115498E+02   2.7194325E-01   1.9591224E-02   2.1674124E-01
   5.5000000E-01   4.3405894E+02   1.3311141E+02   5.6717034E+02   2.5790957E-01   1.9445142E-02   2.0194189E-01
   6.0000000E-01   3.9258219E+02   1.0610330E+02   4.9868549E+02   2.5042277E-01   2.9738808E-02   2.0346873E-01
   6.5000000E-01   4.2604554E+02   7.3456128E+01   4.9950167E+02   2.3964366E-01   5.5174765E-02   2.1251583E-01
   7.0000000E-01   2.9102618E+02   1.0458753E+02   3.9561372E+02   2.3902729E-01   4.4536556E-06   1.7583735E-01
   7.5000000E-01   2.2493899E+02   5.9417845E+01   2.8435683E+02   2.9650319E-01   4.2153251E-02   2.4330860E-01
   8.0000000E-01   2.0292255E+02   4.3767609E+01   2.4669016E+02   3.3625281E-01   7.8176087E-06   2.7659367E-01
   8.5000000E-01   1.9473075E+02   5.6172333E+01   2.5090309E+02   3.1908295E-01   5.5448864E-05   2.4765888E-01
   9.0000000E-01   1.4147106E+02   2.4757436E+01   1.6622850E+02   3.2775146E-01   1.3533323E-04   2.7891726E-01
   9.5000000E-01   9.7168281E+01   2.0103782E+01   1.1727206E+02   2.9282783E-01   3.4280555E-06   2.4262936E-01
   1.0000000E+00   1.8862808E+01   1.8862808E+01   3.7725616E+01   4.2209733E-01   1.4230266E-01   2.8220000E-01
