   0.0000000E+00   4.5327328E+04   1.6302050E+07   1.6346868E+07   2.3719446E-06   2.0647335E-05   2.0591922E-05
   5.0000000E-02   4.0489018E+04   8.0277753E+04   1.2076677E+05   1.4553892E-04   1.6846807E-03   1.0724975E-03
   1.0000000E-01   4.2207891E+04   2.2281692E+02   4.2430708E+04   7.9843069E-05   1.8481818E-01   1.0314662E-03
   1.5000000E-01   4.2971835E+04   8.4882636E+01   4.3056717E+04   1.1974056E-04   2.7118521E-01   5.5739066E-04
   2.0000000E-01   4.4340567E+04   0.0000000E+00   4.4340567E+04   2.6475199E-05   0.0000000E+00   2.6475199E-05
   2.5000000E-01   4.6345919E+04   1.2732395E+01   4.6358652E+04   1.8946652E-05   4.7513495E-01   1.1439254E-04
   3.0000000E-01   5.1109957E+04   0.0000000E+00   5.1109957E+04   4.3175855E-05   0.0000000E+00   4.3175855E-05
   3.5000000E-01   5.5704230E+04   1.8189136E+01   5.5713325E+04   3.7049698E-06   3.3257043E-01   1.1058984E-04
   4.0000000E-01   6.7179301E+04   0.0000000E+00   6.7179301E+04   9.9343179E-05   0.0000000E+00   9.9343179E-05
   4.5000000E-01   9.0272684E+04   0.0000000E+00   9.0272684E+04   6.6010198E-05   0.0000000E+00   6.5993567E-05
   5.0000000E-01   1.4428351E+05   6.3661977E+00   1.4426441E+05   5.7254488E-05   5.9407210E-01   5.5790845E-05
   5.5000000E-01   7.2921901E+03   0.0000000E+00   7.2921901E+03   1.0012371E-03   0.0000000E+00   1.0012371E-03
   6.0000000E-01   1.5915494E+01   0.0000000E+00   1.5915494E+01   1.3443110E-01   0.0000000E+00   1.3443110E-01
   6.5000000E-01   4.8970752E+00   0.0000000E+00   4.8970752E+00   3.9636894E-01   0.0000000E+00   3.9636894E-01
   7.0000000E-01   1.3641852E+01   0.0000000E+00   1.3641852E+01   2.7678164E-01   0.0000000E+00   2.7678164E-01
   7.5000000E-01   4.2441318E+00   0.0000000E+00   4.2441318E+00   9.1535097E-01   0.0000000E+00   9.1535097E-01
   8.0000000E-01   3.9788736E+00   0.0000000E+00   3.9788736E+00   5.8990163E-01   0.0000000E+00   5.8990163E-01
   8.5000000E-01   0.0000000E+00   0.0000000E+00   0.0000000E+00   0.0000000E+00   0.0000000E+00   0.0000000E+00
   9.0000000E-01   0.0000000E+00   0.0000000E+00   0.0000000E+00   0.0000000E+00   0.0000000E+00   0.0000000E+00
   9.5000000E-01   3.3506304E+00   0.0000000E+00   3.3506304E+00   6.5765843E-01   0.0000000E+00   6.5765843E-01
   1.0000000E+00   0.0000000E+00   0.0000000E+00   0.0000000E+00   0.0000000E+00   0.0000000E+00   0.0000000E+00
