   0.0000000E+00   3.3505553E+07   1.6750230E+07   4.9748525E+07   2.1430835E-05   5.7300182E-11   1.4433653E-05
   5.0000000E-02   1.2732395E+03   3.8197186E+02   1.6552114E+03   1.7629745E-01   1.1286827E-02   1.3821808E-01
   1.0000000E-01   8.2760570E+02   2.2281692E+02   1.0504226E+03   1.3891526E-01   1.5143415E-05   1.0944517E-01
   1.5000000E-01   2.9708923E+02   8.4882636E+01   3.8197186E+02   2.1552306E-01   1.0136741E-01   1.9015514E-01
   2.0000000E-01   3.1830989E+02   4.7746483E+01   3.6605637E+02   2.2431346E-01   1.1680725E-01   2.1029091E-01
   2.5000000E-01   1.7825354E+02   8.9126768E+01   2.6738030E+02   1.5384126E-01   5.9762924E-02   1.2248181E-01
   3.0000000E-01   2.0159626E+02   3.1830989E+01   2.3342725E+02   1.9264211E-01   6.0342875E-06   1.6637356E-01
   3.5000000E-01   8.1851114E+01   2.7283705E+01   1.0913482E+02   1.1781810E-01   9.3079982E-06   8.8365898E-02
   4.0000000E-01   7.9577472E+01   3.1830989E+01   1.1140846E+02   2.2151324E-01   1.3132081E-01   1.9574398E-01
   4.5000000E-01   1.1317685E+02   2.1220659E+01   1.3439751E+02   1.7781211E-01   9.2626452E-07   1.4973637E-01
   5.0000000E-01   3.8197186E+01   1.2732395E+01   5.0929582E+01   2.4906853E-01   9.9673893E-05   1.8682631E-01
   5.5000000E-01   5.7874525E+01   1.1574905E+01   6.9449430E+01   1.9747081E-01   9.2305385E-02   1.7994324E-01
   6.0000000E-01   5.3051648E+01   0.0000000E+00   5.3051648E+01   1.2000022E-01   0.0000000E+00   1.2000022E-01
   6.5000000E-01   2.9382451E+01   0.0000000E+00   2.9382451E+01   1.9129846E-01   0.0000000E+00   1.9129846E-01
   7.0000000E-01   5.0020125E+01   4.5472841E+00   5.4567409E+01   9.3103489E-02   1.2885155E-06   8.5344758E-02
   7.5000000E-01   4.6685450E+01   4.2441318E+00   5.0929582E+01   2.2077591E-01   2.2985393E-05   2.0237600E-01
   8.0000000E-01   2.3873241E+01   3.9788736E+00   2.7852115E+01   5.5474041E-02   8.5034460E-07   4.7549300E-02
   8.5000000E-01   1.1234467E+01   0.0000000E+00   1.1234467E+01   2.1913756E-01   0.0000000E+00   2.1913756E-01
   9.0000000E-01   1.0610330E+01   0.0000000E+00   1.0610330E+01   1.2893306E-01   0.0000000E+00   1.2893306E-01
   9.5000000E-01   6.7012608E+00   0.0000000E+00   6.7012608E+00   2.1424065E-01   0.0000000E+00   2.1424065E-01
   1.0000000E+00   0.0000000E+00   0.0000000E+00   0.0000000E+00   0.0000000E+00   0.0000000E+00   0.0000000E+00
