   0.0000000E+00   7.4306260E+05   1.0034655E+07   1.0777209E+07   8.7574281E-03   4.3703496E-05   6.1230727E-04
   5.0000000E-02   1.5743607E+05   2.1874255E+05   3.7617862E+05   1.1876687E-02   1.2350635E-03   5.6703501E-03
   1.0000000E-01   7.5757753E+04   7.6394373E+04   1.5212029E+05   5.4545634E-03   1.1878817E-03   2.4337976E-03
   1.5000000E-01   5.3391178E+04   4.0340473E+04   9.3689210E+04   7.0994707E-03   1.0135668E-03   3.6305097E-03
   2.0000000E-01   3.9979722E+04   2.3539016E+04   6.3518738E+04   6.0226117E-03   1.0034336E-03   4.0609109E-03
   2.5000000E-01   3.2365749E+04   1.4654987E+04   4.7020736E+04   4.3149804E-03   1.2687274E-03   3.2322530E-03
   3.0000000E-01   2.7109392E+04   9.4007520E+03   3.6510144E+04   6.1866480E-03   2.5152179E-03   4.2860981E-03
   3.5000000E-01   2.4036944E+04   6.0296987E+03   3.0066642E+04   5.4426435E-04   1.3361355E-03   6.2942277E-04
   4.0000000E-01   2.2210072E+04   3.9152116E+03   2.6125284E+04   4.5917975E-03   2.2140889E-03   3.6264172E-03
   4.5000000E-01   2.1581410E+04   2.6667295E+03   2.4248140E+04   2.0328631E-03   4.3033672E-03   1.9324384E-03
   5.0000000E-01   2.0244509E+04   1.6679438E+03   2.1912453E+04   2.1137592E-03   4.1953779E-04   1.9842274E-03
   5.5000000E-01   1.9885687E+04   1.0070167E+03   2.0892703E+04   9.5452407E-04   4.0103991E-03   1.0809600E-03
   6.0000000E-01   2.0095964E+04   6.1539911E+02   2.0706058E+04   8.1129484E-04   2.3374955E-02   1.0445439E-03
   6.5000000E-01   1.8716621E+04   4.7991337E+02   1.9196535E+04   5.6477935E-04   1.3765360E-03   5.8428881E-04
   7.0000000E-01   1.8434690E+04   3.3649902E+02   1.8771189E+04   1.9079975E-04   2.1921877E-02   5.0056296E-04
   7.5000000E-01   1.8135175E+04   1.3581222E+02   1.8270987E+04   4.2904609E-04   2.3480219E-02   5.9864784E-04
   8.0000000E-01   1.7642325E+04   6.3661977E+01   1.7702009E+04   6.9301859E-04   3.5830907E-02   7.4489254E-04
   8.5000000E-01   1.7102603E+04   3.3703400E+01   1.7136306E+04   5.2645040E-04   1.4369597E-01   5.7203085E-04
   9.0000000E-01   1.5972083E+04   2.8294212E+01   1.6003914E+04   1.5430394E-04   3.6866764E-02   1.3432645E-04
   9.5000000E-01   1.5382744E+04   2.0103782E+01   1.5402848E+04   2.5993272E-04   1.0903687E-05   2.5958408E-04
   1.0000000E+00   6.8471993E+03   1.8862808E+01   6.8660621E+03   3.2474400E-04   1.9876588E-05   3.2386748E-04
