   0.0000000E+00   2.6996243E+07   1.5624177E+07   4.2373412E+07   1.0892664E-03   1.3960476E-04   7.4544656E-04
   5.0000000E-02   7.8622542E+04   2.3427608E+04   1.0205015E+05   1.5727722E-01   3.2032440E-02   1.2852346E-01
   1.0000000E-01   3.6987609E+04   9.6129586E+03   4.6600567E+04   1.6564199E-01   2.2088326E-02   1.3595062E-01
   1.5000000E-01   2.2409016E+04   5.5810333E+03   2.7990049E+04   1.7131704E-01   2.4207503E-02   1.4196878E-01
   2.0000000E-01   1.5644931E+04   3.3104228E+03   1.8955354E+04   1.7032315E-01   2.3667948E-02   1.4469946E-01
   2.5000000E-01   1.1662874E+04   2.8393242E+03   1.4502198E+04   1.6823997E-01   1.7313065E-02   1.3868762E-01
   3.0000000E-01   9.6129586E+03   2.0584039E+03   1.1671362E+04   1.6926799E-01   1.1587298E-02   1.4145860E-01
   3.5000000E-01   7.6212481E+03   1.6370223E+03   9.2582704E+03   1.6421798E-01   2.0379047E-02   1.3878477E-01
   4.0000000E-01   6.2547893E+03   1.1618311E+03   7.4166203E+03   1.6596190E-01   1.3836973E-02   1.4213072E-01
   4.5000000E-01   4.7817218E+03   9.6200321E+02   5.7437251E+03   1.5918147E-01   1.9640732E-02   1.3580624E-01
   5.0000000E-01   4.3481130E+03   7.0664795E+02   5.0547610E+03   1.5843919E-01   2.3739289E-03   1.3662130E-01
   5.5000000E-01   3.5824331E+03   6.4819468E+02   4.2306278E+03   1.6185841E-01   8.8734116E-03   1.3820389E-01
   6.0000000E-01   2.9496716E+03   5.0929582E+02   3.4589674E+03   1.5256194E-01   1.0930886E-02   1.3170392E-01
   6.5000000E-01   2.8158182E+03   4.7011922E+02   3.2859374E+03   1.3328883E-01   1.2463673E-02   1.1600235E-01
   7.0000000E-01   2.1463181E+03   3.1830989E+02   2.4646280E+03   1.5390606E-01   6.0116456E-05   1.3403666E-01
   7.5000000E-01   1.8377091E+03   2.6738030E+02   2.1050894E+03   1.3574694E-01   4.3011700E-03   1.1905121E-01
   8.0000000E-01   1.4522889E+03   2.1485917E+02   1.6671480E+03   1.3404165E-01   9.9993324E-03   1.1805384E-01
   8.5000000E-01   1.3556256E+03   1.3855842E+02   1.4941841E+03   1.2538490E-01   7.7263211E-06   1.1375703E-01
   9.0000000E-01   8.9480446E+02   1.1671362E+02   1.0115181E+03   1.3888240E-01   3.8240877E-05   1.2285309E-01
   9.5000000E-01   6.1651599E+02   6.7012608E+01   6.8352860E+02   1.2363010E-01   2.9569105E-02   1.1405635E-01
   1.0000000E+00   2.6407931E+02   2.5150411E+01   2.8922972E+02   1.0500962E-01   6.2486873E-05   9.5872915E-02
