   0.0000000E+00   3.2081053E+07   1.6556188E+07   4.8013863E+07   1.5432722E-04   1.6419872E-05   1.0877523E-04
   5.0000000E-02   1.3750987E+04   3.6287327E+03   1.7379720E+04   1.5940430E-01   2.8203747E-02   1.3199949E-01
   1.0000000E-01   6.7481696E+03   1.8780283E+03   8.6261979E+03   1.7517959E-01   5.1824416E-02   1.4828332E-01
   1.5000000E-01   4.2016905E+03   1.2307982E+03   5.4324887E+03   1.8195153E-01   3.1759187E-02   1.4788690E-01
   2.0000000E-01   3.0398594E+03   8.1169021E+02   3.8515496E+03   1.9176646E-01   6.0815501E-02   1.6404933E-01
   2.5000000E-01   2.2154368E+03   7.1301415E+02   2.9284510E+03   1.9384175E-01   4.4371768E-02   1.5744785E-01
   3.0000000E-01   1.4748358E+03   5.0929582E+02   1.9841316E+03   2.0040016E-01   3.4420233E-02   1.5779538E-01
   3.5000000E-01   1.4551309E+03   4.2744470E+02   1.8825756E+03   2.0089602E-01   1.9868669E-02   1.5979297E-01
   4.0000000E-01   1.3130283E+03   3.2626763E+02   1.6392959E+03   2.1445539E-01   3.3405314E-02   1.7841984E-01
   4.5000000E-01   1.0468858E+03   2.4050080E+02   1.2873867E+03   2.2217910E-01   3.5740372E-02   1.8730469E-01
   5.0000000E-01   8.2123951E+02   2.6101411E+02   1.0822536E+03   2.4271552E-01   4.1421117E-02   1.9415794E-01
   5.5000000E-01   7.9288099E+02   1.6204867E+02   9.5492966E+02   2.0817058E-01   4.3125918E-02   1.8016247E-01
   6.0000000E-01   5.6234747E+02   1.7507044E+02   7.3741790E+02   2.3985815E-01   2.2074685E-02   1.8815416E-01
   6.5000000E-01   5.6806072E+02   1.0773565E+02   6.7579637E+02   2.6561254E-01   4.9107879E-02   2.3109277E-01
   7.0000000E-01   4.5018112E+02   1.0913482E+02   5.5931594E+02   2.5151305E-01   2.5819787E-02   2.0747530E-01
   7.5000000E-01   3.7772773E+02   8.4882636E+01   4.6261037E+02   2.4852733E-01   1.6984324E-02   2.0604212E-01
   8.0000000E-01   3.1830989E+02   7.5598598E+01   3.9390848E+02   2.7038724E-01   2.0976265E-02   2.2252044E-01
   8.5000000E-01   2.6588238E+02   1.0485502E+02   3.7073740E+02   2.8167649E-01   1.1709422E-05   2.0200711E-01
   9.0000000E-01   1.6269172E+02   2.1220659E+01   1.8391238E+02   3.1733255E-01   2.4750664E-05   2.8071440E-01
   9.5000000E-01   1.2062269E+02   3.6856934E+01   1.5747963E+02   2.5578221E-01   1.5292007E-05   1.9592187E-01
   1.0000000E+00   5.0300822E+01   1.8862808E+01   6.9163630E+01   2.6533300E-01   1.8365441E-05   1.9297446E-01
