   0.0000000E+00   1.6133473E+07   1.0954953E+07   2.7074675E+07   1.7832269E-04   6.7663440E-04   3.8049522E-04
   5.0000000E-02   2.3675889E+05   1.0835269E+05   3.4504792E+05   1.0202193E-02   7.5061117E-03   9.2879894E-03
   1.0000000E-01   7.6617190E+04   3.3836341E+04   1.1042170E+05   3.0890188E-03   7.3668326E-03   1.9980261E-03
   1.5000000E-01   5.0653713E+04   2.0902349E+04   7.1556062E+04   7.0562161E-03   4.7490502E-03   6.2821164E-03
   2.0000000E-01   3.7449158E+04   1.5374368E+04   5.2823526E+04   2.4020075E-03   5.7946359E-03   1.0033922E-03
   2.5000000E-01   2.7871214E+04   1.0542423E+04   3.8400905E+04   4.0165325E-03   8.1117390E-03   4.7635136E-03
   3.0000000E-01   2.2907701E+04   8.4882636E+03   3.1395965E+04   2.4493463E-03   1.8500980E-03   1.4103741E-03
   3.5000000E-01   1.9089499E+04   6.6481293E+03   2.5737628E+04   4.3591120E-03   3.3688533E-03   3.6511867E-03
   4.0000000E-01   1.5215213E+04   5.5226765E+03   2.0737889E+04   6.1640886E-03   5.0536863E-03   3.5127911E-03
   4.5000000E-01   1.4005635E+04   4.6331772E+03   1.8638812E+04   6.3687659E-03   3.7197115E-03   5.6965347E-03
   5.0000000E-01   1.1497353E+04   3.3740848E+03   1.4871438E+04   3.1090619E-03   3.9114255E-03   1.5162790E-03
   5.5000000E-01   1.0099105E+04   2.8474266E+03   1.2946531E+04   4.2686727E-03   5.7538408E-03   4.4426894E-03
   6.0000000E-01   8.5731463E+03   2.5836152E+03   1.1156762E+04   2.8468113E-03   7.2565100E-03   3.3864632E-03
   6.5000000E-01   7.4484513E+03   2.1449189E+03   9.5933703E+03   3.7636780E-03   3.6582870E-03   2.4874587E-03
   7.0000000E-01   6.5117108E+03   2.0280887E+03   8.5397995E+03   2.4681224E-03   1.9585061E-03   2.3425962E-03
   7.5000000E-01   5.7465545E+03   1.5278875E+03   7.2744419E+03   3.2998615E-03   2.8007650E-03   3.0582187E-03
   8.0000000E-01   5.1446835E+03   1.3209860E+03   6.4656696E+03   5.5948048E-03   2.0285733E-03   4.7980339E-03
   8.5000000E-01   3.9807460E+03   9.6616413E+02   4.9469101E+03   6.1330085E-03   4.3835484E-03   5.7813518E-03
   9.0000000E-01   3.1300472E+03   7.1089208E+02   3.8409393E+03   5.4628042E-03   7.5191209E-03   5.8336789E-03
   9.5000000E-01   2.0807415E+03   4.6238699E+02   2.5431285E+03   6.1051635E-03   1.3319206E-02   4.9113580E-03
   1.0000000E+00   6.6648589E+02   1.5090246E+02   8.1738835E+02   2.1500812E-02   3.3550389E-02   1.3316495E-02
