   0.0000000E+00   3.2935651E+07   1.6640222E+07   4.9264694E+07   1.0607074E-04   4.8645478E-05   8.2654721E-05
   5.0000000E-02   1.0058592E+04   2.9921129E+03   1.3050705E+04   1.1930409E-01   1.2176728E-01   1.1986881E-01
   1.0000000E-01   4.1380285E+03   1.2414086E+03   5.3794371E+03   1.5465090E-01   6.2372957E-02   1.3335597E-01
   1.5000000E-01   2.1432866E+03   8.0638504E+02   2.9496716E+03   1.6369364E-01   1.1651293E-01   1.5079324E-01
   2.0000000E-01   2.2600002E+03   7.6394373E+02   3.0239439E+03   1.3515007E-01   9.7395219E-02   1.2559542E-01
   2.5000000E-01   1.7443382E+03   4.8383103E+02   2.2281692E+03   1.5591413E-01   7.9677141E-02   1.3935908E-01
   3.0000000E-01   1.3793428E+03   3.1830989E+02   1.6976527E+03   1.8089847E-01   9.7136300E-02   1.6519306E-01
   3.5000000E-01   1.0276862E+03   2.8193161E+02   1.3096178E+03   1.4598047E-01   9.8164935E-02   1.3568685E-01
   4.0000000E-01   8.4352120E+02   1.6711269E+02   1.0106339E+03   1.6218795E-01   8.2703016E-02   1.4904017E-01
   4.5000000E-01   7.3564951E+02   1.2025040E+02   8.5589992E+02   1.4030985E-01   1.2067106E-01   1.3749469E-01
   5.0000000E-01   5.3476061E+02   1.2095776E+02   6.5571837E+02   1.7038863E-01   8.8960053E-02   1.5536566E-01
   5.5000000E-01   4.5142129E+02   1.1574905E+02   5.6717034E+02   1.8030779E-01   7.7784989E-02   1.5938477E-01
   6.0000000E-01   3.4483571E+02   4.7746483E+01   3.9258219E+02   1.6352487E-01   4.2684818E-02   1.4882800E-01
   6.5000000E-01   2.3505961E+02   6.3661977E+01   2.9872159E+02   1.6867919E-01   5.5508448E-02   1.4456083E-01
   7.0000000E-01   2.2736420E+02   5.9114693E+01   2.8647890E+02   1.1183121E-01   8.2327574E-02   1.0574316E-01
   7.5000000E-01   2.4191551E+02   2.1220659E+01   2.6313617E+02   1.8145753E-01   1.7272693E-05   1.6682525E-01
   8.0000000E-01   1.5915494E+02   2.7852115E+01   1.8700706E+02   1.9292107E-01   1.0959413E-01   1.8051068E-01
   8.5000000E-01   1.5728253E+02   2.2468933E+01   1.7975147E+02   2.0130599E-01   7.0500510E-02   1.8495530E-01
   9.0000000E-01   7.7809083E+01   1.4147106E+01   9.1956189E+01   1.9298783E-01   9.9361443E-02   1.7858358E-01
   9.5000000E-01   6.3661977E+01   6.7012608E+00   7.0363238E+01   1.0761582E-01   5.6047146E-05   9.7372030E-02
   1.0000000E+00   1.2575205E+01   0.0000000E+00   1.2575205E+01   9.5243324E-06   0.0000000E+00   9.5243324E-06
