   0.0000000E+00   1.4124810E+07   9.8039445E+06   2.3901253E+07   1.9361234E-03   6.1940428E-05   1.1606441E-03
   5.0000000E-02   3.9374933E+05   2.0199945E+05   5.9568512E+05   4.3081217E-03   1.1440790E-03   3.1205977E-03
   1.0000000E-01   1.2159438E+05   5.7614089E+04   1.7917663E+05   4.6269058E-03   1.7184325E-03   3.6873565E-03
   1.5000000E-01   7.0197940E+04   3.5459721E+04   1.0563644E+05   1.8459247E-03   1.7031729E-03   1.7938822E-03
   2.0000000E-01   4.6202680E+04   2.2966058E+04   6.9168738E+04   2.4867465E-03   1.7862832E-03   1.0977990E-03
   2.5000000E-01   3.3397073E+04   1.5749973E+04   4.9134314E+04   3.2838403E-03   2.1782755E-03   1.6135471E-03
   3.0000000E-01   2.4838781E+04   1.0705823E+04   3.5544604E+04   4.3524468E-03   1.4660102E-03   2.9595819E-03
   3.5000000E-01   1.8471068E+04   7.6758155E+03   2.6146884E+04   5.6948404E-03   2.1010119E-03   4.5787935E-03
   4.0000000E-01   1.4411480E+04   5.0133807E+03   1.9424861E+04   2.7607340E-03   4.3442128E-04   1.9866868E-03
   4.5000000E-01   1.1452082E+04   3.8621600E+03   1.5307169E+04   8.3295779E-03   1.1089310E-03   6.3880914E-03
   5.0000000E-01   9.6829867E+03   2.6419721E+03   1.2324959E+04   2.8535370E-03   5.6050256E-03   1.0554838E-03
   5.5000000E-01   8.7043285E+03   1.9330091E+03   1.0637338E+04   3.8607659E-03   2.5821789E-03   3.0690502E-03
   6.0000000E-01   7.5545546E+03   1.4748358E+03   9.0293904E+03   7.1744287E-03   5.9380896E-03   6.9642155E-03
   6.5000000E-01   6.6943018E+03   1.0577682E+03   7.7520700E+03   3.1120972E-03   4.5330745E-03   2.5809995E-03
   7.0000000E-01   5.7432198E+03   6.5026162E+02   6.3934814E+03   1.5633654E-03   1.0166998E-02   2.1643064E-03
   7.5000000E-01   5.1311554E+03   4.3714558E+02   5.5683009E+03   1.4609863E-03   5.4768278E-03   1.0891720E-03
   8.0000000E-01   4.6075356E+03   2.6260566E+02   4.8701413E+03   3.9357838E-03   8.8913667E-03   3.5392974E-03
   8.5000000E-01   4.1829664E+03   1.9473075E+02   4.3776971E+03   1.9032180E-03   9.8837619E-03   1.8897787E-03
   9.0000000E-01   3.3740848E+03   1.7330205E+02   3.5473868E+03   1.5064897E-03   2.2515439E-02   1.6937021E-03
   9.5000000E-01   2.0974946E+03   4.6908825E+01   2.1444034E+03   4.8393466E-03   2.0437072E-02   4.5493486E-03
   1.0000000E+00   7.8595034E+02   2.5150411E+01   8.1110075E+02   1.1770423E-02   4.6412604E-06   1.1405305E-02
