   0.0000000E+00   2.6992678E+04   1.6150789E+07   1.6175744E+07   1.4604280E-05   1.2703909E-04   1.2685654E-04
   5.0000000E-02   2.6292397E+04   9.0145360E+04   1.1643776E+05   6.5188804E-04   1.2024341E-02   9.4424807E-03
   1.0000000E-01   2.8170425E+04   1.5915494E+03   2.9761974E+04   4.3216318E-04   1.7530092E-01   9.7710237E-03
   1.5000000E-01   2.7247326E+04   7.2150241E+02   2.7968829E+04   1.3164459E-03   2.5748001E-01   5.4555557E-03
   2.0000000E-01   2.7995354E+04   3.8197186E+02   2.8377326E+04   7.5633697E-04   2.5648281E-01   2.8439670E-03
   2.5000000E-01   2.8533298E+04   1.7825354E+02   2.8711552E+04   5.3922465E-04   3.8725327E-01   2.1941313E-03
   3.0000000E-01   2.9178406E+04   1.5915494E+02   2.9337561E+04   4.2275235E-04   3.6384919E-01   2.3455253E-03
   3.5000000E-01   3.0430425E+04   4.5472841E+01   3.0475898E+04   1.9601220E-04   4.6810432E-01   5.1647504E-04
   4.0000000E-01   3.4186482E+04   3.1830989E+01   3.4218313E+04   4.6074564E-04   5.9944156E-01   4.4117137E-04
   4.5000000E-01   3.8154745E+04   2.1220659E+01   3.8175966E+04   1.5595903E-04   5.4415007E-01   3.0350234E-04
   5.0000000E-01   4.2137863E+04   1.9098593E+01   4.2156961E+04   1.1599070E-04   6.0506159E-01   1.9339961E-04
   5.5000000E-01   5.3279287E+04   2.8937262E+01   5.3308225E+04   2.5125253E-04   4.6724991E-01   1.4244019E-04
   6.0000000E-01   8.3386580E+04   1.5915494E+01   8.3402495E+04   2.5018867E-04   4.6802848E-01   1.9688067E-04
   6.5000000E-01   6.1649279E+04   2.4485376E+01   6.1673765E+04   1.2730241E-04   4.9362727E-01   3.0802400E-04
   7.0000000E-01   3.1830989E+02   2.7283705E+01   3.4559359E+02   4.3245423E-02   5.4884982E-01   7.9313324E-02
   7.5000000E-01   6.7906109E+01   0.0000000E+00   6.7906109E+01   1.3233120E-01   0.0000000E+00   1.3233120E-01
   8.0000000E-01   3.1830989E+01   1.9894368E+01   5.1725357E+01   1.9405514E-01   5.9231856E-01   3.3986354E-01
   8.5000000E-01   2.2468933E+01   3.7448222E+00   2.6213755E+01   2.2777394E-01   6.1884904E-01   2.8173455E-01
   9.0000000E-01   2.1220659E+01   3.5367765E+00   2.4757436E+01   4.0551089E-01   8.5066599E-01   4.6668924E-01
   9.5000000E-01   1.0051891E+01   0.0000000E+00   1.0051891E+01   5.4285041E-01   0.0000000E+00   5.4285041E-01
   1.0000000E+00   0.0000000E+00   0.0000000E+00   0.0000000E+00   0.0000000E+00   0.0000000E+00   0.0000000E+00
