   0.0000000E+00   3.2593404E+07   1.6895379E+07   4.8935689E+07   2.4156147E-03   7.1067216E-09   1.5970740E-03
   5.0000000E-02   6.6208456E+03   1.5915494E+03   8.2123951E+03   3.3479860E-01   2.8252591E-05   2.6990969E-01
   1.0000000E-01   3.1830989E+02   0.0000000E+00   3.1830989E+02   1.8016721E-08   0.0000000E+00   1.8016721E-08
   1.5000000E-01   2.7586857E+02   0.0000000E+00   2.7586857E+02   5.1756478E-07   0.0000000E+00   5.1756478E-07
   2.0000000E-01   3.3422538E+02   0.0000000E+00   3.3422538E+02   3.5075283E-07   0.0000000E+00   3.5075283E-07
   2.5000000E-01   2.4191551E+02   0.0000000E+00   2.4191551E+02   1.2295650E-06   0.0000000E+00   1.2295650E-06
   3.0000000E-01   3.0769956E+02   0.0000000E+00   3.0769956E+02   3.7311771E-07   0.0000000E+00   3.7311771E-07
   3.5000000E-01   4.6382298E+02   0.0000000E+00   4.6382298E+02   5.0564604E-07   0.0000000E+00   5.0564604E-07
   4.0000000E-01   3.5014087E+02   0.0000000E+00   3.5014087E+02   5.1944438E-07   0.0000000E+00   5.1944438E-07
   4.5000000E-01   2.6879501E+02   0.0000000E+00   2.6879501E+02   8.8170095E-09   0.0000000E+00   8.8170095E-09
   5.0000000E-01   2.6738030E+02   0.0000000E+00   2.6738030E+02   1.7014296E-06   0.0000000E+00   1.7014296E-06
   5.5000000E-01   3.8775932E+02   0.0000000E+00   3.8775932E+02   4.6416652E-06   0.0000000E+00   4.6416652E-06
   6.0000000E-01   4.4563384E+02   0.0000000E+00   4.4563384E+02   1.3546960E-05   0.0000000E+00   1.3546960E-05
   6.5000000E-01   3.8686894E+02   0.0000000E+00   3.8686894E+02   1.0545947E-05   0.0000000E+00   1.0545947E-05
   7.0000000E-01   4.6837026E+02   0.0000000E+00   4.6837026E+02   1.4675698E-04   0.0000000E+00   1.4675698E-04
   7.5000000E-01   5.3051648E+02   0.0000000E+00   5.3051648E+02   4.5222573E-05   0.0000000E+00   4.5222573E-05
   8.0000000E-01   5.2919019E+02   0.0000000E+00   5.2919019E+02   1.4367503E-05   0.0000000E+00   1.4367503E-05
   8.5000000E-01   8.7254357E+02   0.0000000E+00   8.7254357E+02   8.6991247E-06   0.0000000E+00   8.6991247E-06
   9.0000000E-01   1.3439751E+03   0.0000000E+00   1.3439751E+03   2.6363849E-05   0.0000000E+00   2.6363849E-05
   9.5000000E-01   4.0207565E+02   0.0000000E+00   4.0207565E+02   1.9069400E-05   0.0000000E+00   1.9069400E-05
   1.0000000E+00   0.0000000E+00   0.0000000E+00   0.0000000E+00   0.0000000E+00   0.0000000E+00   0.0000000E+00
