   0.0000000E+00   3.3140897E+07   1.6969227E+07   4.9672640E+07   8.8066057E-04   1.1837862E-08   5.7894151E-04
   5.0000000E-02   1.4642255E+03   6.3661977E+01   1.5278875E+03   2.7536835E-01   3.1958676E-06   2.6389480E-01
   1.0000000E-01   1.5915494E+02   0.0000000E+00   1.5915494E+02   9.5880594E-07   0.0000000E+00   9.5880594E-07
   1.5000000E-01   2.3342725E+02   0.0000000E+00   2.3342725E+02   1.0139632E-06   0.0000000E+00   1.0139632E-06
   2.0000000E-01   2.0690143E+02   0.0000000E+00   2.0690143E+02   4.6940642E-06   0.0000000E+00   4.6940642E-06
   2.5000000E-01   2.2918312E+02   0.0000000E+00   2.2918312E+02   1.5253913E-06   0.0000000E+00   1.5253913E-06
   3.0000000E-01   2.9708923E+02   0.0000000E+00   2.9708923E+02   6.8595190E-07   0.0000000E+00   6.8595190E-07
   3.5000000E-01   3.1830989E+02   0.0000000E+00   3.1830989E+02   7.8222615E-07   0.0000000E+00   7.8222615E-07
   4.0000000E-01   2.7056340E+02   0.0000000E+00   2.7056340E+02   1.0686382E-05   0.0000000E+00   1.0686382E-05
   4.5000000E-01   1.8391238E+02   0.0000000E+00   1.8391238E+02   3.2542009E-06   0.0000000E+00   3.2542009E-06
   5.0000000E-01   2.8647890E+02   0.0000000E+00   2.8647890E+02   9.6181190E-07   0.0000000E+00   9.6181190E-07
   5.5000000E-01   4.1090913E+02   0.0000000E+00   4.1090913E+02   5.1630377E-06   0.0000000E+00   5.1630377E-06
   6.0000000E-01   3.5544604E+02   0.0000000E+00   3.5544604E+02   1.1548471E-05   0.0000000E+00   1.1548471E-05
   6.5000000E-01   5.1908997E+02   0.0000000E+00   5.1908997E+02   7.9749208E-05   0.0000000E+00   7.9749208E-05
   7.0000000E-01   1.0094971E+03   0.0000000E+00   1.0094971E+03   3.4852715E-05   0.0000000E+00   3.4852715E-05
   7.5000000E-01   9.3370900E+01   0.0000000E+00   9.3370900E+01   3.3995614E-05   0.0000000E+00   3.3995614E-05
   8.0000000E-01   0.0000000E+00   0.0000000E+00   0.0000000E+00   0.0000000E+00   0.0000000E+00   0.0000000E+00
   8.5000000E-01   0.0000000E+00   0.0000000E+00   0.0000000E+00   0.0000000E+00   0.0000000E+00   0.0000000E+00
   9.0000000E-01   0.0000000E+00   0.0000000E+00   0.0000000E+00   0.0000000E+00   0.0000000E+00   0.0000000E+00
   9.5000000E-01   0.0000000E+00   0.0000000E+00   0.0000000E+00   0.0000000E+00   0.0000000E+00   0.0000000E+00
   1.0000000E+00   0.0000000E+00   0.0000000E+00   0.0000000E+00   0.0000000E+00   0.0000000E+00   0.0000000E+00
