   0.0000000E+00   2.7265661E+07   1.3098579E+07   4.0200247E+07   1.0040154E-02   2.1960364E-05   6.7379471E-03
   5.0000000E-02   7.9214598E+05   4.7587328E+05   1.2661094E+06   6.8962343E-03   1.5483981E-04   4.4470664E-03
   1.0000000E-01   4.5200004E+03   4.3608454E+03   8.8808458E+03   3.8724477E-02   9.6187438E-03   2.4429682E-02
   1.5000000E-01   2.9708923E+02   1.4854461E+02   4.4563384E+02   1.2845542E-01   7.0244306E-02   1.0888903E-01
   2.0000000E-01   9.5492966E+01   9.5492966E+01   1.9098593E+02   9.6856022E-02   2.4378545E-01   1.7028748E-01
   2.5000000E-01   5.0929582E+01   6.3661977E+01   1.1459156E+02   1.2696844E-01   2.4877259E-01   1.9238943E-01
   3.0000000E-01   3.1830989E+01   3.1830989E+01   6.3661977E+01   5.6653178E-06   3.0843829E-01   1.5421655E-01
   3.5000000E-01   6.3661977E+01   1.8189136E+01   8.1851114E+01   8.0126897E-02   1.1377217E-01   3.7423020E-02
   4.0000000E-01   1.5915494E+01   7.9577472E+00   2.3873241E+01   1.0166712E-06   2.3157209E-01   7.7191212E-02
   4.5000000E-01   3.5367765E+01   7.0735530E+00   4.2441318E+01   2.1208098E-02   4.2841595E-01   6.4135266E-02
   5.0000000E-01   1.9098593E+01   6.3661977E+00   2.5464791E+01   2.0962002E-02   2.6461295E-01   5.1257467E-02
   5.5000000E-01   2.8937262E+01   1.1574905E+01   4.0512167E+01   9.1802343E-06   4.8856267E-01   1.3958927E-01
   6.0000000E-01   5.8356812E+01   0.0000000E+00   5.8356812E+01   2.3131899E-06   0.0000000E+00   2.3131899E-06
   6.5000000E-01   3.9176601E+01   4.8970752E+00   4.4073677E+01   3.2383693E-06   2.6587003E-01   2.9541968E-02
   7.0000000E-01   3.6378273E+01   0.0000000E+00   3.6378273E+01   8.1950632E-02   0.0000000E+00   8.1950632E-02
   7.5000000E-01   8.4882636E+00   4.2441318E+00   1.2732395E+01   6.3285390E-02   4.6984922E-01   1.1820088E-01
   8.0000000E-01   3.5809862E+01   0.0000000E+00   3.5809862E+01   5.5206578E-05   0.0000000E+00   5.5206578E-05
   8.5000000E-01   4.8682688E+01   0.0000000E+00   4.8682688E+01   4.7877474E-02   0.0000000E+00   4.7877474E-02
   9.0000000E-01   2.8294212E+01   3.5367765E+00   3.1830989E+01   2.0078545E-05   6.8176209E-01   7.5738612E-02
   9.5000000E-01   3.0155673E+01   0.0000000E+00   3.0155673E+01   2.4190409E-02   0.0000000E+00   2.4190409E-02
   1.0000000E+00   1.2575205E+01   0.0000000E+00   1.2575205E+01   8.4627111E-07   0.0000000E+00   8.4627111E-07
