   0.0000000E+00   3.3249377E+07   1.6706940E+07   4.9597773E+07   3.0404466E-05   7.9130147E-05   4.6985811E-05
   5.0000000E-02   4.7109863E+03   1.5278875E+03   6.2388738E+03   1.3147702E-01   1.1208964E-01   1.2659328E-01
   1.0000000E-01   2.1963382E+03   7.3211274E+02   2.9284510E+03   1.9536309E-01   8.6248667E-02   1.6796878E-01
   1.5000000E-01   1.4217842E+03   6.1539911E+02   2.0371833E+03   1.2297491E-01   1.5130001E-01   1.3147796E-01
   2.0000000E-01   1.1300001E+03   5.2521131E+02   1.6552114E+03   1.4672993E-01   9.2272752E-02   1.2937038E-01
   2.5000000E-01   6.4935217E+02   3.9470426E+02   1.0440564E+03   1.5024825E-01   1.4331265E-01   1.4755445E-01
   3.0000000E-01   7.5333340E+02   1.9098593E+02   9.4431933E+02   1.5342398E-01   1.0792475E-01   1.4346676E-01
   3.5000000E-01   4.9110668E+02   2.7283705E+02   7.6394373E+02   1.9023290E-01   1.2063423E-01   1.6537422E-01
   4.0000000E-01   4.2971835E+02   1.5119720E+02   5.8091554E+02   1.5033386E-01   2.1992830E-01   1.6831575E-01
   4.5000000E-01   3.5367765E+02   1.3439751E+02   4.8807516E+02   1.7471129E-01   1.4223778E-01   1.6576787E-01
   5.0000000E-01   2.6101411E+02   1.6552114E+02   4.2653525E+02   2.0647654E-01   9.5979960E-02   1.6342400E-01
   5.5000000E-01   2.3149810E+02   6.3661977E+01   2.9516008E+02   1.6636902E-01   2.0427018E-01   1.7450134E-01
   6.0000000E-01   1.7507044E+02   1.0079813E+02   2.7586857E+02   2.0245270E-01   9.2658108E-02   1.6200240E-01
   6.5000000E-01   2.3505961E+02   7.8353203E+01   3.1341281E+02   2.0443781E-01   1.3311056E-01   1.8658240E-01
   7.0000000E-01   1.7279680E+02   4.5472841E+01   2.1826964E+02   2.1886406E-01   2.1081070E-01   2.1679802E-01
   7.5000000E-01   1.1034743E+02   4.6685450E+01   1.5703288E+02   2.0638146E-01   2.4227404E-01   2.1704049E-01
   8.0000000E-01   9.1514092E+01   4.7746483E+01   1.3926058E+02   2.3439091E-01   1.1754692E-01   1.9339554E-01
   8.5000000E-01   7.8641266E+01   5.2427511E+01   1.3106878E+02   2.5170065E-01   3.0628875E-01   2.7353589E-01
   9.0000000E-01   7.0735530E+01   1.7683883E+01   8.8419413E+01   2.1265660E-01   8.2035275E-02   1.8648421E-01
   9.5000000E-01   4.3558195E+01   1.6753152E+01   6.0311347E+01   2.8288553E-01   1.6408538E-01   2.4988549E-01
   1.0000000E+00   1.2575205E+01   1.2575205E+01   2.5150411E+01   4.2625034E-01   2.1421665E-01   3.2023349E-01
