   0.0000000E+00   3.0908145E+07   1.6165049E+07   4.6553712E+07   7.6173498E-03   4.4387423E-08   4.9984879E-03
   5.0000000E-02   2.4115157E+05   6.6017470E+04   3.0685073E+05   2.4332888E-01   2.7276217E-06   1.9101253E-01
   1.0000000E-01   3.1640003E+04   8.1805641E+03   3.9820567E+04   2.9146915E-01   3.2450525E-06   2.3159166E-01
   1.5000000E-01   3.8197186E+03   1.0822536E+03   4.9019722E+03   3.1145631E-01   4.4287906E-06   2.4269304E-01
   2.0000000E-01   1.7507044E+02   6.3661977E+01   2.3873241E+02   3.3262210E-01   1.6559236E-05   2.4392685E-01
   2.5000000E-01   1.2732395E+01   0.0000000E+00   1.2732395E+01   4.1881415E-01   0.0000000E+00   4.1881415E-01
   3.0000000E-01   0.0000000E+00   0.0000000E+00   0.0000000E+00   0.0000000E+00   0.0000000E+00   0.0000000E+00
   3.5000000E-01   0.0000000E+00   0.0000000E+00   0.0000000E+00   0.0000000E+00   0.0000000E+00   0.0000000E+00
   4.0000000E-01   0.0000000E+00   0.0000000E+00   0.0000000E+00   0.0000000E+00   0.0000000E+00   0.0000000E+00
   4.5000000E-01   0.0000000E+00   0.0000000E+00   0.0000000E+00   0.0000000E+00   0.0000000E+00   0.0000000E+00
   5.0000000E-01   0.0000000E+00   0.0000000E+00   0.0000000E+00   0.0000000E+00   0.0000000E+00   0.0000000E+00
   5.5000000E-01   0.0000000E+00   0.0000000E+00   0.0000000E+00   0.0000000E+00   0.0000000E+00   0.0000000E+00
   6.0000000E-01   0.0000000E+00   0.0000000E+00   0.0000000E+00   0.0000000E+00   0.0000000E+00   0.0000000E+00
   6.5000000E-01   0.0000000E+00   0.0000000E+00   0.0000000E+00   0.0000000E+00   0.0000000E+00   0.0000000E+00
   7.0000000E-01   0.0000000E+00   0.0000000E+00   0.0000000E+00   0.0000000E+00   0.0000000E+00   0.0000000E+00
   7.5000000E-01   0.0000000E+00   0.0000000E+00   0.0000000E+00   0.0000000E+00   0.0000000E+00   0.0000000E+00
   8.0000000E-01   0.0000000E+00   0.0000000E+00   0.0000000E+00   0.0000000E+00   0.0000000E+00   0.0000000E+00
   8.5000000E-01   0.0000000E+00   0.0000000E+00   0.0000000E+00   0.0000000E+00   0.0000000E+00   0.0000000E+00
   9.0000000E-01   0.0000000E+00   0.0000000E+00   0.0000000E+00   0.0000000E+00   0.0000000E+00   0.0000000E+00
   9.5000000E-01   0.0000000E+00   0.0000000E+00   0.0000000E+00   0.0000000E+00   0.0000000E+00   0.0000000E+00
   1.0000000E+00   6.2876027E+00   0.0000000E+00   6.2876027E+00   2.2246810E-01   0.0000000E+00   2.2246810E-01
