   0.0000000E+00   3.4621930E+06   9.0461123E+06   1.2493536E+07   5.2039992E-05   3.4160238E-05   2.3914146E-05
   5.0000000E-02   1.4069297E+05   1.3203494E+05   2.7266425E+05   3.9551488E-03   4.7130551E-04   2.1628574E-03
   1.0000000E-01   8.2760570E+04   5.0770427E+04   1.3349917E+05   1.8233790E-03   7.1866048E-04   8.8047026E-04
   1.5000000E-01   5.9778597E+04   3.0090895E+04   8.9869491E+04   6.1325479E-03   1.6404615E-03   3.8315700E-03
   2.0000000E-01   4.8351272E+04   1.9655635E+04   6.8006907E+04   8.1186364E-03   5.2469120E-04   5.8549180E-03
   2.5000000E-01   4.2156961E+04   1.5520790E+04   5.7652287E+04   4.6675193E-03   2.2925051E-03   3.1151716E-03
   3.0000000E-01   3.5173242E+04   1.1448546E+04   4.6621788E+04   7.4980761E-03   2.8355032E-03   4.9605377E-03
   3.5000000E-01   3.0093926E+04   8.5943669E+03   3.8679198E+04   6.1916683E-03   1.4161162E-03   4.9803284E-03
   4.0000000E-01   2.7414439E+04   7.1062682E+03   3.4512749E+04   5.7890313E-03   3.0454061E-03   4.8230121E-03
   4.5000000E-01   2.4453273E+04   5.3829739E+03   2.9807952E+04   6.0496277E-03   6.6372809E-04   5.0814098E-03
   5.0000000E-01   2.2587270E+04   4.5454652E+03   2.7126369E+04   6.5366902E-03   2.4363779E-03   5.5704309E-03
   5.5000000E-01   1.9937774E+04   3.6518825E+03   2.3589656E+04   4.6155388E-03   2.9648513E-03   3.6089637E-03
   6.0000000E-01   1.8748452E+04   2.9602819E+03   2.1714039E+04   3.8133245E-03   1.5167230E-03   3.2994145E-03
   6.5000000E-01   1.6841042E+04   2.3554932E+03   1.9196535E+04   4.6972892E-03   2.2190284E-04   4.1309347E-03
   7.0000000E-01   1.5274327E+04   1.9644267E+03   1.7229659E+04   3.0711137E-03   3.9802439E-03   3.1195057E-03
   7.5000000E-01   1.4268771E+04   1.5278875E+03   1.5788170E+04   5.1020626E-03   1.7548588E-03   4.6901084E-03
   8.0000000E-01   1.3269543E+04   1.2891550E+03   1.4554720E+04   3.7033278E-03   1.7952320E-03   3.3417384E-03
   8.5000000E-01   1.2073307E+04   1.2133224E+03   1.3282884E+04   3.6610621E-03   2.8433241E-03   3.5749518E-03
   9.0000000E-01   1.0292020E+04   9.9029742E+02   1.1278780E+04   2.5823561E-03   1.1440648E-03   2.4038491E-03
   9.5000000E-01   6.6510013E+03   5.3275023E+02   7.1837515E+03   7.7965091E-04   9.5559520E-05   7.1928709E-04
   1.0000000E+00   1.4272858E+03   1.3203966E+02   1.5593255E+03   7.0161655E-03   2.1578446E-05   6.4232189E-03
