   0.0000000E+00   3.1970026E+07   1.6574523E+07   4.7974647E+07   1.9461441E-04   2.2236185E-06   1.2780720E-04
   5.0000000E-02   1.3750987E+04   3.3740848E+03   1.7125072E+04   1.6915837E-01   1.3754016E-02   1.3853949E-01
   1.0000000E-01   7.3529584E+03   2.0053523E+03   9.3583107E+03   1.6668240E-01   3.2497287E-02   1.3792258E-01
   1.5000000E-01   5.0505169E+03   1.3793428E+03   6.4298597E+03   1.8512300E-01   2.6605428E-02   1.5111683E-01
   2.0000000E-01   3.3422538E+03   7.0028175E+02   4.0425356E+03   1.6742753E-01   1.5491826E-02   1.4110795E-01
   2.5000000E-01   2.9157186E+03   7.7667612E+02   3.6923947E+03   1.8167388E-01   1.7272675E-02   1.4696324E-01
   3.0000000E-01   1.8886387E+03   5.6234747E+02   2.4509861E+03   2.0674659E-01   3.1540956E-02   1.6649715E-01
   3.5000000E-01   1.7552517E+03   4.9110668E+02   2.2463583E+03   1.9811805E-01   1.3922827E-02   1.5541500E-01
   4.0000000E-01   1.2175353E+03   2.7056340E+02   1.4880987E+03   2.0612791E-01   3.4668192E-02   1.7494046E-01
   4.5000000E-01   1.1388420E+03   3.6782476E+02   1.5066668E+03   2.4625444E-01   8.1033572E-03   1.8811426E-01
   5.0000000E-01   1.0440564E+03   1.8461973E+02   1.2286762E+03   2.3718048E-01   5.3108081E-02   2.0952187E-01
   5.5000000E-01   7.4658137E+02   1.9677338E+02   9.4335475E+02   2.5428611E-01   6.0598448E-03   2.0250884E-01
   6.0000000E-01   6.3661977E+02   2.0690143E+02   8.4352120E+02   2.5919623E-01   2.1093905E-02   2.0079363E-01
   6.5000000E-01   5.8275195E+02   1.4201518E+02   7.2476713E+02   2.3448540E-01   1.2964352E-02   1.9107804E-01
   7.0000000E-01   4.8201211E+02   1.6824951E+02   6.5026162E+02   2.6268367E-01   4.6910660E-06   1.9471536E-01
   7.5000000E-01   3.6075120E+02   8.4882636E+01   4.4563384E+02   2.8318198E-01   1.5401239E-02   2.3217612E-01
   8.0000000E-01   2.7454228E+02   9.5492966E+01   3.7003524E+02   2.8477945E-01   1.4361894E-02   2.0898575E-01
   8.5000000E-01   2.8835131E+02   7.4896444E+01   3.6324775E+02   2.9775211E-01   4.3807398E-05   2.3635089E-01
   9.0000000E-01   2.3342725E+02   3.8904542E+01   2.7233179E+02   3.1459861E-01   3.8785908E-02   2.7519612E-01
   9.5000000E-01   1.0051891E+02   4.0207565E+01   1.4072648E+02   3.4592370E-01   3.0059115E-06   2.4708750E-01
   1.0000000E+00   5.0300822E+01   1.8862808E+01   6.9163630E+01   3.1427874E-01   1.5429285E-08   2.2856635E-01
