   0.0000000E+00   3.2009242E+07   1.6407983E+07   4.7659903E+07   1.9403411E-04   1.3624127E-05   1.2557244E-04
   5.0000000E-02   1.4451269E+04   2.9284510E+03   1.7379720E+04   1.7203347E-01   8.2082724E-03   1.4442919E-01
   1.0000000E-01   7.4802823E+03   2.2918312E+03   9.7721135E+03   1.7271402E-01   2.8197151E-02   1.3882032E-01
   1.5000000E-01   4.3714558E+03   1.4005635E+03   5.7720193E+03   1.8454678E-01   1.9387720E-02   1.4447141E-01
   2.0000000E-01   3.0716904E+03   8.4352120E+02   3.9152116E+03   1.8900462E-01   3.2984991E-02   1.5538069E-01
   2.5000000E-01   2.3809579E+03   7.5121133E+02   3.1321693E+03   1.8577988E-01   6.7691901E-03   1.4282669E-01
   3.0000000E-01   1.6870424E+03   4.8807516E+02   2.1751176E+03   2.0505577E-01   4.1299499E-03   1.5996973E-01
   3.5000000E-01   1.7461571E+03   3.8197186E+02   2.1281290E+03   1.9437045E-01   5.0602382E-03   1.6039169E-01
   4.0000000E-01   1.4085212E+03   4.1380285E+02   1.8223241E+03   1.9872027E-01   2.5820169E-02   1.5942667E-01
   4.5000000E-01   1.1105478E+03   3.6075120E+02   1.4712990E+03   2.2453320E-01   1.9204558E-02   1.7418646E-01
   5.0000000E-01   8.9126768E+02   2.2281692E+02   1.1140846E+03   2.1438534E-01   5.2533299E-02   1.8201493E-01
   5.5000000E-01   7.8709354E+02   2.1992319E+02   1.0070167E+03   2.3806147E-01   2.4866330E-02   1.9150114E-01
   6.0000000E-01   6.6845076E+02   1.9629110E+02   8.6474186E+02   2.5417378E-01   1.2740764E-05   1.9647504E-01
   6.5000000E-01   5.4357534E+02   1.7629471E+02   7.1987005E+02   2.2644574E-01   7.0969820E-03   1.7272605E-01
   7.0000000E-01   4.2744470E+02   1.2732395E+02   5.5476866E+02   2.6390144E-01   3.1719952E-02   2.1060928E-01
   7.5000000E-01   3.7348360E+02   9.7615032E+01   4.7109863E+02   2.7771474E-01   3.3798949E-02   2.2717048E-01
   8.0000000E-01   3.5809862E+02   9.1514092E+01   4.4961271E+02   2.8993356E-01   6.7869986E-02   2.4473278E-01
   8.5000000E-01   2.3592380E+02   5.2427511E+01   2.8835131E+02   3.1037755E-01   4.7575690E-02   2.6259529E-01
   9.0000000E-01   2.2989047E+02   3.1830989E+01   2.6172146E+02   2.8686449E-01   2.2653361E-06   2.5197529E-01
   9.5000000E-01   1.1392143E+02   4.0207565E+01   1.5412900E+02   3.6132670E-01   1.0089231E-01   2.9338402E-01
   1.0000000E+00   4.4013219E+01   1.8862808E+01   6.2876027E+01   3.9262879E-01   3.2763966E-05   2.7483032E-01
