   0.0000000E+00   7.4209494E+06   8.9972199E+06   1.6391686E+07   5.8236282E-06   1.8219687E-05   1.1770793E-05
   5.0000000E-02   1.9646086E+05   1.1987550E+05   3.1627270E+05   5.2808409E-04   2.1570034E-04   2.8301358E-04
   1.0000000E-01   1.0676114E+05   5.4144512E+04   1.6084199E+05   1.2639699E-03   4.1251303E-04   8.4993608E-04
   1.5000000E-01   7.5821415E+04   3.4356247E+04   1.1013522E+05   1.6649257E-04   4.7058004E-04   2.0096643E-04
   2.0000000E-01   6.3455076E+04   2.3459439E+04   8.6882683E+04   1.3415937E-03   3.8901078E-04   1.0263418E-03
   2.5000000E-01   5.2648455E+04   1.7978142E+04   7.0524738E+04   1.4806129E-03   8.9722001E-04   1.2094165E-03
   3.0000000E-01   4.6526295E+04   1.3772208E+04   6.0277282E+04   4.3819829E-04   9.8124653E-04   3.5888501E-04
   3.5000000E-01   4.1353001E+04   1.1058995E+04   5.2348334E+04   6.3914771E-04   4.7686224E-04   6.0507859E-04
   4.0000000E-01   3.5682538E+04   9.1514092E+03   4.4802116E+04   2.3290873E-04   1.3872247E-04   1.6751355E-04
   4.5000000E-01   3.2686889E+04   8.0709240E+03   4.0750739E+04   1.4062374E-03   2.1096175E-03   1.2428384E-03
   5.0000000E-01   2.8622425E+04   6.7099724E+03   3.5313299E+04   1.7461760E-03   2.6576562E-04   1.4162030E-03
   5.5000000E-01   1.6013881E+04   2.8647890E+03   1.8878670E+04   2.1877881E-03   1.1841196E-03   1.7010981E-03
   6.0000000E-01   1.0265494E+04   1.7135682E+03   1.1973757E+04   1.3177802E-03   4.3349739E-03   1.7159466E-03
   6.5000000E-01   7.9626442E+03   1.2144746E+03   9.1722218E+03   1.5417770E-03   2.0477795E-04   1.3227693E-03
   7.0000000E-01   6.0024150E+03   8.0032200E+02   6.8072843E+03   6.5426900E-03   6.5832941E-03   6.1376688E-03
   7.5000000E-01   4.8255779E+03   5.6022540E+02   5.3858033E+03   4.6552697E-03   4.6209959E-03   4.1433081E-03
   8.0000000E-01   3.6725003E+03   3.3024651E+02   4.0027468E+03   5.7699351E-03   1.6692099E-02   5.0634300E-03
   8.5000000E-01   2.8498097E+03   2.4341344E+02   3.0932231E+03   4.9241404E-03   9.4617335E-03   5.2811228E-03
   9.0000000E-01   1.9133961E+03   1.6622850E+02   2.0796246E+03   7.7395814E-03   3.8925114E-02   7.8241047E-03
   9.5000000E-01   1.2765902E+03   1.1057080E+02   1.3871610E+03   1.8626965E-02   2.1314001E-02   1.7014435E-02
   1.0000000E+00   4.7785780E+02   2.5150411E+01   5.0300822E+02   1.1392103E-02   7.7303128E-02   1.3355405E-02
