   0.0000000E+00   3.3098626E+07   1.6917279E+07   4.9364006E+07   5.6430126E-05   1.8958542E-10   3.7836571E-05
   5.0000000E-02   3.4377468E+03   8.9126768E+02   4.3290145E+03   2.1914869E-01   7.8498277E-06   1.7402823E-01
   1.0000000E-01   1.3369015E+03   4.7746483E+02   1.8143664E+03   2.5310201E-01   1.9022134E-06   1.8649572E-01
   1.5000000E-01   6.7906109E+02   3.3953055E+02   1.0185916E+03   2.0424665E-01   1.6867146E-05   1.3615881E-01
   2.0000000E-01   3.3422538E+02   1.5915494E+02   4.9338032E+02   3.0203190E-01   2.0898782E-05   2.0460899E-01
   2.5000000E-01   3.4377468E+02   1.0185916E+02   4.4563384E+02   2.9884064E-01   2.9900391E-06   2.3053353E-01
   3.0000000E-01   2.4403758E+02   4.2441318E+01   2.8647890E+02   2.9742190E-01   1.1917171E-04   2.5334174E-01
   3.5000000E-01   1.0913482E+02   7.2756545E+01   1.8189136E+02   2.7232204E-01   1.0869999E-05   1.6339757E-01
   4.0000000E-01   7.9577472E+01   3.1830989E+01   1.1140846E+02   3.2791762E-01   2.2604790E-05   2.3422041E-01
   4.5000000E-01   3.5367765E+01   1.4147106E+01   4.9514871E+01   2.9845332E-01   9.2261687E-06   2.1317832E-01
   5.0000000E-01   7.6394373E+01   0.0000000E+00   7.6394373E+01   3.2004507E-01   0.0000000E+00   3.2004507E-01
   5.5000000E-01   2.8937262E+01   1.1574905E+01   4.0512167E+01   3.5733673E-01   5.6910130E-06   2.5524215E-01
   6.0000000E-01   2.6525824E+01   0.0000000E+00   2.6525824E+01   2.7909513E-01   0.0000000E+00   2.7909513E-01
   6.5000000E-01   9.7941503E+00   0.0000000E+00   9.7941503E+00   3.1596193E-01   0.0000000E+00   3.1596193E-01
   7.0000000E-01   1.8189136E+01   0.0000000E+00   1.8189136E+01   2.5740781E-01   0.0000000E+00   2.5740781E-01
   7.5000000E-01   8.4882636E+00   0.0000000E+00   8.4882636E+00   4.1418546E-01   0.0000000E+00   4.1418546E-01
   8.0000000E-01   0.0000000E+00   0.0000000E+00   0.0000000E+00   0.0000000E+00   0.0000000E+00   0.0000000E+00
   8.5000000E-01   0.0000000E+00   0.0000000E+00   0.0000000E+00   0.0000000E+00   0.0000000E+00   0.0000000E+00
   9.0000000E-01   0.0000000E+00   0.0000000E+00   0.0000000E+00   0.0000000E+00   0.0000000E+00   0.0000000E+00
   9.5000000E-01   0.0000000E+00   6.7012608E+00   6.7012608E+00   0.0000000E+00   1.3504401E-05   1.3504401E-05
   1.0000000E+00   0.0000000E+00   0.0000000E+00   0.0000000E+00   0.0000000E+00   0.0000000E+00   0.0000000E+00
