   0.0000000E+00   3.5141411E+05   9.7321338E+06   1.0081001E+07   3.6460013E-03   8.7688661E-05   2.1118615E-04
   5.0000000E-02   8.9381416E+04   1.8360114E+05   2.7298256E+05   7.5655395E-03   1.1387887E-03   1.7234083E-03
   1.0000000E-01   6.7672682E+04   6.9932682E+04   1.3760536E+05   5.6812803E-03   2.2656283E-03   3.3660262E-03
   1.5000000E-01   5.2393807E+04   3.7242257E+04   8.9636064E+04   1.5309958E-03   1.0013351E-03   5.9320658E-04
   2.0000000E-01   4.2924088E+04   2.4414368E+04   6.7322541E+04   2.3888081E-03   8.9775637E-04   1.2474273E-03
   2.5000000E-01   3.7624229E+04   1.5609917E+04   5.3221413E+04   3.9914440E-03   1.0764224E-03   2.9032051E-03
   3.0000000E-01   3.2913242E+04   1.0928639E+04   4.3841882E+04   5.2865328E-03   2.9271989E-03   3.3543688E-03
   3.5000000E-01   2.9848373E+04   7.1301415E+03   3.6978514E+04   2.3440584E-03   4.7292184E-04   1.9166194E-03
   4.0000000E-01   2.7167749E+04   5.2759864E+03   3.2443735E+04   1.6779918E-03   1.5048068E-03   1.3219328E-03
   4.5000000E-01   2.5832616E+04   3.9682632E+03   2.9800879E+04   5.0391975E-04   2.6616124E-03   5.9564650E-04
   5.0000000E-01   2.4057861E+04   2.6483383E+03   2.6706199E+04   1.8456913E-03   3.6952106E-03   2.0093738E-03
   5.5000000E-01   2.2472678E+04   1.7825354E+03   2.4255213E+04   1.0723462E-03   1.0478598E-03   1.0701236E-03
   6.0000000E-01   2.1783007E+04   1.3475119E+03   2.3130518E+04   1.0874017E-03   1.9893876E-03   1.0986349E-03
   6.5000000E-01   1.9857640E+04   9.8920918E+02   2.0846849E+04   4.4545201E-04   8.9627141E-03   7.2408411E-04
   7.0000000E-01   1.9435092E+04   6.5480891E+02   2.0089901E+04   1.6095201E-03   8.7217703E-03   1.5647316E-03
   7.5000000E-01   1.8254011E+04   3.8621600E+02   1.8640227E+04   5.7013000E-04   2.9755296E-07   5.5831116E-04
   8.0000000E-01   1.7622431E+04   2.9841552E+02   1.7920847E+04   7.6596359E-05   8.0221760E-03   8.8310412E-05
   8.5000000E-01   1.6274997E+04   1.9098593E+02   1.6465983E+04   4.4062710E-04   1.6079329E-03   4.1742984E-04
   9.0000000E-01   1.6155995E+04   1.6622850E+02   1.6318687E+04   9.6592302E-04   1.5531178E-02   1.0294836E-03
   9.5000000E-01   9.5057384E+03   8.7116390E+01   9.5928548E+03   7.3036433E-04   2.8610476E-06   7.2375727E-04
   1.0000000E+00   1.5341751E+03   6.2876027E+00   1.5404627E+03   2.7542982E-03   5.9061269E-06   2.7430634E-03
