   0.0000000E+00   1.1662874E+05   1.0607104E+07   1.0720677E+07   5.6659817E-06   1.6557224E-05   1.6378299E-05
   5.0000000E-02   7.3465922E+04   3.0143946E+05   3.7490538E+05   2.6939437E-04   1.8686972E-04   2.0301105E-04
   1.0000000E-01   7.2924795E+04   1.0004480E+05   1.7293776E+05   5.5486323E-05   8.2512550E-05   7.1084433E-05
   1.5000000E-01   7.0346485E+04   4.3905544E+04   1.1416715E+05   4.9279727E-05   1.1358814E-04   5.2921969E-05
   2.0000000E-01   7.3561415E+04   2.1342678E+04   9.4888177E+04   6.4695557E-05   4.3824015E-04   1.4803214E-04
   2.5000000E-01   7.5032006E+04   8.3142542E+03   8.3333528E+04   5.6770327E-05   2.6214427E-04   7.5045713E-05
   3.0000000E-01   7.4166203E+04   3.8833806E+03   7.8049584E+04   4.9672247E-05   1.7527636E-04   3.9122690E-05
   3.5000000E-01   7.4711878E+04   1.7279680E+03   7.6403467E+04   1.4441213E-05   3.3666563E-03   8.8309844E-05
   4.0000000E-01   7.1651555E+04   6.4457752E+02   7.2288175E+04   2.8467556E-05   4.5525344E-06   2.8191913E-05
   4.5000000E-01   6.7969771E+04   1.5561817E+02   6.8125389E+04   4.4537859E-05   1.5369382E-06   4.4436455E-05
   5.0000000E-01   5.9587611E+04   9.5492966E+01   5.9676737E+04   7.8825857E-06   1.3138361E-05   7.8649180E-06
   5.5000000E-01   1.7535981E+04   5.7874525E+00   1.7541768E+04   1.5138815E-04   9.8709827E-07   1.5133852E-04
   6.0000000E-01   7.1991086E+03   0.0000000E+00   7.1991086E+03   1.9300051E-04   0.0000000E+00   1.9300051E-04
   6.5000000E-01   3.6532181E+03   0.0000000E+00   3.6532181E+03   6.3787240E-04   0.0000000E+00   6.3787240E-04
   7.0000000E-01   1.5688130E+03   0.0000000E+00   1.5688130E+03   2.3401336E-04   0.0000000E+00   2.3401336E-04
   7.5000000E-01   7.5121133E+02   0.0000000E+00   7.5121133E+02   6.7562748E-06   0.0000000E+00   6.7562748E-06
   8.0000000E-01   3.1830989E+02   0.0000000E+00   3.1830989E+02   1.0296783E-05   0.0000000E+00   1.0296783E-05
   8.5000000E-01   8.6130910E+01   0.0000000E+00   8.6130910E+01   6.6426920E-06   0.0000000E+00   6.6426920E-06
   9.0000000E-01   2.1220659E+01   0.0000000E+00   2.1220659E+01   1.5318673E-01   0.0000000E+00   1.5318673E-01
   9.5000000E-01   2.0103782E+01   0.0000000E+00   2.0103782E+01   5.5773879E-04   0.0000000E+00   5.5773879E-04
   1.0000000E+00   0.0000000E+00   0.0000000E+00   0.0000000E+00   0.0000000E+00   0.0000000E+00   0.0000000E+00
