   0.0000000E+00   1.6456876E+07   1.0110031E+07   2.6541952E+07   8.1001968E-04   3.0381845E-05   4.7947965E-04
   5.0000000E-02   3.1971045E+05   1.6265635E+05   4.8236680E+05   5.5682232E-03   1.3435693E-03   4.1187115E-03
   1.0000000E-01   8.9540571E+04   4.2844511E+04   1.3238508E+05   7.0005786E-03   1.4008815E-03   5.1489194E-03
   1.5000000E-01   5.4049019E+04   2.4806950E+04   7.8834748E+04   7.7458681E-03   2.0508053E-03   5.4827782E-03
   2.0000000E-01   3.8276764E+04   1.7809438E+04   5.6070286E+04   5.4249883E-03   1.8825649E-03   3.9215828E-03
   2.5000000E-01   2.8991664E+04   1.2910649E+04   4.1902313E+04   8.5322762E-03   2.4201327E-03   6.5255636E-03
   3.0000000E-01   2.3395777E+04   9.4644139E+03   3.2860191E+04   6.5450927E-03   1.9269035E-03   4.2016306E-03
   3.5000000E-01   1.8662054E+04   7.5212079E+03   2.6174167E+04   3.6737827E-03   2.8977854E-03   3.1198616E-03
   4.0000000E-01   1.5175424E+04   6.0876766E+03   2.1263100E+04   5.7251197E-03   1.0413652E-03   4.0205377E-03
   4.5000000E-01   1.2343350E+04   5.1141788E+03   1.7457529E+04   5.1991439E-03   1.9205266E-03   4.0919512E-03
   5.0000000E-01   1.0478761E+04   3.7242257E+03   1.4202987E+04   3.2425894E-03   2.5557173E-03   3.0365171E-03
   5.5000000E-01   8.7795654E+03   2.9516008E+03   1.1731166E+04   8.0127493E-03   4.3444060E-04   5.8461949E-03
   6.0000000E-01   7.2786861E+03   2.6631927E+03   9.9418788E+03   6.6197199E-03   4.8348470E-03   6.1355422E-03
   6.5000000E-01   6.3759919E+03   1.8559915E+03   8.2319834E+03   5.8007843E-03   5.9894211E-04   4.5511060E-03
   7.0000000E-01   5.2884914E+03   1.6915897E+03   6.9800811E+03   5.4510984E-03   2.4892020E-03   4.6627892E-03
   7.5000000E-01   4.7406952E+03   1.2223100E+03   5.9630052E+03   4.9447042E-03   5.2725500E-04   4.0385414E-03
   8.0000000E-01   3.7321834E+03   1.0026761E+03   4.7348596E+03   4.4397912E-03   3.2367842E-04   3.4347048E-03
   8.5000000E-01   3.1269265E+03   6.9279211E+02   3.8197186E+03   6.2132726E-03   3.1251012E-03   5.5957252E-03
   9.0000000E-01   2.3625667E+03   4.7039128E+02   2.8329580E+03   3.3954646E-03   4.7445711E-03   3.4674719E-03
   9.5000000E-01   1.5111343E+03   2.7140106E+02   1.7825354E+03   2.0321199E-03   1.4108211E-03   1.6963429E-03
   1.0000000E+00   5.7217184E+02   1.0688925E+02   6.7906109E+02   2.3180586E-02   6.5410489E-03   2.0219291E-02
