   0.0000000E+00   3.3255998E+07   1.6863803E+07   4.9449568E+07   1.7407404E-05   1.2579681E-05   1.5996942E-05
   5.0000000E-02   1.0822536E+03   5.0929582E+02   1.5915494E+03   1.2492792E-01   6.5292417E-02   1.0584456E-01
   1.0000000E-01   4.1380285E+02   1.5915494E+02   5.7295780E+02   2.1295334E-01   6.1005831E-02   1.7074570E-01
   1.5000000E-01   2.1220659E+02   8.4882636E+01   2.9708923E+02   1.4314690E-01   3.9562951E-02   1.1355148E-01
   2.0000000E-01   2.2281692E+02   4.7746483E+01   2.7056340E+02   1.3291961E-01   7.4175520E-02   1.2255300E-01
   2.5000000E-01   1.7825354E+02   6.3661977E+01   2.4191551E+02   1.2241706E-01   9.7309608E-02   1.1580983E-01
   3.0000000E-01   1.2732395E+02   5.3051648E+01   1.8037560E+02   1.4027729E-01   2.2438829E-01   1.6501582E-01
   3.5000000E-01   1.3641852E+02   3.6378273E+01   1.7279680E+02   1.7621977E-01   7.4494324E-02   1.5480389E-01
   4.0000000E-01   8.7535219E+01   3.1830989E+01   1.1936621E+02   9.7897102E-02   2.0285743E-01   1.2588652E-01
   4.5000000E-01   7.7809083E+01   2.8294212E+01   1.0610330E+02   1.2373291E-01   1.0233322E-01   1.1802633E-01
   5.0000000E-01   4.4563384E+01   1.9098593E+01   6.3661977E+01   1.7756389E-01   1.7480620E-05   1.2429997E-01
   5.5000000E-01   5.7874525E+01   0.0000000E+00   5.7874525E+01   2.0005948E-01   0.0000000E+00   2.0005948E-01
   6.0000000E-01   4.2441318E+01   1.0610330E+01   5.3051648E+01   2.0233200E-01   1.3644545E-01   1.8915469E-01
   6.5000000E-01   2.4485376E+01   1.4691226E+01   3.9176601E+01   1.0095111E-01   8.6553443E-02   9.5551987E-02
   7.0000000E-01   3.6378273E+01   9.0945682E+00   4.5472841E+01   2.4225825E-01   2.0080566E-01   2.3396773E-01
   7.5000000E-01   1.2732395E+01   4.2441318E+00   1.6976527E+01   3.8097088E-01   2.9372991E-06   2.8572890E-01
   8.0000000E-01   7.9577472E+00   0.0000000E+00   7.9577472E+00   1.8426639E-01   0.0000000E+00   1.8426639E-01
   8.5000000E-01   1.1234467E+01   1.1234467E+01   2.2468933E+01   5.9474130E-06   1.4086907E-01   7.0431563E-02
   9.0000000E-01   3.5367765E+00   0.0000000E+00   3.5367765E+00   8.6356645E-06   0.0000000E+00   8.6356645E-06
   9.5000000E-01   1.3402522E+01   3.3506304E+00   1.6753152E+01   2.9789068E-01   7.8162811E-05   2.3832818E-01
   1.0000000E+00   1.8862808E+01   0.0000000E+00   1.8862808E+01   1.4235621E-01   0.0000000E+00   1.4235621E-01
