   0.0000000E+00   1.2474692E+07   9.6394419E+06   2.2012275E+07   3.4208563E-04   1.4195964E-04   2.4759044E-04
   5.0000000E-02   1.3267156E+05   7.4611837E+04   2.0721974E+05   5.5877488E-03   7.3032836E-03   5.9489716E-03
   1.0000000E-01   7.0123668E+04   3.1894651E+04   1.0198649E+05   1.0951379E-02   9.7745238E-03   1.0380136E-02
   1.5000000E-01   4.7534276E+04   2.1814838E+04   6.9349114E+04   1.3518287E-02   1.1569525E-02   1.2666572E-02
   2.0000000E-01   3.6923947E+04   1.5995072E+04   5.2919019E+04   2.2626281E-02   9.9513731E-03   1.8679836E-02
   2.5000000E-01   3.0583214E+04   1.2808790E+04   4.3392004E+04   1.9860712E-02   9.3593300E-03   1.6637827E-02
   3.0000000E-01   2.6196904E+04   9.5599069E+03   3.5756811E+04   1.8773942E-02   1.1205924E-02   1.6596873E-02
   3.5000000E-01   2.1517748E+04   7.6849101E+03   2.9193564E+04   2.3525673E-02   2.5895974E-02   2.3828631E-02
   4.0000000E-01   2.0308171E+04   6.4219020E+03   2.6714157E+04   2.2344149E-02   8.5962952E-03   1.8787444E-02
   4.5000000E-01   1.7436308E+04   5.9417845E+03   2.3371019E+04   2.5330225E-02   2.2803551E-02   2.4629561E-02
   5.0000000E-01   1.4718649E+04   4.4818032E+03   1.9200452E+04   2.1982483E-02   1.5265519E-02   2.0404352E-02
   5.5000000E-01   1.3762562E+04   4.0512167E+03   1.7819566E+04   2.2504443E-02   1.7859957E-02   2.1438341E-02
   6.0000000E-01   1.2228405E+04   3.6128172E+03   1.5841222E+04   2.6384591E-02   1.3640879E-02   2.3442735E-02
   6.5000000E-01   1.1282861E+04   2.9431422E+03   1.4216209E+04   2.3648228E-02   1.5135454E-02   2.1678678E-02
   7.0000000E-01   1.0622456E+04   2.7556542E+03   1.3373563E+04   2.3773194E-02   1.1691209E-02   2.1164788E-02
   7.5000000E-01   9.6129586E+03   2.5422350E+03   1.2155194E+04   2.4069090E-02   9.4389224E-03   2.0912414E-02
   8.0000000E-01   8.3596134E+03   1.9416903E+03   1.0301304E+04   1.9146909E-02   1.7627910E-02   1.8859045E-02
   8.5000000E-01   7.6394373E+03   1.9585420E+03   9.5979793E+03   2.4605183E-02   6.8325701E-03   2.0957508E-02
   9.0000000E-01   6.1646015E+03   1.6658217E+03   7.8304232E+03   2.4893166E-02   9.5849196E-03   2.1266968E-02
   9.5000000E-01   3.5047594E+03   8.2425507E+02   4.3290145E+03   2.4817632E-02   1.4572359E-02   2.2865103E-02
   1.0000000E+00   1.1129057E+03   2.8294212E+02   1.3958478E+03   4.4748866E-02   3.2019242E-02   4.2153282E-02
