   0.0000000E+00   3.2291901E+07   1.6590311E+07   4.8389214E+07   1.0963863E-04   2.3744802E-05   8.1278115E-05
   5.0000000E-02   1.1904790E+04   3.8197186E+03   1.5724508E+04   1.6419162E-01   3.8908155E-02   1.3375800E-01
   1.0000000E-01   6.5571837E+03   2.0371833E+03   8.5943669E+03   1.6288729E-01   4.4748377E-02   1.3486797E-01
   1.5000000E-01   3.5650707E+03   1.3156809E+03   4.8807516E+03   1.6676394E-01   5.6462978E-02   1.3701357E-01
   2.0000000E-01   2.7056340E+03   6.6845076E+02   3.3740848E+03   1.6431670E-01   7.3068757E-02   1.4623840E-01
   2.5000000E-01   1.8334649E+03   6.3661977E+02   2.4700847E+03   1.7122156E-01   3.1908865E-02   1.3526780E-01
   3.0000000E-01   1.7507044E+03   4.7746483E+02   2.2281692E+03   1.4544515E-01   7.0780225E-02   1.2944076E-01
   3.5000000E-01   1.2914287E+03   3.7287730E+02   1.6643060E+03   1.8114442E-01   4.8700046E-02   1.5147057E-01
   4.0000000E-01   1.0981691E+03   2.7056340E+02   1.3687325E+03   1.9742151E-01   6.4546403E-02   1.7115043E-01
   4.5000000E-01   9.4078255E+02   2.4050080E+02   1.1812834E+03   2.1131224E-01   9.8771967E-02   1.8839510E-01
   5.0000000E-01   8.5307049E+02   2.2281692E+02   1.0758874E+03   2.0622263E-01   4.6326331E-02   1.7293023E-01
   5.5000000E-01   8.1024335E+02   1.6204867E+02   9.7229202E+02   2.1639256E-01   4.3467512E-02   1.8757115E-01
   6.0000000E-01   6.5253527E+02   1.5915494E+02   8.1169021E+02   1.9361325E-01   6.1429234E-02   1.6769104E-01
   6.5000000E-01   5.7785487E+02   9.7941503E+01   6.7579637E+02   2.3940638E-01   4.5913475E-02   2.1136389E-01
   7.0000000E-01   4.2289742E+02   1.5460766E+02   5.7750508E+02   2.3418912E-01   8.9969445E-02   1.9557911E-01
   7.5000000E-01   3.8197186E+02   8.9126768E+01   4.7109863E+02   2.4891616E-01   4.9055759E-06   2.0182298E-01
   8.0000000E-01   2.7056340E+02   7.9577472E+01   3.5014087E+02   2.6912267E-01   3.8025155E-02   2.1659903E-01
   8.5000000E-01   2.3217898E+02   7.1151622E+01   3.0333060E+02   2.8603619E-01   1.1209265E-01   2.4522611E-01
   9.0000000E-01   1.5915494E+02   4.5978095E+01   2.0513304E+02   3.1436984E-01   2.7681766E-02   2.5011213E-01
   9.5000000E-01   1.1057080E+02   2.0103782E+01   1.3067458E+02   2.3295276E-01   6.3437108E-02   2.0687343E-01
   1.0000000E+00   7.5451232E+01   6.2876027E+00   8.1738835E+01   2.5137627E-01   1.4251767E-05   2.3203854E-01
