   0.0000000E+00   9.2605259E+06   9.1958453E+06   1.8442620E+07   1.0909991E-04   3.1351691E-05   6.9844667E-05
   5.0000000E-02   1.3228959E+05   8.5307049E+04   2.1753298E+05   7.8413632E-04   5.1008632E-04   6.3388281E-04
   1.0000000E-01   7.0983105E+04   3.6637468E+04   1.0762057E+05   2.5253384E-03   2.3732367E-03   1.3814484E-03
   1.5000000E-01   5.1502540E+04   2.5231364E+04   7.6733903E+04   4.4933406E-03   1.5725519E-03   3.5116753E-03
   2.0000000E-01   4.0234370E+04   1.6790846E+04   5.7025216E+04   3.7269117E-03   4.1574362E-03   2.3646269E-03
   2.5000000E-01   3.3002369E+04   1.2732395E+04   4.5722032E+04   1.7338019E-03   3.1262636E-03   1.6879056E-03
   3.0000000E-01   2.8520566E+04   1.1119625E+04   3.9629581E+04   1.4958710E-03   1.9225808E-03   8.7339053E-04
   3.5000000E-01   2.5010062E+04   8.2214896E+03   3.3231552E+04   4.4548786E-03   4.9805551E-03   2.2428489E-03
   4.0000000E-01   2.2233946E+04   6.6367611E+03   2.8870707E+04   1.8214775E-03   2.3065189E-03   1.2953612E-03
   4.5000000E-01   1.9834243E+04   5.5739598E+03   2.5394055E+04   9.0271965E-04   3.5007597E-03   3.1368112E-04
   5.0000000E-01   1.7494311E+04   5.1629864E+03   2.2657298E+04   1.8320184E-03   4.6677617E-03   1.7430783E-03
   5.5000000E-01   1.6760462E+04   4.2306278E+03   2.0991090E+04   1.5729640E-03   5.1915530E-03   2.1808822E-03
   6.0000000E-01   1.5130330E+04   3.5650707E+03   1.8695401E+04   3.3836613E-03   6.5922038E-03   1.7509262E-03
   6.5000000E-01   1.3388604E+04   3.2614521E+03   1.6650056E+04   1.8180295E-03   5.0380437E-03   9.6911993E-04
   7.0000000E-01   1.2918834E+04   2.9102618E+03   1.5824549E+04   3.4348326E-03   3.2041150E-03   2.3387136E-03
   7.5000000E-01   1.1370029E+04   2.4658406E+03   1.3835870E+04   3.5509733E-03   5.0101126E-03   3.7525013E-03
   8.0000000E-01   1.1184614E+04   2.2639791E+03   1.3448593E+04   2.9300278E-03   2.4802009E-03   2.7789619E-03
   8.5000000E-01   1.0358178E+04   2.1869762E+03   1.2545154E+04   4.6721781E-04   1.1566044E-03   1.8975567E-04
   9.0000000E-01   8.2123951E+03   1.5915494E+03   9.8039445E+03   2.2346812E-03   1.5607095E-03   2.1088501E-03
   9.5000000E-01   2.9418535E+03   4.2553006E+02   3.3673835E+03   4.6223190E-03   3.1693854E-03   4.3864573E-03
   1.0000000E+00   9.4942801E+02   1.3203966E+02   1.0814677E+03   1.4739168E-02   5.2682036E-03   1.2405046E-02
