   0.0000000E+00   2.5611977E+07   1.4618318E+07   3.9906383E+07   5.3799045E-02   1.3116892E-06   3.4303013E-02
   5.0000000E-02   9.1469529E+05   2.6266932E+05   1.1757731E+06   1.7251661E-01   9.4883928E-06   1.3407824E-01
   1.0000000E-01   4.5231835E+04   8.5943669E+03   5.3794371E+04   1.4705841E-01   4.5822035E-05   1.2365819E-01
   1.5000000E-01   2.9072303E+03   3.8197186E+02   3.2892022E+03   1.2028668E-01   4.8475627E-05   1.0632302E-01
   2.0000000E-01   1.9098593E+02   3.1830989E+01   2.2281692E+02   1.5336364E-01   3.3386350E-07   1.3145453E-01
   2.5000000E-01   1.2732395E+01   0.0000000E+00   1.2732395E+01   3.6889605E-01   0.0000000E+00   3.6889605E-01
   3.0000000E-01   1.0610330E+01   0.0000000E+00   1.0610330E+01   9.5623409E-02   0.0000000E+00   9.5623409E-02
   3.5000000E-01   0.0000000E+00   0.0000000E+00   0.0000000E+00   0.0000000E+00   0.0000000E+00   0.0000000E+00
   4.0000000E-01   0.0000000E+00   0.0000000E+00   0.0000000E+00   0.0000000E+00   0.0000000E+00   0.0000000E+00
   4.5000000E-01   0.0000000E+00   0.0000000E+00   0.0000000E+00   0.0000000E+00   0.0000000E+00   0.0000000E+00
   5.0000000E-01   0.0000000E+00   0.0000000E+00   0.0000000E+00   0.0000000E+00   0.0000000E+00   0.0000000E+00
   5.5000000E-01   0.0000000E+00   0.0000000E+00   0.0000000E+00   0.0000000E+00   0.0000000E+00   0.0000000E+00
   6.0000000E-01   0.0000000E+00   0.0000000E+00   0.0000000E+00   0.0000000E+00   0.0000000E+00   0.0000000E+00
   6.5000000E-01   0.0000000E+00   0.0000000E+00   0.0000000E+00   0.0000000E+00   0.0000000E+00   0.0000000E+00
   7.0000000E-01   0.0000000E+00   0.0000000E+00   0.0000000E+00   0.0000000E+00   0.0000000E+00   0.0000000E+00
   7.5000000E-01   0.0000000E+00   0.0000000E+00   0.0000000E+00   0.0000000E+00   0.0000000E+00   0.0000000E+00
   8.0000000E-01   0.0000000E+00   0.0000000E+00   0.0000000E+00   0.0000000E+00   0.0000000E+00   0.0000000E+00
   8.5000000E-01   0.0000000E+00   0.0000000E+00   0.0000000E+00   0.0000000E+00   0.0000000E+00   0.0000000E+00
   9.0000000E-01   0.0000000E+00   0.0000000E+00   0.0000000E+00   0.0000000E+00   0.0000000E+00   0.0000000E+00
   9.5000000E-01   0.0000000E+00   0.0000000E+00   0.0000000E+00   0.0000000E+00   0.0000000E+00   0.0000000E+00
   1.0000000E+00   0.0000000E+00   0.0000000E+00   0.0000000E+00   0.0000000E+00   0.0000000E+00   0.0000000E+00
