   0.0000000E+00   3.3296233E+07   1.6779260E+07   4.9468412E+07   1.1249498E-05   9.2290727E-09   7.5686893E-06
   5.0000000E-02   1.5915494E+03   5.7295780E+02   2.1645072E+03   1.4272308E-01   3.4078415E-06   1.0494254E-01
   1.0000000E-01   8.5943669E+02   3.5014087E+02   1.2095776E+03   1.7263599E-01   1.0948534E-04   1.2269411E-01
   1.5000000E-01   4.4563384E+02   1.6976527E+02   6.1539911E+02   1.9288315E-01   3.5494368E-06   1.3967498E-01
   2.0000000E-01   4.4563384E+02   4.7746483E+01   4.9338032E+02   2.2164996E-01   2.2950795E-06   2.0019974E-01
   2.5000000E-01   3.1830989E+02   3.8197186E+01   3.5650707E+02   2.4363531E-01   3.9730929E-06   2.1753110E-01
   3.0000000E-01   3.6075120E+02   5.3051648E+01   4.1380285E+02   2.2604420E-01   3.3937658E-06   1.9706461E-01
   3.5000000E-01   1.3641852E+02   2.7283705E+01   1.6370223E+02   2.0053292E-01   5.6756834E-06   1.6711171E-01
   4.0000000E-01   1.1140846E+02   1.5915494E+01   1.2732395E+02   2.5369034E-01   1.9380581E-05   2.2197662E-01
   4.5000000E-01   1.2025040E+02   2.1220659E+01   1.4147106E+02   2.0441206E-01   1.2322002E-04   1.7373177E-01
   5.0000000E-01   7.6394373E+01   1.9098593E+01   9.5492966E+01   3.1141878E-01   1.0444775E-07   2.4913501E-01
   5.5000000E-01   6.3661977E+01   1.1574905E+01   7.5236882E+01   2.6081763E-01   1.3943553E-05   2.2069399E-01
   6.0000000E-01   2.1220659E+01   0.0000000E+00   2.1220659E+01   1.9471579E-01   0.0000000E+00   1.9471579E-01
   6.5000000E-01   6.8559052E+01   1.9588301E+01   8.8147353E+01   2.7831694E-01   9.7432315E-06   2.1646657E-01
   7.0000000E-01   5.0020125E+01   9.0945682E+00   5.9114693E+01   1.9089671E-01   1.2063772E-06   1.6152817E-01
   7.5000000E-01   3.8197186E+01   4.2441318E+00   4.2441318E+01   2.1741625E-01   1.1407892E-06   1.9567474E-01
   8.0000000E-01   2.7852115E+01   0.0000000E+00   2.7852115E+01   1.0683833E-01   0.0000000E+00   1.0683833E-01
   8.5000000E-01   2.2468933E+01   0.0000000E+00   2.2468933E+01   3.2619615E-01   0.0000000E+00   3.2619615E-01
   9.0000000E-01   1.0610330E+01   3.5367765E+00   1.4147106E+01   1.1244680E-01   4.5145906E-06   8.4333971E-02
   9.5000000E-01   6.7012608E+00   0.0000000E+00   6.7012608E+00   2.1289268E-01   0.0000000E+00   2.1289268E-01
   1.0000000E+00   6.2876027E+00   0.0000000E+00   6.2876027E+00   4.1075064E-01   0.0000000E+00   4.1075064E-01
