   0.0000000E+00   3.0208881E+07   1.5853360E+07   4.5613552E+07   5.0787897E-04   2.0847966E-04   4.0728486E-04
   5.0000000E-02   3.5523383E+04   1.3432677E+04   4.8956060E+04   1.3478766E-01   9.1919209E-02   1.2302054E-01
   1.0000000E-01   1.7156903E+04   6.1115498E+03   2.3268453E+04   1.3211277E-01   8.5422028E-02   1.1984278E-01
   1.5000000E-01   1.1013522E+04   3.3104228E+03   1.4323945E+04   1.3906466E-01   8.0123517E-02   1.2544270E-01
   2.0000000E-01   7.3847894E+03   2.3873241E+03   9.7721135E+03   1.3609735E-01   1.0099741E-01   1.2751290E-01
   2.5000000E-01   5.7168456E+03   1.9480565E+03   7.6521697E+03   1.2459908E-01   8.4545451E-02   1.1452607E-01
   3.0000000E-01   4.9656342E+03   1.5384978E+03   6.5041320E+03   1.5017327E-01   8.7334220E-02   1.3524562E-01
   3.5000000E-01   3.7742458E+03   1.2277667E+03   5.0020125E+03   1.4862938E-01   9.7422009E-02   1.3605765E-01
   4.0000000E-01   3.1990144E+03   8.9126768E+02   4.0902820E+03   1.5896622E-01   7.7402735E-02   1.4119195E-01
   4.5000000E-01   2.8364948E+03   6.9320820E+02   3.5297030E+03   1.5902992E-01   9.5453827E-02   1.4653887E-01
   5.0000000E-01   2.2218030E+03   7.3211274E+02   2.9539157E+03   1.5873556E-01   7.6180151E-02   1.3827239E-01
   5.5000000E-01   1.8809221E+03   5.3244563E+02   2.4133677E+03   1.6795724E-01   8.0619384E-02   1.4863153E-01
   6.0000000E-01   1.6446011E+03   4.6685450E+02   2.1114556E+03   1.6591486E-01   8.4340414E-02   1.4787681E-01
   6.5000000E-01   1.3564898E+03   4.0645724E+02   1.7629471E+03   1.6928882E-01   9.1623293E-02   1.5138260E-01
   7.0000000E-01   1.1049900E+03   2.8647890E+02   1.3914689E+03   1.7878742E-01   1.0031972E-01   1.6239055E-01
   7.5000000E-01   1.0483006E+03   2.2493899E+02   1.2732395E+03   1.8510907E-01   6.3043606E-02   1.6354311E-01
   8.0000000E-01   8.8330993E+02   1.9894368E+02   1.0822536E+03   1.8785942E-01   3.3160619E-02   1.5939569E-01
   8.5000000E-01   7.7517819E+02   1.8724111E+02   9.6241930E+02   1.8917036E-01   7.2775308E-02   1.6652385E-01
   9.0000000E-01   5.4112681E+02   1.0610330E+02   6.4723010E+02   1.8848718E-01   2.4710484E-02   1.6163817E-01
   9.5000000E-01   3.3841367E+02   9.3817651E+01   4.3223132E+02   1.8091161E-01   7.3376007E-02   1.5756700E-01
   1.0000000E+00   1.2575205E+02   3.1438013E+01   1.5719007E+02   1.4535427E-01   2.7934341E-05   1.1627830E-01
