   0.0000000E+00   2.3883937E+07   1.2863284E+07   3.6700875E+07   1.9206408E-04   9.2974663E-05   9.2441854E-05
   5.0000000E-02   1.9760678E+05   9.5938600E+04   2.9354538E+05   4.0488851E-03   6.7579821E-03   4.7471620E-03
   1.0000000E-01   4.6218595E+04   2.1772396E+04   6.7990992E+04   2.1324911E-02   1.7910539E-03   1.3967692E-02
   1.5000000E-01   2.8456904E+04   1.2838499E+04   4.1295403E+04   7.5523549E-03   8.9177841E-03   2.9714556E-03
   2.0000000E-01   1.9400988E+04   8.8171838E+03   2.8218171E+04   7.3982101E-03   4.0508813E-03   5.6645560E-03
   2.5000000E-01   1.5266142E+04   6.4935217E+03   2.1759664E+04   4.0788993E-03   9.8210808E-03   2.5246925E-03
   3.0000000E-01   1.2244320E+04   5.1353995E+03   1.7379720E+04   8.7896928E-03   6.4679184E-03   5.4991248E-03
   3.5000000E-01   1.0440564E+04   4.3108253E+03   1.4751390E+04   3.6753403E-03   1.9392004E-02   4.8116372E-03
   4.0000000E-01   8.3635923E+03   3.3661270E+03   1.1729719E+04   1.1932910E-02   2.1732337E-03   9.0311299E-03
   4.5000000E-01   7.3918629E+03   2.6101411E+03   1.0002004E+04   7.6639463E-03   1.2793311E-02   4.0302077E-03
   5.0000000E-01   6.2134090E+03   2.3172960E+03   8.5307049E+03   1.0513822E-02   6.5391429E-03   9.2871434E-03
   5.5000000E-01   5.3418186E+03   2.1529323E+03   7.4947510E+03   1.2327518E-02   4.6670149E-03   7.4575741E-03
   6.0000000E-01   4.8489206E+03   1.7400940E+03   6.5890146E+03   7.3458581E-03   8.6301408E-03   5.9861671E-03
   6.5000000E-01   4.1772051E+03   1.5572699E+03   5.7344750E+03   9.0472799E-03   2.5484701E-03   6.3491831E-03
   7.0000000E-01   3.4195576E+03   1.2505031E+03   4.6700608E+03   1.2990057E-02   1.5645183E-02   5.7304968E-03
   7.5000000E-01   2.8053711E+03   9.6766205E+02   3.7730332E+03   1.3348234E-02   1.4521362E-02   1.1610112E-02
   8.0000000E-01   2.3952819E+03   8.1964796E+02   3.2149299E+03   1.1426870E-02   1.7642107E-03   8.0722391E-03
   8.5000000E-01   1.9547972E+03   6.2538531E+02   2.5801825E+03   3.8590863E-03   3.0255680E-03   2.9733477E-03
   9.0000000E-01   1.3970267E+03   5.5527391E+02   1.9523006E+03   6.3773790E-03   1.0039412E-02   6.1347854E-03
   9.5000000E-01   8.3095633E+02   3.2166052E+02   1.1526169E+03   1.7312229E-02   1.5012455E-02   1.6649463E-02
   1.0000000E+00   3.2066774E+02   9.4314040E+01   4.1498178E+02   1.2131370E-02   2.0258026E-02   1.3848134E-02
