   0.0000000E+00   3.3212199E+07   1.7019648E+07   4.9627312E+07   1.6545055E-04   1.0953828E-07   1.1076244E-04
   5.0000000E-02   1.9098593E+02   0.0000000E+00   1.9098593E+02   2.3471534E-01   0.0000000E+00   2.3471534E-01
   1.0000000E-01   6.3661977E+01   0.0000000E+00   6.3661977E+01   1.1153460E-07   0.0000000E+00   1.1153460E-07
   1.5000000E-01   0.0000000E+00   0.0000000E+00   0.0000000E+00   0.0000000E+00   0.0000000E+00   0.0000000E+00
   2.0000000E-01   4.7746483E+01   0.0000000E+00   4.7746483E+01   4.3889427E-06   0.0000000E+00   4.3889427E-06
   2.5000000E-01   2.5464791E+01   0.0000000E+00   2.5464791E+01   3.1197240E-07   0.0000000E+00   3.1197240E-07
   3.0000000E-01   6.3661977E+01   0.0000000E+00   6.3661977E+01   8.0208351E-06   0.0000000E+00   8.0208351E-06
   3.5000000E-01   4.5472841E+01   0.0000000E+00   4.5472841E+01   2.6189959E-06   0.0000000E+00   2.6189959E-06
   4.0000000E-01   3.9788736E+01   0.0000000E+00   3.9788736E+01   3.1808451E-06   0.0000000E+00   3.1808451E-06
   4.5000000E-01   3.5367765E+01   0.0000000E+00   3.5367765E+01   1.3971475E-07   0.0000000E+00   1.3971475E-07
   5.0000000E-01   1.9098593E+01   0.0000000E+00   1.9098593E+01   2.9193291E-05   0.0000000E+00   2.9193291E-05
   5.5000000E-01   2.3149810E+01   0.0000000E+00   2.3149810E+01   3.4968067E-06   0.0000000E+00   3.4968067E-06
   6.0000000E-01   5.3051648E+01   0.0000000E+00   5.3051648E+01   3.0997929E-07   0.0000000E+00   3.0997929E-07
   6.5000000E-01   3.4279526E+01   0.0000000E+00   3.4279526E+01   5.9927917E-06   0.0000000E+00   5.9927917E-06
   7.0000000E-01   4.5472841E+01   0.0000000E+00   4.5472841E+01   5.3838617E-06   0.0000000E+00   5.3838617E-06
   7.5000000E-01   6.3661977E+01   0.0000000E+00   6.3661977E+01   5.8739929E-06   0.0000000E+00   5.8739929E-06
   8.0000000E-01   9.1514092E+01   0.0000000E+00   9.1514092E+01   6.1144885E-06   0.0000000E+00   6.1144885E-06
   8.5000000E-01   1.4979289E+02   0.0000000E+00   1.4979289E+02   1.8190970E-06   0.0000000E+00   1.8190970E-06
   9.0000000E-01   7.0735530E+00   0.0000000E+00   7.0735530E+00   1.6021794E-05   0.0000000E+00   1.6021794E-05
   9.5000000E-01   0.0000000E+00   0.0000000E+00   0.0000000E+00   0.0000000E+00   0.0000000E+00   0.0000000E+00
   1.0000000E+00   0.0000000E+00   0.0000000E+00   0.0000000E+00   0.0000000E+00   0.0000000E+00   0.0000000E+00
