   0.0000000E+00   3.0559277E+07   1.5423005E+07   4.5940520E+07   1.4669042E-05   3.0666921E-05   1.4265836E-05
   5.0000000E-02   2.1836058E+04   9.2946487E+03   3.1130707E+04   8.3296717E-03   2.3774703E-02   1.2706742E-02
   1.0000000E-01   1.1490987E+04   4.7746483E+03   1.6265635E+04   8.3701080E-03   1.1190914E-02   3.0832965E-03
   1.5000000E-01   7.7879819E+03   3.9258219E+03   1.1713804E+04   2.6188951E-03   6.4037400E-03   3.7380667E-03
   2.0000000E-01   7.0983105E+03   3.1353524E+03   1.0233663E+04   1.0126603E-02   4.7243070E-03   8.3855735E-03
   2.5000000E-01   5.0292962E+03   2.3936903E+03   7.4229865E+03   4.0006342E-03   7.6465761E-03   4.5178154E-03
   3.0000000E-01   4.2865731E+03   2.2812209E+03   6.5677940E+03   4.0802541E-03   1.4676127E-02   4.0543218E-03
   3.5000000E-01   3.4468413E+03   1.6824951E+03   5.1293365E+03   1.0030192E-02   1.7644764E-02   6.5198736E-03
   4.0000000E-01   3.2467608E+03   1.3926058E+03   4.6393666E+03   1.2283358E-02   6.3321559E-03   7.8357272E-03
   4.5000000E-01   2.8011270E+03   1.1671362E+03   3.9682632E+03   1.0877751E-02   7.7399761E-03   6.4435574E-03
   5.0000000E-01   2.5974087E+03   1.1586480E+03   3.7560567E+03   1.9868939E-02   9.6198616E-03   1.0830306E-02
   5.5000000E-01   2.2108068E+03   1.2211525E+03   3.4319593E+03   2.0224056E-02   1.3613578E-02   1.7457977E-02
   6.0000000E-01   1.8833335E+03   9.8676065E+02   2.8700941E+03   9.2739623E-03   2.6602604E-03   6.7121318E-03
   6.5000000E-01   1.7531529E+03   8.0312033E+02   2.5562732E+03   9.0901721E-03   1.2815233E-02   9.9178249E-03
   7.0000000E-01   1.5824549E+03   7.3666002E+02   2.3191149E+03   2.0057221E-02   1.3601704E-02   1.7775098E-02
   7.5000000E-01   1.2350424E+03   6.3237564E+02   1.8674180E+03   2.4472400E-02   1.2048164E-02   1.5560685E-02
   8.0000000E-01   1.0345071E+03   5.1725357E+02   1.5517607E+03   1.7958299E-02   2.0139094E-02   1.6138862E-02
   8.5000000E-01   8.8377804E+02   4.2316491E+02   1.3069429E+03   2.3300084E-02   1.9710879E-02   9.7958041E-03
   9.0000000E-01   7.3211274E+02   3.1123633E+02   1.0433491E+03   1.2419216E-02   2.1215756E-02   1.4477305E-02
   9.5000000E-01   5.2269834E+02   2.4124539E+02   7.6394373E+02   2.7110904E-02   1.5599145E-02   2.1740288E-02
   1.0000000E+00   2.5150411E+02   1.3203966E+02   3.8354376E+02   4.0024450E-02   5.8333966E-02   3.0376609E-02
