   0.0000000E+00   1.5184655E+07   1.0669238E+07   2.5832502E+07   5.5200534E-04   4.8566078E-04   4.7668469E-04
   5.0000000E-02   2.5719439E+05   1.1249071E+05   3.6968510E+05   6.7876929E-03   2.0147681E-03   5.3349948E-03
   1.0000000E-01   8.2187613E+04   3.6350989E+04   1.1853860E+05   1.7007177E-03   2.3375301E-03   6.2002826E-04
   1.5000000E-01   5.5131272E+04   2.2281692E+04   7.7412964E+04   2.7522492E-03   4.6754757E-03   3.1498865E-03
   2.0000000E-01   3.9199862E+04   1.5071973E+04   5.4271836E+04   8.2805716E-03   4.4045653E-03   5.6976610E-03
   2.5000000E-01   3.0455890E+04   1.1077184E+04   4.1533074E+04   2.8954914E-03   3.2814606E-03   1.4694819E-03
   3.0000000E-01   2.3915683E+04   8.5943669E+03   3.2510050E+04   2.9302533E-03   3.3169280E-03   3.0163499E-03
   3.5000000E-01   2.0308171E+04   7.1210469E+03   2.7429218E+04   1.2525990E-03   3.8561618E-03   1.0064948E-03
   4.0000000E-01   1.7069368E+04   5.4033103E+03   2.2464720E+04   7.0769023E-03   3.2674572E-03   4.7855193E-03
   4.5000000E-01   1.4430048E+04   4.3926764E+03   1.8822725E+04   1.7158192E-03   2.2383532E-03   1.6277672E-03
   5.0000000E-01   1.1739269E+04   3.6287327E+03   1.5368001E+04   6.0032493E-03   2.8380954E-03   5.2550906E-03
   5.5000000E-01   1.0741512E+04   3.2351859E+03   1.3976698E+04   5.8184199E-03   1.9227325E-03   4.0545230E-03
   6.0000000E-01   9.5811276E+03   2.8064322E+03   1.2387560E+04   8.2334327E-03   1.7908249E-03   6.7558584E-03
   6.5000000E-01   8.0507916E+03   2.1889926E+03   1.0239784E+04   5.1159974E-04   1.8051765E-03   4.4402643E-04
   7.0000000E-01   7.3302220E+03   1.7825354E+03   9.1127573E+03   4.9029063E-03   7.9408751E-04   3.9285937E-03
   7.5000000E-01   5.8441695E+03   1.4048076E+03   7.2489771E+03   4.6779641E-03   3.9984697E-03   3.7242567E-03
   8.0000000E-01   5.0690849E+03   1.2334508E+03   6.2985569E+03   4.0886206E-03   4.8070776E-03   3.7670758E-03
   8.5000000E-01   4.1679871E+03   8.9501250E+02   5.0629996E+03   9.3388679E-03   1.4831288E-03   7.5706783E-03
   9.0000000E-01   2.9991865E+03   7.6394373E+02   3.7631302E+03   5.8726148E-03   7.3251452E-03   4.3460564E-03
   9.5000000E-01   1.9232618E+03   3.5851745E+02   2.2817793E+03   5.6918524E-03   8.7046478E-03   5.0658159E-03
   1.0000000E+00   6.9163630E+02   1.2575205E+02   8.1738835E+02   3.1389082E-02   2.1012875E-02   2.3798781E-02
