   0.0000000E+00   3.3386887E+07   1.6756342E+07   4.9501516E+07   1.7604278E-05   6.5764257E-06   1.4099546E-05
   5.0000000E-02   9.5492966E+02   6.3661977E+02   1.5915494E+03   1.1506858E-01   8.7157738E-02   1.0390425E-01
   1.0000000E-01   5.4112681E+02   2.2281692E+02   7.6394373E+02   1.4220456E-01   1.3998475E-01   1.4155711E-01
   1.5000000E-01   3.3953055E+02   2.1220659E+01   3.6075120E+02   1.7663227E-01   3.8135068E-07   1.6624211E-01
   2.0000000E-01   9.5492966E+01   4.7746483E+01   1.4323945E+02   2.9509425E-01   2.1357530E-01   2.6792127E-01
   2.5000000E-01   8.9126768E+01   2.5464791E+01   1.1459156E+02   1.7508201E-01   2.0217588E-01   1.8110287E-01
   3.0000000E-01   1.1671362E+02   3.1830989E+01   1.4854461E+02   2.2338677E-01   1.1769504E-05   1.7551566E-01
   3.5000000E-01   1.3641852E+02   2.7283705E+01   1.6370223E+02   1.9232020E-01   1.6729831E-01   1.8814989E-01
   4.0000000E-01   1.0345071E+02   1.5915494E+01   1.1936621E+02   1.8249679E-01   7.5156999E-02   1.6818482E-01
   4.5000000E-01   8.4882636E+01   0.0000000E+00   8.4882636E+01   1.5786597E-01   0.0000000E+00   1.5786597E-01
   5.0000000E-01   2.5464791E+01   3.1830989E+01   5.7295780E+01   1.8798264E-01   2.2560313E-01   2.0888291E-01
   5.5000000E-01   5.2087072E+01   0.0000000E+00   5.2087072E+01   1.6215665E-01   0.0000000E+00   1.6215665E-01
   6.0000000E-01   3.7136153E+01   5.3051648E+00   4.2441318E+01   1.1446166E-01   4.1602949E-01   1.5215764E-01
   6.5000000E-01   3.4279526E+01   9.7941503E+00   4.4073677E+01   2.2731613E-01   1.4399229E-01   2.0879972E-01
   7.0000000E-01   2.2736420E+01   0.0000000E+00   2.2736420E+01   2.3895737E-01   0.0000000E+00   2.3895737E-01
   7.5000000E-01   8.4882636E+00   4.2441318E+00   1.2732395E+01   3.2042526E-06   2.1633548E-06   1.4150501E-06
   8.0000000E-01   7.9577472E+00   0.0000000E+00   7.9577472E+00   2.8143385E-01   0.0000000E+00   2.8143385E-01
   8.5000000E-01   2.2468933E+01   0.0000000E+00   2.2468933E+01   9.3774843E-02   0.0000000E+00   9.3774843E-02
   9.0000000E-01   1.0610330E+01   0.0000000E+00   1.0610330E+01   2.5218759E-01   0.0000000E+00   2.5218759E-01
   9.5000000E-01   3.3506304E+00   0.0000000E+00   3.3506304E+00   1.3576079E-05   0.0000000E+00   1.3576079E-05
   1.0000000E+00   6.2876027E+00   0.0000000E+00   6.2876027E+00   1.7225078E-05   0.0000000E+00   1.7225078E-05
