   0.0000000E+00   3.3399620E+07   1.6817457E+07   4.9727134E+07   4.7265864E-04   2.9900090E-09   3.1746589E-04
   5.0000000E-02   8.9126768E+02   3.8197186E+02   1.2732395E+03   2.8799662E-01   1.6751159E-05   2.0159261E-01
   1.0000000E-01   9.5492966E+01   0.0000000E+00   9.5492966E+01   4.8873665E-07   0.0000000E+00   4.8873665E-07
   1.5000000E-01   2.1220659E+02   0.0000000E+00   2.1220659E+02   3.7642324E-05   0.0000000E+00   3.7642324E-05
   2.0000000E-01   1.7507044E+02   0.0000000E+00   1.7507044E+02   8.4934356E-08   0.0000000E+00   8.4934356E-08
   2.5000000E-01   2.9284510E+02   0.0000000E+00   2.9284510E+02   1.4878886E-06   0.0000000E+00   1.4878886E-06
   3.0000000E-01   2.0159626E+02   0.0000000E+00   2.0159626E+02   7.2232401E-06   0.0000000E+00   7.2232401E-06
   3.5000000E-01   3.4559359E+02   0.0000000E+00   3.4559359E+02   3.3043251E-06   0.0000000E+00   3.3043251E-06
   4.0000000E-01   3.5809862E+02   0.0000000E+00   3.5809862E+02   4.4215498E-05   0.0000000E+00   4.4215498E-05
   4.5000000E-01   5.8003135E+02   0.0000000E+00   5.8003135E+02   3.6078476E-06   0.0000000E+00   3.6078476E-06
   5.0000000E-01   7.0664795E+02   0.0000000E+00   7.0664795E+02   1.1202792E-06   0.0000000E+00   1.1202792E-06
   5.5000000E-01   5.7874525E+00   0.0000000E+00   5.7874525E+00   1.5817433E-04   0.0000000E+00   1.5817433E-04
   6.0000000E-01   0.0000000E+00   0.0000000E+00   0.0000000E+00   0.0000000E+00   0.0000000E+00   0.0000000E+00
   6.5000000E-01   0.0000000E+00   0.0000000E+00   0.0000000E+00   0.0000000E+00   0.0000000E+00   0.0000000E+00
   7.0000000E-01   0.0000000E+00   0.0000000E+00   0.0000000E+00   0.0000000E+00   0.0000000E+00   0.0000000E+00
   7.5000000E-01   0.0000000E+00   0.0000000E+00   0.0000000E+00   0.0000000E+00   0.0000000E+00   0.0000000E+00
   8.0000000E-01   0.0000000E+00   0.0000000E+00   0.0000000E+00   0.0000000E+00   0.0000000E+00   0.0000000E+00
   8.5000000E-01   0.0000000E+00   0.0000000E+00   0.0000000E+00   0.0000000E+00   0.0000000E+00   0.0000000E+00
   9.0000000E-01   0.0000000E+00   0.0000000E+00   0.0000000E+00   0.0000000E+00   0.0000000E+00   0.0000000E+00
   9.5000000E-01   0.0000000E+00   0.0000000E+00   0.0000000E+00   0.0000000E+00   0.0000000E+00   0.0000000E+00
   1.0000000E+00   0.0000000E+00   0.0000000E+00   0.0000000E+00   0.0000000E+00   0.0000000E+00   0.0000000E+00
