   0.0000000E+00   3.2466590E+07   1.6594386E+07   4.8551680E+07   1.6240174E-04   1.0022917E-04   1.4282902E-04
   5.0000000E-02   1.1968452E+04   4.2016905E+03   1.6170142E+04   1.2909239E-01   9.2621271E-02   1.1961307E-01
   1.0000000E-01   4.2016905E+03   1.7188734E+03   5.9205639E+03   1.6300714E-01   8.1190011E-02   1.3925262E-01
   1.5000000E-01   3.1406575E+03   1.3581222E+03   4.4987797E+03   1.6506153E-01   8.7520594E-02   1.4159963E-01
   2.0000000E-01   2.4032396E+03   4.7746483E+02   2.8807045E+03   1.5741566E-01   1.3188388E-01   1.5318220E-01
   2.5000000E-01   1.7698030E+03   4.5836624E+02   2.2281692E+03   1.5393450E-01   5.9434695E-02   1.3445424E-01
   3.0000000E-01   1.4642255E+03   4.1380285E+02   1.8780283E+03   1.7872902E-01   9.1171464E-02   1.5943668E-01
   3.5000000E-01   1.1913884E+03   4.0925557E+02   1.6006440E+03   1.5542507E-01   1.0494709E-01   1.4251504E-01
   4.0000000E-01   9.6288741E+02   2.7852115E+02   1.2414086E+03   1.6435142E-01   1.3872602E-01   1.5859769E-01
   4.5000000E-01   7.6394373E+02   1.9098593E+02   9.5492966E+02   1.6503261E-01   6.7086021E-02   1.4544326E-01
   5.0000000E-01   6.6208456E+02   2.3554932E+02   8.9763388E+02   2.1506661E-01   9.8024471E-02   1.8435118E-01
   5.5000000E-01   5.1508327E+02   1.2732395E+02   6.4240722E+02   1.8985918E-01   7.8767149E-02   1.6778303E-01
   6.0000000E-01   3.8727703E+02   1.2201879E+02   5.0929582E+02   2.2084139E-01   7.5172342E-02   1.8593910E-01
   6.5000000E-01   3.9666309E+02   1.1752980E+02   5.1419289E+02   1.9254782E-01   7.2342486E-02   1.6506978E-01
   7.0000000E-01   4.0016100E+02   8.6398398E+01   4.8655940E+02   2.1668279E-01   5.6619286E-02   1.8826029E-01
   7.5000000E-01   2.9708923E+02   7.2150241E+01   3.6923947E+02   2.1591422E-01   1.1780022E-01   1.9674252E-01
   8.0000000E-01   3.1433101E+02   4.3767609E+01   3.5809862E+02   2.3072598E-01   1.3148335E-01   2.1859488E-01
   8.5000000E-01   1.6102735E+02   5.2427511E+01   2.1345486E+02   1.8191076E-01   8.5443778E-02   1.5821711E-01
   9.0000000E-01   1.4854461E+02   1.0610330E+01   1.5915494E+02   2.3587246E-01   1.6569174E-04   2.2013659E-01
   9.5000000E-01   1.0722017E+02   2.3454413E+01   1.3067458E+02   1.7397650E-01   6.0421111E-02   1.5356849E-01
   1.0000000E+00   5.6588424E+01   0.0000000E+00   5.6588424E+01   2.3654505E-01   0.0000000E+00   2.3654505E-01
