   0.0000000E+00   4.1828466E+06   9.5706870E+06   1.3729597E+07   1.6605610E-02   3.0648728E-04   5.2308191E-03
   5.0000000E-02   2.3650425E+05   1.3120734E+05   3.6745693E+05   4.3437663E-02   4.0530389E-03   2.9330074E-02
   1.0000000E-01   1.0208198E+05   5.7614089E+04   1.5953691E+05   4.1710333E-02   2.4378963E-03   2.7362418E-02
   1.5000000E-01   6.5826484E+04   3.2021975E+04   9.7848459E+04   3.6816840E-02   2.3225998E-03   2.5522409E-02
   2.0000000E-01   5.0531694E+04   2.0992537E+04   7.1508316E+04   3.2650335E-02   9.8087120E-04   2.3399680E-02
   2.5000000E-01   4.1507609E+04   1.5851832E+04   5.7321244E+04   3.5443602E-02   2.6212200E-03   2.6347217E-02
   3.0000000E-01   3.4048547E+04   1.0716433E+04   4.4743760E+04   2.7253062E-02   1.8788603E-03   2.1096233E-02
   3.5000000E-01   2.9402739E+04   8.3942864E+03   3.7769742E+04   2.8596844E-02   1.4895210E-03   2.1835061E-02
   4.0000000E-01   2.6085495E+04   6.2070428E+03   3.2284580E+04   2.6959214E-02   1.0306557E-03   2.1822536E-02
   4.5000000E-01   2.2755620E+04   5.4890771E+03   2.8237624E+04   2.1482832E-02   3.2495831E-04   1.7287651E-02
   5.0000000E-01   2.1135776E+04   3.9343102E+03   2.5057354E+04   2.2898307E-02   1.2290083E-03   1.9188295E-02
   5.5000000E-01   1.9185405E+04   2.8416392E+03   2.2021257E+04   1.7878098E-02   1.1629292E-05   1.5574840E-02
   6.0000000E-01   1.7082631E+04   2.3661035E+03   1.9443429E+04   1.8604979E-02   1.5916141E-03   1.6461624E-02
   6.5000000E-01   1.5063403E+04   1.8119178E+03   1.6855733E+04   1.6014104E-02   1.3671790E-03   1.4452937E-02
   7.0000000E-01   1.3714609E+04   1.3459961E+03   1.5046963E+04   1.6454442E-02   1.0000799E-05   1.4996915E-02
   7.5000000E-01   1.2477748E+04   9.3795313E+02   1.3415701E+04   1.3782404E-02   3.1251510E-03   1.3033358E-02
   8.0000000E-01   1.1093100E+04   7.8781697E+02   1.1876938E+04   1.0026570E-02   1.6941516E-06   9.3648863E-03
   8.5000000E-01   9.8526272E+03   6.1415084E+02   1.0463033E+04   8.6806895E-03   1.3566157E-05   8.1747097E-03
   9.0000000E-01   8.3963074E+03   4.2441318E+02   8.8207206E+03   9.3832320E-03   1.6809602E-04   8.9387288E-03
   9.5000000E-01   6.3293408E+03   3.4846556E+02   6.6778063E+03   5.4879288E-03   2.4773959E-06   5.2016765E-03
   1.0000000E+00   2.8545716E+03   1.0060164E+02   2.9551733E+03   6.9034880E-03   3.6484694E-06   6.6683518E-03
