   0.0000000E+00   3.0950925E+07   1.6850561E+07   4.7362983E+07   6.7253335E-03   4.7107256E-07   4.3432945E-03
   5.0000000E-02   1.0567888E+04   2.8011270E+03   1.3369015E+04   2.3277283E-01   2.1427326E-05   1.8399689E-01
   1.0000000E-01   3.2785918E+03   0.0000000E+00   3.2785918E+03   8.3650083E-08   0.0000000E+00   8.3650083E-08
   1.5000000E-01   3.5438501E+03   0.0000000E+00   3.5438501E+03   6.1663053E-07   0.0000000E+00   6.1663053E-07
   2.0000000E-01   3.8197186E+03   0.0000000E+00   3.8197186E+03   3.6289014E-07   0.0000000E+00   3.6289014E-07
   2.5000000E-01   3.8706482E+03   0.0000000E+00   3.8706482E+03   1.7883955E-06   0.0000000E+00   1.7883955E-06
   3.0000000E-01   3.9682632E+03   0.0000000E+00   3.9682632E+03   2.3270341E-06   0.0000000E+00   2.3270341E-06
   3.5000000E-01   4.2198796E+03   0.0000000E+00   4.2198796E+03   6.1148369E-06   0.0000000E+00   6.1148369E-06
   4.0000000E-01   5.5306343E+03   0.0000000E+00   5.5306343E+03   4.7180115E-06   0.0000000E+00   4.7180115E-06
   4.5000000E-01   8.0001885E+03   0.0000000E+00   8.0001885E+03   1.7929559E-04   0.0000000E+00   1.7929559E-04
   5.0000000E-01   9.7020853E+03   0.0000000E+00   9.7020853E+03   9.4587086E-06   0.0000000E+00   9.4587086E-06
   5.5000000E-01   1.2732395E+02   0.0000000E+00   1.2732395E+02   1.1236957E-05   0.0000000E+00   1.1236957E-05
   6.0000000E-01   0.0000000E+00   0.0000000E+00   0.0000000E+00   0.0000000E+00   0.0000000E+00   0.0000000E+00
   6.5000000E-01   0.0000000E+00   0.0000000E+00   0.0000000E+00   0.0000000E+00   0.0000000E+00   0.0000000E+00
   7.0000000E-01   0.0000000E+00   0.0000000E+00   0.0000000E+00   0.0000000E+00   0.0000000E+00   0.0000000E+00
   7.5000000E-01   0.0000000E+00   0.0000000E+00   0.0000000E+00   0.0000000E+00   0.0000000E+00   0.0000000E+00
   8.0000000E-01   0.0000000E+00   0.0000000E+00   0.0000000E+00   0.0000000E+00   0.0000000E+00   0.0000000E+00
   8.5000000E-01   0.0000000E+00   0.0000000E+00   0.0000000E+00   0.0000000E+00   0.0000000E+00   0.0000000E+00
   9.0000000E-01   0.0000000E+00   0.0000000E+00   0.0000000E+00   0.0000000E+00   0.0000000E+00   0.0000000E+00
   9.5000000E-01   0.0000000E+00   0.0000000E+00   0.0000000E+00   0.0000000E+00   0.0000000E+00   0.0000000E+00
   1.0000000E+00   0.0000000E+00   0.0000000E+00   0.0000000E+00   0.0000000E+00   0.0000000E+00   0.0000000E+00
