   0.0000000E+00   5.1540737E+05   1.0078455E+07   1.0592844E+07   2.4931869E-05   5.3490736E-06   4.5610284E-06
   5.0000000E-02   1.3992903E+05   2.7813918E+05   4.1774989E+05   2.6252837E-04   8.7583987E-05   1.4205118E-04
   1.0000000E-01   1.1319100E+05   9.8962544E+04   2.1205805E+05   3.4804697E-05   1.0265863E-04   6.5143472E-05
   1.5000000E-01   1.0589109E+05   4.6112492E+04   1.5187626E+05   8.4342413E-05   1.2142037E-05   6.1820932E-05
   2.0000000E-01   9.5922684E+04   2.4127889E+04   1.2003466E+05   1.1527573E-04   2.9279224E-05   9.7684580E-05
   2.5000000E-01   9.0972965E+04   1.2770593E+04   1.0366716E+05   9.8087305E-05   3.3514831E-05   8.9029512E-05
   3.0000000E-01   8.5052402E+04   6.5147423E+03   9.1567144E+04   7.9782464E-05   1.4656543E-05   7.5122337E-05
   3.5000000E-01   7.8486123E+04   3.4195576E+03   8.1878397E+04   3.6690174E-05   3.7637525E-06   3.5213083E-05
   4.0000000E-01   7.1890288E+04   1.9973945E+03   7.3879725E+04   1.7384534E-05   8.4497136E-06   1.6710339E-05
   4.5000000E-01   6.1221601E+04   9.1248834E+02   6.2134090E+04   1.3009513E-04   3.1494717E-05   1.2802099E-04
   5.0000000E-01   2.0511889E+04   8.2760570E+01   2.0594650E+04   4.9542654E-04   2.9070386E-06   4.9344698E-04
   5.5000000E-01   9.8618190E+03   2.3149810E+01   9.8849688E+03   1.5279289E-05   1.4061065E-05   1.5272866E-05
   6.0000000E-01   5.5385920E+03   0.0000000E+00   5.5385920E+03   5.8343177E-04   0.0000000E+00   5.8343177E-04
   6.5000000E-01   2.8354065E+03   0.0000000E+00   2.8354065E+03   1.8637375E-05   0.0000000E+00   1.8637375E-05
   7.0000000E-01   1.6051913E+03   0.0000000E+00   1.6051913E+03   8.6757925E-04   0.0000000E+00   8.6757925E-04
   7.5000000E-01   8.7004702E+02   0.0000000E+00   8.7004702E+02   6.1589262E-04   0.0000000E+00   6.1589262E-04
   8.0000000E-01   4.2176060E+02   0.0000000E+00   4.2176060E+02   6.3125188E-06   0.0000000E+00   6.3125188E-06
   8.5000000E-01   1.7226182E+02   0.0000000E+00   1.7226182E+02   1.0640743E-05   0.0000000E+00   1.0640743E-05
   9.0000000E-01   9.9029742E+01   0.0000000E+00   9.9029742E+01   1.9511732E-06   0.0000000E+00   1.9511732E-06
   9.5000000E-01   2.3454413E+01   0.0000000E+00   2.3454413E+01   5.3953073E-06   0.0000000E+00   5.3953073E-06
   1.0000000E+00   1.2575205E+01   0.0000000E+00   1.2575205E+01   3.6579223E-06   0.0000000E+00   3.6579223E-06
