   0.0000000E+00   3.1279421E+07   1.6071339E+07   4.7031432E+07   2.1602930E-04   1.0426968E-04   1.7506804E-04
   5.0000000E-02   2.6674368E+04   1.1331832E+04   3.8006200E+04   1.2854907E-01   6.9677444E-02   1.1097189E-01
   1.0000000E-01   1.2477748E+04   5.3157751E+03   1.7793523E+04   1.2286089E-01   9.1269951E-02   1.1341617E-01
   1.5000000E-01   7.3635687E+03   3.2679815E+03   1.0631550E+04   1.0659581E-01   9.5387152E-02   1.0296234E-01
   2.0000000E-01   5.1407047E+03   2.5146481E+03   7.6553528E+03   1.1748288E-01   7.3601401E-02   1.0304828E-01
   2.5000000E-01   3.7815214E+03   1.6552114E+03   5.4240005E+03   1.1857682E-01   9.7515560E-02   1.1203295E-01
   3.0000000E-01   2.7374650E+03   1.4111738E+03   4.1486388E+03   1.1271093E-01   8.0569107E-02   1.0177316E-01
   3.5000000E-01   2.2827366E+03   1.0913482E+03   3.3740848E+03   1.1123116E-01   5.2921107E-02   9.1896909E-02
   4.0000000E-01   2.1963382E+03   7.2415499E+02   2.9204932E+03   1.3137212E-01   9.9244347E-02   1.2337861E-01
   4.5000000E-01   1.8037560E+03   7.1442886E+02   2.5181849E+03   1.5024537E-01   7.9736196E-02   1.3023579E-01
   5.0000000E-01   1.5215213E+03   5.4749300E+02   2.0690143E+03   1.2256878E-01   1.2398630E-01   1.2294283E-01
   5.5000000E-01   1.2732395E+03   5.1508327E+02   1.7883228E+03   1.1992737E-01   9.5732553E-02   1.1283083E-01
   6.0000000E-01   1.1353053E+03   4.9338032E+02   1.6286856E+03   1.4479595E-01   8.3412784E-02   1.2619719E-01
   6.5000000E-01   1.0773565E+03   3.9666309E+02   1.4740196E+03   1.5142725E-01   1.1033029E-01   1.4031288E-01
   7.0000000E-01   8.4124756E+02   3.2285717E+02   1.1641047E+03   1.3705940E-01   1.1927288E-01   1.3205742E-01
   7.5000000E-01   6.2813151E+02   3.1406575E+02   9.4219726E+02   1.5459476E-01   1.1797975E-01   1.4217967E-01
   8.0000000E-01   5.8091554E+02   2.5862678E+02   8.3954232E+02   1.8559667E-01   9.5792161E-02   1.5789227E-01
   8.5000000E-01   4.3814420E+02   1.9098593E+02   6.2913013E+02   1.9113649E-01   1.4460898E-01   1.7698810E-01
   9.0000000E-01   3.6428798E+02   1.6622850E+02   5.3051648E+02   1.4784553E-01   1.1974310E-01   1.3846798E-01
   9.5000000E-01   2.1779097E+02   7.7064499E+01   2.9485547E+02   2.2197810E-01   1.2501711E-01   1.9663410E-01
   1.0000000E+00   8.1738835E+01   4.4013219E+01   1.2575205E+02   2.9223793E-01   1.5892325E-01   2.4527314E-01
