   0.0000000E+00   2.1811612E+07   1.1744362E+07   3.3476014E+07   2.3846264E-03   2.2895641E-05   1.5411623E-03
   5.0000000E-02   7.6477133E+05   4.1049243E+05   1.1746908E+06   7.1915257E-04   3.2681224E-04   4.7043637E-04
   1.0000000E-01   1.3286255E+05   7.2256344E+04   2.0502340E+05   8.2481869E-03   1.3997298E-03   5.7958178E-03
   1.5000000E-01   3.8112304E+04   2.1199438E+04   5.9311742E+04   8.5621443E-03   1.3603630E-03   5.9618707E-03
   2.0000000E-01   1.2318593E+04   6.5890146E+03   1.8907607E+04   1.0144394E-02   3.5445141E-03   7.7413474E-03
   2.5000000E-01   4.1507609E+03   1.7825354E+03   5.9332963E+03   1.7602423E-02   7.8895541E-03   1.3521584E-02
   3.0000000E-01   2.2069485E+03   6.4723010E+02   2.8541786E+03   9.3030432E-03   1.7176511E-02   4.6911318E-03
   3.5000000E-01   1.0640645E+03   1.1822939E+02   1.1822939E+03   4.2667105E-03   7.8810071E-02   1.1682641E-02
   4.0000000E-01   1.1459156E+03   1.5915494E+01   1.1618311E+03   1.5226113E-03   1.9847527E-01   1.7976314E-03
   4.5000000E-01   9.9737098E+02   7.0735530E+00   1.0044445E+03   3.9330876E-04   4.2863154E-01   3.3619474E-03
   5.0000000E-01   1.0822536E+03   1.2732395E+01   1.0949860E+03   7.4978596E-04   4.2846621E-01   5.7143184E-03
   5.5000000E-01   1.0301665E+03   0.0000000E+00   1.0301665E+03   2.0353936E-03   0.0000000E+00   2.0353936E-03
   6.0000000E-01   1.0981691E+03   0.0000000E+00   1.0981691E+03   3.6510056E-03   0.0000000E+00   3.6510056E-03
   6.5000000E-01   1.3417986E+03   4.8970752E+00   1.3466957E+03   3.1600216E-04   2.7568244E-01   6.8796762E-04
   7.0000000E-01   1.2641450E+03   4.5472841E+00   1.2686923E+03   4.0543325E-04   6.0133937E-01   1.8990766E-03
   7.5000000E-01   1.4599813E+03   4.2441318E+00   1.4642255E+03   1.7337137E-03   6.3694199E-01   4.0393883E-04
   8.0000000E-01   1.6830635E+03   0.0000000E+00   1.6830635E+03   1.7267443E-03   0.0000000E+00   1.7267443E-03
   8.5000000E-01   1.8724111E+03   0.0000000E+00   1.8724111E+03   1.7942066E-03   0.0000000E+00   1.7942066E-03
   9.0000000E-01   2.2317060E+03   0.0000000E+00   2.2317060E+03   1.9723870E-03   0.0000000E+00   1.9723870E-03
   9.5000000E-01   2.1544553E+03   0.0000000E+00   2.1544553E+03   8.2642372E-04   0.0000000E+00   8.2642372E-04
   1.0000000E+00   1.2700957E+03   0.0000000E+00   1.2700957E+03   4.0596743E-05   0.0000000E+00   4.0596743E-05
