   0.0000000E+00   3.2036744E+07   1.6244499E+07   4.7889595E+07   1.3128555E-04   7.3176622E-05   1.1264521E-04
   5.0000000E-02   1.8398311E+04   6.7481696E+03   2.5146481E+04   1.3262560E-01   1.0931651E-01   1.2636332E-01
   1.0000000E-01   8.4670430E+03   3.6605637E+03   1.2127607E+04   1.3114547E-01   1.0936823E-01   1.2454688E-01
   1.5000000E-01   5.5173714E+03   2.3342725E+03   7.8516439E+03   1.2996520E-01   1.0941474E-01   1.2376638E-01
   2.0000000E-01   3.7719722E+03   1.4642255E+03   5.2361976E+03   1.2256724E-01   8.3030140E-02   1.1150870E-01
   2.5000000E-01   2.8393242E+03   1.2859719E+03   4.1252961E+03   1.2531289E-01   9.5894324E-02   1.1614213E-01
   3.0000000E-01   2.1538969E+03   7.4272307E+02   2.8966200E+03   1.4178059E-01   1.0967287E-01   1.3346814E-01
   3.5000000E-01   1.6552114E+03   7.7303830E+02   2.4282497E+03   1.4767774E-01   9.1629546E-02   1.2970877E-01
   4.0000000E-01   1.7984509E+03   6.2866203E+02   2.4271129E+03   1.4241937E-01   1.0869930E-01   1.3363718E-01
   4.5000000E-01   1.2449453E+03   5.2344292E+02   1.7683883E+03   1.4983363E-01   1.2070454E-01   1.4118092E-01
   5.0000000E-01   1.1841128E+03   3.8197186E+02   1.5660846E+03   1.7776884E-01   1.7644622E-01   1.7743899E-01
   5.5000000E-01   8.6811787E+02   3.2409734E+02   1.1922152E+03   1.5546777E-01   1.3632231E-01   1.5025549E-01
   6.0000000E-01   7.2680757E+02   2.7056340E+02   9.9737098E+02   1.7354721E-01   1.4487271E-01   1.6569984E-01
   6.5000000E-01   7.1987005E+02   2.1547131E+02   9.3534136E+02   1.9429196E-01   1.1614305E-01   1.7622135E-01
   7.0000000E-01   5.6841051E+02   1.9553322E+02   7.6394373E+02   1.7613977E-01   1.2116895E-01   1.6206837E-01
   7.5000000E-01   5.3476061E+02   1.1459156E+02   6.4935217E+02   2.1189412E-01   1.4030350E-01   1.9908314E-01
   8.0000000E-01   3.7003524E+02   1.4323945E+02   5.1327469E+02   2.2887537E-01   1.7466227E-01   2.1373714E-01
   8.5000000E-01   3.5201329E+02   9.7365377E+01   4.4937866E+02   2.2887885E-01   1.4520624E-01   2.1072100E-01
   9.0000000E-01   2.8647890E+02   1.0964007E+02   3.9611897E+02   2.1535189E-01   1.6428959E-01   2.0104236E-01
   9.5000000E-01   1.5747963E+02   7.7064499E+01   2.3454413E+02   2.2697755E-01   2.3227370E-01   2.2868927E-01
   1.0000000E+00   9.4314040E+01   1.8862808E+01   1.1317685E+02   3.1187601E-01   1.3066436E-05   2.5989450E-01
