   0.0000000E+00   3.1715888E+07   1.6812874E+07   4.8194663E+07   9.3332552E-03   1.9582146E-07   6.1201030E-03
   5.0000000E-02   3.1449017E+04   8.8490148E+03   4.0298032E+04   3.1394793E-01   5.3267886E-05   2.4502002E-01
   1.0000000E-01   4.1380285E+02   0.0000000E+00   4.1380285E+02   2.1167927E-07   0.0000000E+00   2.1167927E-07
   1.5000000E-01   7.4272307E+02   0.0000000E+00   7.4272307E+02   5.7001709E-03   0.0000000E+00   5.7001709E-03
   2.0000000E-01   4.6154933E+02   0.0000000E+00   4.6154933E+02   1.7514991E-07   0.0000000E+00   1.7514991E-07
   2.5000000E-01   7.5121133E+02   0.0000000E+00   7.5121133E+02   4.6221475E-07   0.0000000E+00   4.6221475E-07
   3.0000000E-01   5.7295780E+02   0.0000000E+00   5.7295780E+02   6.5746801E-06   0.0000000E+00   6.5746801E-06
   3.5000000E-01   5.7295780E+02   0.0000000E+00   5.7295780E+02   2.0876123E-06   0.0000000E+00   2.0876123E-06
   4.0000000E-01   6.6845076E+02   0.0000000E+00   6.6845076E+02   7.2070409E-06   0.0000000E+00   7.2070409E-06
   4.5000000E-01   6.7198754E+02   0.0000000E+00   6.7198754E+02   9.7378168E-07   0.0000000E+00   9.7378168E-07
   5.0000000E-01   5.9205639E+02   0.0000000E+00   5.9205639E+02   2.6135954E-06   0.0000000E+00   2.6135954E-06
   5.5000000E-01   6.3083232E+02   0.0000000E+00   6.3083232E+02   3.6096173E-06   0.0000000E+00   3.6096173E-06
   6.0000000E-01   6.3131461E+02   0.0000000E+00   6.3131461E+02   8.7329583E-06   0.0000000E+00   8.7329583E-06
   6.5000000E-01   7.3945835E+02   0.0000000E+00   7.3945835E+02   2.3317273E-05   0.0000000E+00   2.3317273E-05
   7.0000000E-01   6.7754533E+02   0.0000000E+00   6.7754533E+02   6.5728216E-06   0.0000000E+00   6.5728216E-06
   7.5000000E-01   9.1673247E+02   0.0000000E+00   9.1673247E+02   3.2398293E-05   0.0000000E+00   3.2398293E-05
   8.0000000E-01   9.7084515E+02   0.0000000E+00   9.7084515E+02   7.2168331E-07   0.0000000E+00   7.2168331E-07
   8.5000000E-01   1.1271915E+03   0.0000000E+00   1.1271915E+03   4.0395790E-06   0.0000000E+00   4.0395790E-06
   9.0000000E-01   1.4005635E+03   0.0000000E+00   1.4005635E+03   1.9500438E-05   0.0000000E+00   1.9500438E-05
   9.5000000E-01   2.2750780E+03   0.0000000E+00   2.2750780E+03   2.1150964E-05   0.0000000E+00   2.1150964E-05
   1.0000000E+00   2.8168460E+03   0.0000000E+00   2.8168460E+03   7.9907571E-06   0.0000000E+00   7.9907571E-06
