   0.0000000E+00   1.8751763E+07   1.1037968E+07   2.9628284E+07   1.0529081E-03   3.7932012E-04   7.1045785E-04
   5.0000000E-02   1.9181354E+05   8.9699726E+04   2.8106763E+05   4.3192188E-03   4.5185223E-03   3.7468246E-03
   1.0000000E-01   6.5826484E+04   3.1035214E+04   9.6861698E+04   2.6435164E-03   1.5705948E-03   1.8668488E-03
   1.5000000E-01   4.2632304E+04   1.8652959E+04   6.1264043E+04   3.1877509E-03   1.2929741E-03   2.6696934E-03
   2.0000000E-01   3.0605496E+04   1.2907466E+04   4.3512961E+04   3.0726359E-03   6.0320866E-03   3.8657634E-03
   2.5000000E-01   2.3262086E+04   9.9312684E+03   3.3167890E+04   1.1934913E-02   4.4272930E-03   7.0710286E-03
   3.0000000E-01   1.9066762E+04   7.4272307E+03   2.6483383E+04   4.2636106E-03   6.8971602E-03   4.8501261E-03
   3.5000000E-01   1.5515333E+04   6.7299805E+03   2.2245314E+04   9.8064826E-03   6.2318406E-03   8.3457144E-03
   4.0000000E-01   1.3544086E+04   5.3157751E+03   1.8859861E+04   3.5625550E-03   4.4953147E-03   3.7593122E-03
   4.5000000E-01   1.1621848E+04   4.4068235E+03   1.6028671E+04   7.3092223E-03   3.3296406E-03   5.8689809E-03
   5.0000000E-01   1.0064959E+04   3.6478313E+03   1.3706424E+04   1.3244367E-02   2.1499063E-03   9.1878413E-03
   5.5000000E-01   8.5596422E+03   3.2525483E+03   1.1806403E+04   1.9433087E-03   9.9451079E-03   1.6580889E-03
   6.0000000E-01   7.1407518E+03   2.8276528E+03   9.9630994E+03   6.7751463E-03   9.1048968E-03   7.3464350E-03
   6.5000000E-01   6.8363169E+03   2.3946698E+03   9.2309867E+03   1.1598825E-02   9.4576274E-03   1.0913441E-02
   7.0000000E-01   5.8250709E+03   2.0599197E+03   7.8849906E+03   8.8487430E-03   1.3524715E-02   9.0891357E-03
   7.5000000E-01   5.2797000E+03   1.7316058E+03   7.0113058E+03   3.3274975E-03   7.8654905E-03   6.2773768E-04
   8.0000000E-01   4.3807398E+03   1.3965846E+03   5.7773244E+03   4.8493915E-03   1.3079685E-02   5.4206573E-04
   8.5000000E-01   3.7260981E+03   1.1309363E+03   4.8570344E+03   4.1455864E-03   1.0906224E-02   9.8409973E-04
   9.0000000E-01   2.7940534E+03   8.6651025E+02   3.6605637E+03   2.9521825E-03   1.4194699E-02   5.6053766E-03
   9.5000000E-01   1.7624316E+03   4.6238699E+02   2.2248186E+03   2.7425050E-03   5.1879471E-03   2.2014705E-03
   1.0000000E+00   7.2936191E+02   2.0749089E+02   9.3685280E+02   2.3810088E-02   3.4475230E-02   1.2897360E-02
