   0.0000000E+00   2.4016354E+07   1.3067512E+07   3.6896445E+07   1.1463026E-03   8.0295172E-04   1.0280579E-03
   5.0000000E-02   1.2732395E+05   5.7295780E+04   1.8461973E+05   5.3968254E-02   2.8718816E-02   4.6045311E-02
   1.0000000E-01   5.1980004E+04   2.2186199E+04   7.4166203E+04   4.7907461E-02   2.8347470E-02   4.1971685E-02
   1.5000000E-01   2.9305730E+04   1.2265541E+04   4.1571271E+04   3.3917211E-02   2.2295351E-02   3.0462089E-02
   2.0000000E-01   2.0992537E+04   8.5147895E+03   2.9507326E+04   3.1953330E-02   1.7374291E-02   2.7715588E-02
   2.5000000E-01   1.5762706E+04   7.2192682E+03   2.2931044E+04   3.8640953E-02   2.1593497E-02   3.3351126E-02
   3.0000000E-01   1.2711175E+04   5.1353995E+03   1.7846574E+04   3.6469044E-02   1.8642108E-02   3.1232151E-02
   3.5000000E-01   1.0949860E+04   4.5836624E+03   1.5533522E+04   3.8403097E-02   2.6656702E-02   3.4326066E-02
   4.0000000E-01   8.7853529E+03   3.4218313E+03   1.2207184E+04   4.3080717E-02   2.1002713E-02   3.6872651E-02
   4.5000000E-01   7.5050398E+03   2.8860096E+03   1.0391049E+04   4.2540924E-02   2.3803869E-02   3.6825428E-02
   5.0000000E-01   6.6272118E+03   2.4637185E+03   9.0845642E+03   4.5525738E-02   1.5638288E-02   3.7151914E-02
   5.5000000E-01   5.5733167E+03   2.1124202E+03   7.6857369E+03   4.0003709E-02   2.4093175E-02   3.5626715E-02
   6.0000000E-01   4.5200004E+03   1.7400940E+03   6.2547893E+03   4.2603824E-02   1.8260766E-02   3.5673636E-02
   6.5000000E-01   4.0890578E+03   1.4985050E+03   5.5875628E+03   4.6413186E-02   1.4155234E-02   3.7725833E-02
   7.0000000E-01   3.6287327E+03   1.2186721E+03   4.8474048E+03   4.7214531E-02   2.2692853E-02   4.1039641E-02
   7.5000000E-01   3.0006012E+03   1.0228358E+03   4.0234370E+03   4.7168067E-02   1.4732924E-02   3.8902903E-02
   8.0000000E-01   2.3793664E+03   9.3503529E+02   3.3144017E+03   5.2685130E-02   1.3769021E-02   4.1700314E-02
   8.5000000E-01   1.8424525E+03   6.7032317E+02   2.5127757E+03   5.2648940E-02   1.7151588E-02   4.3128464E-02
   9.0000000E-01   1.3758061E+03   4.0319252E+02   1.7789986E+03   6.1117610E-02   6.6951205E-03   4.8686374E-02
   9.5000000E-01   8.3430696E+02   3.3171241E+02   1.1660194E+03   7.8133731E-02   4.6670174E-02   6.8678581E-02
   1.0000000E+00   3.7096856E+02   9.4314040E+01   4.6528260E+02   7.0785520E-02   5.2850577E-02   6.6867104E-02
