   0.0000000E+00   2.0302059E+07   1.0494550E+07   3.0794062E+07   2.7047578E-04   2.9181011E-05   1.6838251E-04
   5.0000000E-02   2.9921129E+05   1.4464001E+05   4.4385131E+05   8.4896408E-03   3.3580723E-04   5.7937233E-03
   1.0000000E-01   1.2544593E+05   6.0638033E+04   1.8608396E+05   1.0548460E-02   8.3614365E-04   7.3570220E-03
   1.5000000E-01   6.5975029E+04   3.3125449E+04   9.9100478E+04   8.9757533E-03   9.6897610E-04   6.2827574E-03
   2.0000000E-01   4.1125637E+04   1.9973945E+04   6.1083667E+04   1.0581767E-02   1.3014360E-03   7.4480379E-03
   2.5000000E-01   2.6839890E+04   1.3127100E+04   3.9966989E+04   1.8543913E-02   1.4757891E-03   1.2929286E-02
   3.0000000E-01   1.7793523E+04   9.5386863E+03   2.7332209E+04   3.2007319E-02   4.5042779E-03   2.2408501E-02
   3.5000000E-01   1.3287164E+04   6.1024552E+03   1.9389619E+04   2.6620589E-02   1.7650067E-03   1.8796287E-02
   4.0000000E-01   9.2150712E+03   4.5040849E+03   1.3719156E+04   2.7885074E-02   3.8401609E-03   1.9889939E-02
   4.5000000E-01   7.1513621E+03   3.3174964E+03   1.0468858E+04   2.9156156E-02   7.1240576E-03   2.2157069E-02
   5.0000000E-01   5.4240005E+03   2.4000565E+03   7.8240570E+03   4.6790241E-02   8.4910790E-03   3.5041781E-02
   5.5000000E-01   4.6762616E+03   1.9850962E+03   6.6613578E+03   5.1933720E-02   9.7097842E-03   3.9111911E-02
   6.0000000E-01   3.6128172E+03   1.5438029E+03   5.1566202E+03   8.1016231E-02   1.0114517E-02   5.9789200E-02
   6.5000000E-01   2.8794802E+03   1.1752980E+03   4.0547782E+03   7.1685691E-02   5.3763075E-03   5.2412671E-02
   7.0000000E-01   2.4191551E+03   1.0231389E+03   3.4422941E+03   7.3972621E-02   1.1292626E-02   5.5340305E-02
   7.5000000E-01   1.9268358E+03   7.7243199E+02   2.6992678E+03   9.3001616E-02   7.5589964E-03   6.8469479E-02
   8.0000000E-01   1.3965846E+03   6.5651414E+02   2.0530988E+03   1.0944086E-01   6.6677746E-03   7.6543204E-02
   8.5000000E-01   1.1496604E+03   4.8308206E+02   1.6327425E+03   1.1264198E-01   1.8126891E-02   8.4676610E-02
   9.0000000E-01   8.2053215E+02   3.8197186E+02   1.2025040E+03   7.4705550E-02   2.2046780E-02   5.7677026E-02
   9.5000000E-01   5.2939960E+02   2.2449224E+02   7.5389184E+02   1.2547072E-01   1.4894129E-02   9.2463011E-02
   1.0000000E+00   2.3264130E+02   7.5451232E+01   3.0809253E+02   1.6080701E-01   1.6888354E-02   1.2548556E-01
