   0.0000000E+00   9.7570893E+06   9.6470814E+06   1.9352222E+07   1.0640580E-03   2.2442933E-04   6.3796878E-04
   5.0000000E-02   1.8869410E+05   1.0300508E+05   2.9169918E+05   1.1768543E-02   6.6883481E-03   9.9655228E-03
   1.0000000E-01   9.7912121E+04   4.8510427E+04   1.4629522E+05   5.3929076E-03   9.3643226E-04   3.9058278E-03
   1.5000000E-01   7.0197940E+04   2.9433054E+04   9.9609774E+04   7.1410147E-03   3.8176649E-03   6.1257324E-03
   2.0000000E-01   5.5035779E+04   2.1613241E+04   7.6633105E+04   4.5540619E-03   3.9828975E-03   4.3163872E-03
   2.5000000E-01   4.6804286E+04   1.6119213E+04   6.2885301E+04   4.3577986E-03   3.4732245E-03   4.1302956E-03
   3.0000000E-01   4.0934651E+04   1.2870330E+04   5.3804981E+04   6.7517119E-03   8.0224246E-04   5.3194409E-03
   3.5000000E-01   3.4286522E+04   9.9039847E+03   4.4172318E+04   7.0035059E-03   3.5034311E-03   6.2204870E-03
   4.0000000E-01   3.0860143E+04   8.6023247E+03   3.9454510E+04   8.5829390E-03   3.2008516E-03   7.4103918E-03
   4.5000000E-01   2.6971458E+04   6.7410960E+03   3.3705480E+04   3.5132731E-03   1.7963445E-03   3.1491746E-03
   5.0000000E-01   2.3936903E+04   6.1879442E+03   3.0118481E+04   6.4541801E-03   6.5369660E-03   6.4597583E-03
   5.5000000E-01   1.7154009E+04   3.7329068E+03   2.0886916E+04   6.6031718E-03   5.0034104E-03   6.3099451E-03
   6.0000000E-01   1.0716433E+04   2.0106574E+03   1.2727090E+04   9.7765202E-03   1.0086516E-02   9.8135033E-03
   6.5000000E-01   7.6100548E+03   1.2438571E+03   8.8490148E+03   1.7593195E-02   7.9627160E-03   1.6216077E-02
   7.0000000E-01   6.1251917E+03   9.5492966E+02   7.0801213E+03   2.6196202E-02   1.1213006E-02   2.4145967E-02
   7.5000000E-01   4.7661600E+03   7.3847894E+02   5.5046390E+03   2.1451251E-02   7.9599038E-03   1.9636773E-02
   8.0000000E-01   3.7480989E+03   5.0531694E+02   4.2534159E+03   4.0551693E-02   1.2685674E-02   3.6947288E-02
   8.5000000E-01   2.9396854E+03   3.7073740E+02   3.3104228E+03   3.2718308E-02   2.3222864E-02   3.1639233E-02
   9.0000000E-01   1.9947420E+03   3.0769956E+02   2.3024415E+03   4.1900178E-02   1.7909619E-02   3.8645480E-02
   9.5000000E-01   1.2732395E+03   1.6753152E+02   1.4407711E+03   3.2266624E-02   5.8761624E-02   3.5341345E-02
   1.0000000E+00   4.9043301E+02   6.2876027E+01   5.5330904E+02   6.8127777E-02   3.6957528E-02   6.4577393E-02
