   0.0000000E+00   3.1959331E+07   1.6471645E+07   4.7899272E+07   1.6088748E-04   2.0945652E-07   1.0741786E-04
   5.0000000E-02   1.4132959E+04   4.2653525E+03   1.8398311E+04   1.5204251E-01   4.4900752E-06   1.1679476E-01
   1.0000000E-01   8.1487331E+03   1.5597184E+03   9.7084515E+03   1.6692814E-01   3.7511478E-03   1.3950972E-01
   1.5000000E-01   4.6048830E+03   1.3369015E+03   5.9417845E+03   1.5614991E-01   4.9443957E-06   1.2101730E-01
   2.0000000E-01   3.5650707E+03   9.8676065E+02   4.5518314E+03   1.6320013E-01   3.8910547E-03   1.2865394E-01
   2.5000000E-01   3.3486200E+03   6.7481696E+02   4.0234370E+03   1.7273831E-01   7.5503788E-03   1.4502917E-01
   3.0000000E-01   1.8355870E+03   6.5784043E+02   2.4934274E+03   1.6335249E-01   2.1254236E-02   1.2516269E-01
   3.5000000E-01   1.9189539E+03   5.8205236E+02   2.5010062E+03   1.9352841E-01   4.3261984E-05   1.4849910E-01
   4.0000000E-01   1.3528170E+03   4.1380285E+02   1.7666199E+03   2.0780469E-01   7.5296253E-03   1.5872421E-01
   4.5000000E-01   1.2378718E+03   3.8197186E+02   1.6198436E+03   2.1173664E-01   1.2035728E-05   1.6180492E-01
   5.0000000E-01   1.0185916E+03   2.8647890E+02   1.3050705E+03   2.0588314E-01   6.8405063E-03   1.6208939E-01
   5.5000000E-01   8.4496806E+02   2.3149810E+02   1.0764662E+03   2.0084487E-01   8.1516828E-03   1.5939861E-01
   6.0000000E-01   8.8596252E+02   2.0690143E+02   1.0928639E+03   2.1472455E-01   1.2699853E-05   1.7407044E-01
   6.5000000E-01   6.0234025E+02   1.9098593E+02   7.9332618E+02   2.2614153E-01   9.4417712E-07   1.7170026E-01
   7.0000000E-01   5.0020125E+02   1.3641852E+02   6.3661977E+02   2.3570440E-01   1.8625497E-04   1.8516131E-01
   7.5000000E-01   4.8807516E+02   1.2307982E+02   6.1115498E+02   2.3567276E-01   5.6040039E-06   1.8821119E-01
   8.0000000E-01   3.7799299E+02   1.2732395E+02   5.0531694E+02   2.8021118E-01   6.2880729E-06   2.0960809E-01
   8.5000000E-01   2.6962720E+02   9.3620555E+01   3.6324775E+02   2.9783751E-01   3.2475507E-02   2.2829658E-01
   9.0000000E-01   2.5464791E+02   7.4272307E+01   3.2892022E+02   3.2668499E-01   4.9674575E-06   2.5291636E-01
   9.5000000E-01   1.5412900E+02   4.3558195E+01   1.9768719E+02   3.1818873E-01   6.9972143E-06   2.4808089E-01
   1.0000000E+00   8.8026438E+01   1.8862808E+01   1.0688925E+02   3.7519399E-01   2.2003783E-05   3.0897944E-01
