   0.0000000E+00   3.2371861E+07   1.6525121E+07   4.8252723E+07   4.0457766E-04   1.4756740E-07   2.7198670E-04
   5.0000000E-02   2.6865354E+04   7.4484513E+03   3.4313806E+04   2.1368224E-01   1.0264291E-05   1.6729629E-01
   1.0000000E-01   9.6447896E+03   2.3554932E+03   1.2000283E+04   2.4226859E-01   3.2648288E-06   1.9471390E-01
   1.5000000E-01   4.9444136E+03   1.1459156E+03   6.0903292E+03   2.3823312E-01   1.4035571E-05   1.9340613E-01
   2.0000000E-01   2.4350706E+03   7.4802823E+02   3.1830989E+03   2.7877348E-01   1.0581594E-04   2.1323685E-01
   2.5000000E-01   1.5406198E+03   2.8011270E+02   1.8207325E+03   2.6215630E-01   4.0460311E-06   2.2182394E-01
   3.0000000E-01   7.4272307E+02   1.4854461E+02   8.9126768E+02   2.4890887E-01   7.9484132E-06   2.0742538E-01
   3.5000000E-01   4.9110668E+02   7.2756545E+01   5.6386323E+02   1.5931184E-01   2.7426390E-06   1.3875582E-01
   4.0000000E-01   4.8542258E+02   2.3873241E+01   5.0929582E+02   9.7041420E-02   2.5756292E-06   9.2492482E-02
   4.5000000E-01   3.1830989E+02   0.0000000E+00   3.1830989E+02   1.8259957E-02   0.0000000E+00   1.8259957E-02
   5.0000000E-01   3.7560567E+02   6.3661977E+00   3.8197186E+02   7.4359391E-02   1.8913856E-05   7.3120383E-02
   5.5000000E-01   3.8775932E+02   0.0000000E+00   3.8775932E+02   2.5820890E-02   0.0000000E+00   2.5820890E-02
   6.0000000E-01   4.6154933E+02   5.3051648E+00   4.6685450E+02   4.7585150E-03   2.3044355E-07   4.7044383E-03
   6.5000000E-01   4.7991337E+02   0.0000000E+00   4.7991337E+02   2.6829628E-06   0.0000000E+00   2.6829628E-06
   7.0000000E-01   3.8651915E+02   0.0000000E+00   3.8651915E+02   1.9636554E-07   0.0000000E+00   1.9636554E-07
   7.5000000E-01   3.8621600E+02   0.0000000E+00   3.8621600E+02   9.6858064E-07   0.0000000E+00   9.6858064E-07
   8.0000000E-01   3.6605637E+02   0.0000000E+00   3.6605637E+02   1.7193035E-06   0.0000000E+00   1.7193035E-06
   8.5000000E-01   2.9209613E+02   0.0000000E+00   2.9209613E+02   3.0536128E-06   0.0000000E+00   3.0536128E-06
   9.0000000E-01   2.9001567E+02   0.0000000E+00   2.9001567E+02   1.0406871E-05   0.0000000E+00   1.0406871E-05
   9.5000000E-01   1.8093404E+02   0.0000000E+00   1.8093404E+02   6.4133686E-06   0.0000000E+00   6.4133686E-06
   1.0000000E+00   7.5451232E+01   0.0000000E+00   7.5451232E+01   1.6098807E-05   0.0000000E+00   1.6098807E-05
