   0.0000000E+00   9.3827569E+06   9.5080436E+06   1.8816443E+07   1.1528853E-03   3.7858776E-04   7.5949558E-04
   5.0000000E-02   1.6558480E+05   9.3455783E+04   2.5891326E+05   1.5304295E-02   5.8917692E-03   1.1851707E-02
   1.0000000E-01   8.0023105E+04   4.0266201E+04   1.2028931E+05   2.0984217E-02   7.8977290E-03   1.6579537E-02
   1.5000000E-01   5.6149864E+04   2.5570894E+04   8.1720758E+04   2.3725289E-02   1.0791122E-02   1.9677294E-02
   2.0000000E-01   4.2860426E+04   1.7491128E+04   6.0351554E+04   2.4036019E-02   1.4927589E-02   2.1387271E-02
   2.5000000E-01   3.4924961E+04   1.3114367E+04   4.8001131E+04   2.6409338E-02   1.0150162E-02   2.2027893E-02
   3.0000000E-01   2.9135965E+04   1.0154085E+04   3.9279440E+04   2.1587465E-02   9.2809235E-03   1.8264981E-02
   3.5000000E-01   2.4518956E+04   8.1396385E+03   3.2658594E+04   2.4084831E-02   8.6673194E-03   2.0223273E-02
   4.0000000E-01   2.2289650E+04   6.2627470E+03   2.8544439E+04   2.5562369E-02   9.2327415E-03   2.1981695E-02
   4.5000000E-01   1.9480565E+04   5.3688267E+03   2.4842318E+04   2.5163774E-02   1.4358080E-02   2.2739671E-02
   5.0000000E-01   1.7042311E+04   4.2908173E+03   2.1320396E+04   1.9448852E-02   9.1063916E-03   1.7238154E-02
   5.5000000E-01   1.5458286E+04   3.8370810E+03   1.9289579E+04   2.2407010E-02   5.5869926E-03   1.8941128E-02
   6.0000000E-01   1.3968499E+04   3.4165261E+03   1.7374415E+04   2.6294293E-02   1.3272631E-02   2.3736456E-02
   6.5000000E-01   1.2766675E+04   2.9921129E+03   1.5748994E+04   2.3017819E-02   1.1014460E-02   2.0319026E-02
   7.0000000E-01   1.1581933E+04   2.4828171E+03   1.4060202E+04   1.9033097E-02   7.3996657E-03   1.6952176E-02
   7.5000000E-01   1.0466029E+04   1.9013711E+03   1.2367400E+04   1.6996598E-02   7.8773719E-03   1.5417430E-02
   8.0000000E-01   9.4100360E+03   2.0013734E+03   1.1411409E+04   1.9110951E-02   7.1751225E-03   1.6886846E-02
   8.5000000E-01   8.2049054E+03   1.4904392E+03   9.6915998E+03   2.4587744E-02   9.9887469E-03   2.2188013E-02
   9.0000000E-01   7.1089208E+03   1.2732395E+03   8.3786236E+03   1.8191126E-02   4.5235101E-03   1.6072570E-02
   9.5000000E-01   4.7947521E+03   9.2142335E+02   5.7161754E+03   1.8124552E-02   5.2414302E-03   1.5364248E-02
   1.0000000E+00   1.8799932E+03   3.3324294E+02   2.2132361E+03   2.3863583E-02   7.5592308E-03   2.1197639E-02
