   0.0000000E+00   1.0456352E+07   4.6814472E+06   1.5090435E+07   6.2565597E-02   1.0049732E-05   4.3327510E-02
   5.0000000E-02   1.9528948E+06   9.4175163E+05   2.8806408E+06   3.6805939E-02   1.7248343E-06   2.4856488E-02
   1.0000000E-01   3.3966848E+05   1.9232283E+05   5.3078174E+05   2.5867864E-02   2.2352393E-05   1.6603465E-02
   1.5000000E-01   6.6696531E+04   4.3926764E+04   1.1051719E+05   1.9570860E-02   3.8212951E-05   1.1892018E-02
   2.0000000E-01   1.5597184E+04   1.1650142E+04   2.7247326E+04   3.1606967E-02   4.6865059E-06   1.8091975E-02
   2.5000000E-01   3.7305919E+03   3.0557749E+03   6.7863668E+03   4.4448335E-02   5.7514999E-06   2.4432027E-02
   3.0000000E-01   7.9577472E+02   9.4431933E+02   1.7400940E+03   5.0415122E-02   8.3379017E-06   2.3056278E-02
   3.5000000E-01   1.6370223E+02   1.4551309E+02   3.0921532E+02   5.9297040E-02   7.5363168E-06   3.1395374E-02
   4.0000000E-01   7.1619724E+01   5.5704230E+01   1.2732395E+02   7.6633933E-02   9.1313581E-06   4.3103344E-02
   4.5000000E-01   0.0000000E+00   0.0000000E+00   0.0000000E+00   0.0000000E+00   0.0000000E+00   0.0000000E+00
   5.0000000E-01   0.0000000E+00   0.0000000E+00   0.0000000E+00   0.0000000E+00   0.0000000E+00   0.0000000E+00
   5.5000000E-01   0.0000000E+00   0.0000000E+00   0.0000000E+00   0.0000000E+00   0.0000000E+00   0.0000000E+00
   6.0000000E-01   0.0000000E+00   0.0000000E+00   0.0000000E+00   0.0000000E+00   0.0000000E+00   0.0000000E+00
   6.5000000E-01   0.0000000E+00   0.0000000E+00   0.0000000E+00   0.0000000E+00   0.0000000E+00   0.0000000E+00
   7.0000000E-01   4.5472841E+00   0.0000000E+00   4.5472841E+00   3.4283496E-02   0.0000000E+00   3.4283496E-02
   7.5000000E-01   4.2441318E+00   0.0000000E+00   4.2441318E+00   5.1662665E-02   0.0000000E+00   5.1662665E-02
   8.0000000E-01   0.0000000E+00   0.0000000E+00   0.0000000E+00   0.0000000E+00   0.0000000E+00   0.0000000E+00
   8.5000000E-01   0.0000000E+00   0.0000000E+00   0.0000000E+00   0.0000000E+00   0.0000000E+00   0.0000000E+00
   9.0000000E-01   3.5367765E+00   0.0000000E+00   3.5367765E+00   9.2758243E-02   0.0000000E+00   9.2758243E-02
   9.5000000E-01   0.0000000E+00   0.0000000E+00   0.0000000E+00   0.0000000E+00   0.0000000E+00   0.0000000E+00
   1.0000000E+00   0.0000000E+00   0.0000000E+00   0.0000000E+00   0.0000000E+00   0.0000000E+00   0.0000000E+00
