   0.0000000E+00   1.6878063E+07   9.2722397E+06   2.5985801E+07   9.9677511E-03   2.1675503E-06   6.4699805E-03
   5.0000000E-02   5.2966765E+05   2.3580396E+05   7.6426204E+05   4.9002661E-02   7.1974065E-06   3.3962746E-02
   1.0000000E-01   1.6561663E+05   8.4129303E+04   2.4958678E+05   4.2209832E-02   2.2188580E-05   2.7961682E-02
   1.5000000E-01   8.4627988E+04   4.1974464E+04   1.2649635E+05   4.9331655E-02   9.8151127E-07   3.2901505E-02
   2.0000000E-01   5.1200145E+04   2.5512537E+04   7.6649021E+04   4.6452726E-02   6.0110141E-06   3.0980815E-02
   2.5000000E-01   3.3231552E+04   1.7366987E+04   5.0560342E+04   4.7743811E-02   5.4976110E-05   3.1293527E-02
   3.0000000E-01   2.0944791E+04   1.1045353E+04   3.1979533E+04   5.6939997E-02   1.8682053E-04   3.7365415E-02
   3.5000000E-01   1.4151148E+04   7.0482903E+03   2.1190344E+04   5.7644764E-02   1.4304100E-06   3.8519576E-02
   4.0000000E-01   9.6527473E+03   4.6632398E+03   1.4315987E+04   4.0982462E-02   1.3208893E-05   2.7637076E-02
   4.5000000E-01   6.4440068E+03   3.1901724E+03   9.6271057E+03   4.6846099E-02   4.1087849E-06   3.1528436E-02
   5.0000000E-01   4.4499722E+03   2.1517748E+03   6.6017470E+03   4.7141186E-02   4.0173796E-05   3.1789067E-02
   5.5000000E-01   3.4088095E+03   1.2037901E+03   4.6125996E+03   3.2687824E-02   1.4763071E-06   2.4156869E-02
   6.0000000E-01   2.4722068E+03   7.9046955E+02   3.2626763E+03   4.4733838E-02   4.3154876E-06   3.3895415E-02
   6.5000000E-01   1.8266090E+03   5.3867827E+02   2.3652873E+03   1.7670515E-02   3.1965203E-04   1.3686992E-02
   7.0000000E-01   1.6415696E+03   3.3195174E+02   1.9735213E+03   1.6644496E-02   1.2868407E-05   1.3843456E-02
   7.5000000E-01   1.5957936E+03   1.9947420E+02   1.7952678E+03   1.5528334E-02   8.1982135E-06   1.3802120E-02
   8.0000000E-01   1.4403522E+03   1.0742959E+02   1.5477818E+03   5.3148355E-03   3.5438826E-05   4.9460533E-03
   8.5000000E-01   1.2320465E+03   5.6172333E+01   1.2882188E+03   1.0124002E-02   2.4126668E-06   9.6826482E-03
   9.0000000E-01   1.0610330E+03   2.8294212E+01   1.0893272E+03   7.8041487E-03   6.7806915E-06   7.6016073E-03
   9.5000000E-01   8.7116390E+02   1.0051891E+01   8.8121579E+02   6.6508078E-03   6.2775311E-06   6.5748715E-03
   1.0000000E+00   3.5839335E+02   1.2575205E+01   3.7096856E+02   1.2922335E-03   1.0868309E-05   1.2485425E-03
