   0.0000000E+00   2.6312259E+07   1.3650656E+07   3.9888558E+07   2.2900949E-04   1.2342104E-04   1.9343959E-04
   5.0000000E-02   1.7347889E+05   8.2060289E+04   2.5553918E+05   2.5581896E-03   2.4788460E-03   2.3066836E-03
   1.0000000E-01   3.6637468E+04   1.7952678E+04   5.4590145E+04   5.5546219E-03   1.0581688E-02   6.9541848E-03
   1.5000000E-01   2.1581410E+04   9.7827238E+03   3.1364134E+04   8.1232788E-03   8.8475282E-03   7.7817328E-03
   2.0000000E-01   1.5310706E+04   6.4298597E+03   2.1724650E+04   3.0957567E-03   1.0253309E-02   3.9870207E-03
   2.5000000E-01   1.1153578E+04   5.1438878E+03   1.6297466E+04   6.3165120E-03   4.0520738E-03   3.0603109E-03
   3.0000000E-01   8.7429115E+03   3.8621600E+03   1.2605071E+04   8.6803383E-03   1.3202551E-02   9.3219522E-03
   3.5000000E-01   7.3938839E+03   3.3831794E+03   1.0777063E+04   6.7935392E-03   8.1039261E-03   6.6839805E-03
   4.0000000E-01   5.9683104E+03   2.6101411E+03   8.5784514E+03   2.4368239E-03   1.9062407E-02   4.6291867E-03
   4.5000000E-01   5.3334590E+03   2.4686700E+03   7.8021290E+03   1.9222198E-03   3.4700172E-03   1.9040881E-03
   5.0000000E-01   4.5581976E+03   1.8270987E+03   6.3852963E+03   1.0693686E-02   1.3924971E-02   1.1530072E-02
   5.5000000E-01   3.5940080E+03   1.7478106E+03   5.3418186E+03   5.0024791E-03   9.1480901E-03   4.8856651E-03
   6.0000000E-01   3.4589674E+03   1.4111738E+03   4.8701413E+03   2.0353748E-03   8.0840285E-03   9.0902060E-04
   6.5000000E-01   2.8060241E+03   1.1704010E+03   3.9764250E+03   1.3951747E-02   1.4528773E-02   7.0457591E-03
   7.0000000E-01   2.4691753E+03   1.0004025E+03   3.4695778E+03   1.3530619E-02   1.8934270E-02   1.5085244E-02
   7.5000000E-01   2.0456715E+03   8.4882636E+02   2.8944979E+03   9.4588537E-03   2.3237534E-02   8.4262156E-03
   8.0000000E-01   1.6751058E+03   8.2760570E+02   2.5027115E+03   6.0057374E-03   1.6317825E-02   1.4728218E-03
   8.5000000E-01   1.3743497E+03   5.8044744E+02   1.9547972E+03   6.1170370E-03   1.1605392E-02   4.7545099E-03
   9.0000000E-01   1.0433491E+03   4.4917062E+02   1.4925197E+03   1.2640336E-02   1.5823890E-02   4.9021256E-03
   9.5000000E-01   6.3661977E+02   2.3789476E+02   8.7451453E+02   1.9756993E-02   2.8795437E-02   6.8164873E-03
   1.0000000E+00   1.9491568E+02   8.1738835E+01   2.7665452E+02   6.8277960E-02   7.5761408E-02   6.2543535E-02
