   0.0000000E+00   3.3171455E+07   1.6882138E+07   4.9421557E+07   1.0341523E-04   4.8812805E-11   6.9411790E-05
   5.0000000E-02   6.4298597E+03   1.4642255E+03   7.8940852E+03   2.0967404E-01   6.5248364E-06   1.7078168E-01
   1.0000000E-01   1.8461973E+03   5.7295780E+02   2.4191551E+03   2.6418873E-01   1.5904126E-05   2.0161395E-01
   1.5000000E-01   8.9126768E+02   2.5464791E+02   1.1459156E+03   2.7933094E-01   1.3485741E-05   2.1726040E-01
   2.0000000E-01   5.4112681E+02   4.7746483E+01   5.8887329E+02   3.0810665E-01   1.4361217E-06   2.8312491E-01
   2.5000000E-01   1.9098593E+02   5.0929582E+01   2.4191551E+02   3.5779968E-01   1.8085428E-06   2.8247381E-01
   3.0000000E-01   7.4272307E+01   3.1830989E+01   1.0610330E+02   3.7947599E-01   2.4017258E-05   2.6562599E-01
   3.5000000E-01   1.8189136E+01   1.8189136E+01   3.6378273E+01   4.0649518E-01   1.9302210E-06   2.0324856E-01
   4.0000000E-01   7.9577472E+00   0.0000000E+00   7.9577472E+00   3.6111351E-01   0.0000000E+00   3.6111351E-01
   4.5000000E-01   1.4147106E+01   0.0000000E+00   1.4147106E+01   4.2543165E-01   0.0000000E+00   4.2543165E-01
   5.0000000E-01   6.3661977E+00   0.0000000E+00   6.3661977E+00   2.1189207E-01   0.0000000E+00   2.1189207E-01
   5.5000000E-01   0.0000000E+00   0.0000000E+00   0.0000000E+00   0.0000000E+00   0.0000000E+00   0.0000000E+00
   6.0000000E-01   0.0000000E+00   0.0000000E+00   0.0000000E+00   0.0000000E+00   0.0000000E+00   0.0000000E+00
   6.5000000E-01   0.0000000E+00   0.0000000E+00   0.0000000E+00   0.0000000E+00   0.0000000E+00   0.0000000E+00
   7.0000000E-01   0.0000000E+00   0.0000000E+00   0.0000000E+00   0.0000000E+00   0.0000000E+00   0.0000000E+00
   7.5000000E-01   0.0000000E+00   0.0000000E+00   0.0000000E+00   0.0000000E+00   0.0000000E+00   0.0000000E+00
   8.0000000E-01   0.0000000E+00   0.0000000E+00   0.0000000E+00   0.0000000E+00   0.0000000E+00   0.0000000E+00
   8.5000000E-01   0.0000000E+00   0.0000000E+00   0.0000000E+00   0.0000000E+00   0.0000000E+00   0.0000000E+00
   9.0000000E-01   0.0000000E+00   0.0000000E+00   0.0000000E+00   0.0000000E+00   0.0000000E+00   0.0000000E+00
   9.5000000E-01   0.0000000E+00   0.0000000E+00   0.0000000E+00   0.0000000E+00   0.0000000E+00   0.0000000E+00
   1.0000000E+00   0.0000000E+00   0.0000000E+00   0.0000000E+00   0.0000000E+00   0.0000000E+00   0.0000000E+00
