   0.0000000E+00   2.3721471E+07   1.2295929E+07   3.5553432E+07   3.4196612E-02   2.0528722E-06   2.2550142E-02
   5.0000000E-02   1.1147849E+06   5.0573075E+05   1.6124942E+06   7.1906005E-02   1.9908937E-05   4.9597462E-02
   1.0000000E-01   5.3476061E+04   3.0462256E+04   8.3906486E+04   6.8587886E-02   4.6739374E-06   4.3714680E-02
   1.5000000E-01   2.4828171E+03   1.7400940E+03   4.2229112E+03   7.8447743E-02   1.9400509E-03   4.6859651E-02
   2.0000000E-01   6.3661977E+01   6.3661977E+01   1.2732395E+02   8.5592936E-02   2.3718775E-06   4.2795381E-02
   2.5000000E-01   2.5464791E+01   0.0000000E+00   2.5464791E+01   3.9210790E-01   0.0000000E+00   3.9210790E-01
   3.0000000E-01   0.0000000E+00   0.0000000E+00   0.0000000E+00   0.0000000E+00   0.0000000E+00   0.0000000E+00
   3.5000000E-01   1.8189136E+01   0.0000000E+00   1.8189136E+01   7.5577938E-06   0.0000000E+00   7.5577938E-06
   4.0000000E-01   0.0000000E+00   0.0000000E+00   0.0000000E+00   0.0000000E+00   0.0000000E+00   0.0000000E+00
   4.5000000E-01   0.0000000E+00   0.0000000E+00   0.0000000E+00   0.0000000E+00   0.0000000E+00   0.0000000E+00
   5.0000000E-01   6.3661977E+00   0.0000000E+00   6.3661977E+00   6.7487750E-06   0.0000000E+00   6.7487750E-06
   5.5000000E-01   5.7874525E+00   0.0000000E+00   5.7874525E+00   1.1406331E-05   0.0000000E+00   1.1406331E-05
   6.0000000E-01   1.0610330E+01   0.0000000E+00   1.0610330E+01   4.0871059E-07   0.0000000E+00   4.0871059E-07
   6.5000000E-01   9.7941503E+00   0.0000000E+00   9.7941503E+00   5.3182364E-07   0.0000000E+00   5.3182364E-07
   7.0000000E-01   0.0000000E+00   0.0000000E+00   0.0000000E+00   0.0000000E+00   0.0000000E+00   0.0000000E+00
   7.5000000E-01   4.2441318E+00   0.0000000E+00   4.2441318E+00   8.5304774E-06   0.0000000E+00   8.5304774E-06
   8.0000000E-01   1.5915494E+01   0.0000000E+00   1.5915494E+01   2.9405955E-05   0.0000000E+00   2.9405955E-05
   8.5000000E-01   7.4896444E+00   0.0000000E+00   7.4896444E+00   1.6952861E-04   0.0000000E+00   1.6952861E-04
   9.0000000E-01   7.0735530E+00   0.0000000E+00   7.0735530E+00   4.6923452E-06   0.0000000E+00   4.6923452E-06
   9.5000000E-01   1.6753152E+01   0.0000000E+00   1.6753152E+01   2.9143319E-05   0.0000000E+00   2.9143319E-05
   1.0000000E+00   6.2876027E+00   0.0000000E+00   6.2876027E+00   1.5659922E-06   0.0000000E+00   1.5659922E-06
