   0.0000000E+00   3.7066550E+06   9.4189169E+06   1.3119970E+07   1.6148454E-04   5.1120849E-05   6.6167751E-05
   5.0000000E-02   1.2465015E+05   1.2235832E+05   2.4694481E+05   4.3589506E-03   5.8242735E-04   1.9117665E-03
   1.0000000E-01   7.5248457E+04   5.2616624E+04   1.2783325E+05   7.8472078E-04   9.7371585E-04   8.4606327E-04
   1.5000000E-01   5.6149864E+04   3.0685073E+04   8.6834937E+04   2.3620489E-03   9.1849614E-04   1.7327912E-03
   2.0000000E-01   4.6441412E+04   2.0387748E+04   6.6829161E+04   8.4066907E-04   9.8626527E-04   3.4109032E-04
   2.5000000E-01   4.1176567E+04   1.5202480E+04   5.6379047E+04   4.3867470E-03   1.1404483E-03   2.9013363E-03
   3.0000000E-01   3.7709111E+04   1.1469766E+04   4.9178877E+04   1.2292207E-03   1.2663125E-03   1.0143917E-03
   3.5000000E-01   3.2758635E+04   8.9035822E+03   4.1662217E+04   2.2158338E-03   1.1777324E-03   1.5100584E-03
   4.0000000E-01   2.9817679E+04   7.1938034E+03   3.6995567E+04   1.9332067E-03   2.0760074E-03   1.4236021E-03
   4.5000000E-01   2.7622225E+04   5.4678565E+03   3.3090081E+04   6.8315302E-04   3.3925159E-03   9.9977567E-04
   5.0000000E-01   2.4140622E+04   4.4436060E+03   2.8584228E+04   2.5772802E-03   2.5807742E-03   2.5744934E-03
   5.5000000E-01   2.2576852E+04   3.4782589E+03   2.6055111E+04   9.0648672E-04   1.0628585E-03   9.1516513E-04
   6.0000000E-01   2.0886434E+04   2.9072303E+03   2.3783054E+04   1.8657722E-03   3.3412882E-03   1.5802072E-03
   6.5000000E-01   1.9803772E+04   2.5709645E+03   2.2374736E+04   1.2911550E-03   2.3057925E-03   1.1383240E-03
   7.0000000E-01   1.8457426E+04   2.1645072E+03   2.0621933E+04   1.0637240E-03   9.6522910E-04   1.0160873E-03
   7.5000000E-01   1.7579194E+04   1.6849203E+03   1.9264114E+04   1.1260790E-03   3.2307333E-03   1.2890502E-03
   8.0000000E-01   1.4634297E+04   1.5119720E+03   1.6142290E+04   1.1421813E-03   1.9362504E-04   1.0528688E-03
   8.5000000E-01   6.5459492E+03   3.2954435E+02   6.8754935E+03   1.1171047E-03   1.0468979E-03   1.0286596E-03
   9.0000000E-01   3.9788736E+03   1.6269172E+02   4.1415653E+03   5.4605010E-03   1.2910978E-02   5.0107244E-03
   9.5000000E-01   2.3554932E+03   8.3765760E+01   2.4392589E+03   2.3657190E-03   3.8666969E-02   3.0126643E-03
   1.0000000E+00   7.3564951E+02   3.7725616E+01   7.7337513E+02   5.7434028E-03   5.3717738E-02   7.5890312E-03
