   0.0000000E+00   3.8828713E+06   9.1469529E+06   1.3018620E+07   2.9443080E-04   5.2076462E-07   8.8173530E-05
   5.0000000E-02   1.5781804E+05   1.3044339E+05   2.8813411E+05   2.2609698E-03   1.7843382E-04   1.1307331E-03
   1.0000000E-01   8.4925078E+04   5.7518596E+04   1.4241184E+05   1.6075838E-03   4.2852110E-04   1.1300632E-03
   1.5000000E-01   6.5784043E+04   3.3422538E+04   9.9142919E+04   8.4214434E-04   5.1985260E-04   7.3077407E-04
   2.0000000E-01   5.5194934E+04   2.3459439E+04   7.8638457E+04   9.5960560E-04   1.1245846E-03   8.2365073E-04
   2.5000000E-01   4.8153920E+04   1.7086875E+04   6.5215329E+04   2.1601218E-03   4.6571505E-04   1.7161464E-03
   3.0000000E-01   4.2409487E+04   1.2477748E+04   5.4876624E+04   2.1694093E-03   5.8008132E-04   1.7743951E-03
   3.5000000E-01   3.8033484E+04   9.7493771E+03   4.7764672E+04   5.1045533E-04   8.2479418E-04   5.2239875E-04
   4.0000000E-01   3.3828383E+04   7.7906345E+03   4.1603102E+04   2.8869678E-03   8.4771610E-04   2.4244424E-03
   4.5000000E-01   3.1088266E+04   6.0832556E+03   3.7164448E+04   2.8270507E-03   1.5987431E-03   2.6261814E-03
   5.0000000E-01   2.9131721E+04   4.6473243E+03   3.3766313E+04   1.8288544E-03   7.0531294E-04   1.6430216E-03
   5.5000000E-01   2.6477595E+04   3.8602308E+03   3.0337826E+04   1.7066286E-03   1.0846980E-03   1.3696001E-03
   6.0000000E-01   2.4223382E+04   3.3687796E+03   2.7592162E+04   3.3484707E-03   1.1644186E-03   2.7978801E-03
   6.5000000E-01   2.2169059E+04   2.7374650E+03   2.4906524E+04   4.9122730E-04   1.0059711E-03   3.3990273E-04
   7.0000000E-01   1.2887003E+04   1.2277667E+03   1.4110223E+04   3.8364886E-03   1.3563817E-03   3.5369151E-03
   7.5000000E-01   7.4611837E+03   5.1353995E+02   7.9747237E+03   4.6277393E-03   2.6163254E-03   4.1619543E-03
   8.0000000E-01   5.5067610E+03   2.3077467E+02   5.7335568E+03   5.3386173E-03   1.4954851E-02   4.9564172E-03
   8.5000000E-01   3.7111188E+03   1.9473075E+02   3.9058495E+03   1.0014305E-02   7.7338194E-03   9.8727535E-03
   9.0000000E-01   2.7586857E+03   1.2732395E+02   2.8860096E+03   1.0318590E-02   7.9100131E-03   9.6906435E-03
   9.5000000E-01   1.6753152E+03   5.3610086E+01   1.7289253E+03   1.3339613E-02   2.0751308E-02   1.2554908E-02
   1.0000000E+00   5.4702143E+02   2.5150411E+01   5.7217184E+02   3.1205730E-02   5.8797286E-06   2.9834186E-02
