   0.0000000E+00   3.0402414E+07   1.6358072E+07   4.6466623E+07   5.6810513E-04   3.4234863E-06   3.7265659E-04
   5.0000000E-02   3.8642820E+04   1.1777466E+04   5.0420286E+04   1.7380427E-01   9.3408249E-03   1.3538746E-01
   1.0000000E-01   1.8239156E+04   5.0929582E+03   2.3300284E+04   1.8516807E-01   1.1976233E-02   1.4756454E-01
   1.5000000E-01   1.0780095E+04   3.1406575E+03   1.3920752E+04   1.8722859E-01   9.5846679E-03   1.4707751E-01
   2.0000000E-01   8.1487331E+03   1.9576058E+03   1.0106339E+04   1.8343067E-01   1.4091173E-02   1.5062945E-01
   2.5000000E-01   5.7550427E+03   1.4260283E+03   7.1810710E+03   1.9006498E-01   6.4329874E-04   1.5244932E-01
   3.0000000E-01   4.6791553E+03   1.1034743E+03   5.7826296E+03   2.0658375E-01   6.0121915E-03   1.6830954E-01
   3.5000000E-01   3.3558957E+03   9.4583509E+02   4.3017307E+03   2.1143868E-01   6.3766893E-06   1.6494769E-01
   4.0000000E-01   2.8727467E+03   5.8091554E+02   3.4536623E+03   2.0498874E-01   4.2893586E-06   1.7050838E-01
   4.5000000E-01   2.2635370E+03   5.5173714E+02   2.8152741E+03   2.1145109E-01   4.0384622E-06   1.7001171E-01
   5.0000000E-01   1.9289579E+03   4.2016905E+02   2.3491270E+03   2.1598724E-01   5.9652661E-03   1.7842231E-01
   5.5000000E-01   1.4758004E+03   3.5303460E+02   1.8288350E+03   2.1759882E-01   4.6488482E-06   1.7559309E-01
   6.0000000E-01   1.3209860E+03   2.4403758E+02   1.5650236E+03   1.7869948E-01   4.1901152E-05   1.5082795E-01
   6.5000000E-01   1.1165331E+03   2.6933913E+02   1.3858723E+03   2.0892625E-01   6.6153616E-03   1.6960786E-01
   7.0000000E-01   9.4128781E+02   1.9553322E+02   1.1368210E+03   2.1597509E-01   4.4638702E-06   1.7882788E-01
   7.5000000E-01   8.1911744E+02   1.4005635E+02   9.5917379E+02   2.1218663E-01   1.1430975E-05   1.8120196E-01
   8.0000000E-01   6.0080991E+02   1.0345071E+02   7.0426062E+02   1.8636228E-01   1.3189949E-05   1.5898509E-01
   8.5000000E-01   5.2427511E+02   7.1151622E+01   5.9542673E+02   1.9909358E-01   7.7254013E-06   1.7530345E-01
   9.0000000E-01   3.5014087E+02   4.9514871E+01   3.9965575E+02   2.1412333E-01   4.2296513E-05   1.8758954E-01
   9.5000000E-01   2.7475169E+02   2.6805043E+01   3.0155673E+02   1.6631435E-01   7.5138954E-06   1.5153019E-01
   1.0000000E+00   1.0688925E+02   1.8862808E+01   1.2575205E+02   1.4956836E-01   6.7822166E-05   1.2712293E-01
