   0.0000000E+00   2.4026540E+07   1.4387098E+07   3.8109078E+07   2.5111797E-03   2.0485585E-05   1.5779584E-03
   5.0000000E-02   1.3298987E+05   3.6796623E+04   1.6985016E+05   1.5117252E-01   2.1526546E-03   1.1884199E-01
   1.0000000E-01   6.0765357E+04   1.5979156E+04   7.6744514E+04   1.5416070E-01   3.4826859E-03   1.2278765E-01
   1.5000000E-01   3.6584416E+04   1.1034743E+04   4.7597938E+04   1.5655638E-01   3.3282221E-03   1.2101360E-01
   2.0000000E-01   2.4446199E+04   6.8436626E+03   3.1289862E+04   1.6477830E-01   2.5455303E-03   1.2929166E-01
   2.5000000E-01   1.8563833E+04   4.9019722E+03   2.3465805E+04   1.7579933E-01   4.3202792E-03   1.3996007E-01
   3.0000000E-01   1.4557372E+04   3.8727703E+03   1.8408922E+04   1.7252834E-01   9.9583491E-04   1.3641669E-01
   3.5000000E-01   1.0895293E+04   3.0466803E+03   1.3932878E+04   1.7919310E-01   1.4463503E-03   1.4038435E-01
   4.0000000E-01   8.6580289E+03   2.2679579E+03   1.0925987E+04   1.7578461E-01   1.1003349E-03   1.3920665E-01
   4.5000000E-01   6.7340225E+03   1.7188734E+03   8.4528959E+03   1.7096031E-01   1.7487124E-03   1.3652504E-01
   5.0000000E-01   5.9078315E+03   1.3305353E+03   7.2383668E+03   1.8431723E-01   7.6419532E-06   1.5043520E-01
   5.5000000E-01   4.6068122E+03   9.8386692E+02   5.5906791E+03   1.7515018E-01   1.8490648E-03   1.4465196E-01
   6.0000000E-01   4.1115027E+03   8.7004702E+02   4.9762446E+03   1.5530711E-01   3.0801289E-07   1.2819985E-01
   6.5000000E-01   3.3447023E+03   6.9048760E+02   4.0351899E+03   1.6128445E-01   1.4112996E-05   1.3368843E-01
   7.0000000E-01   2.9466401E+03   5.1839039E+02   3.4559359E+03   1.5891323E-01   1.5655166E-03   1.3501110E-01
   7.5000000E-01   2.3342725E+03   4.4563384E+02   2.7799063E+03   1.5847174E-01   3.2981208E-06   1.3306744E-01
   8.0000000E-01   2.0053523E+03   3.1830989E+02   2.3236622E+03   1.4439173E-01   2.0457396E-05   1.2461484E-01
   8.5000000E-01   1.5690805E+03   2.0222040E+02   1.7713009E+03   1.3816903E-01   1.2495273E-05   1.2239357E-01
   9.0000000E-01   1.0787168E+03   1.7683883E+02   1.2555557E+03   1.1810628E-01   6.0143371E-06   1.0147234E-01
   9.5000000E-01   7.6729436E+02   1.3067458E+02   8.9796894E+02   1.2018917E-01   1.3505245E-05   1.0270092E-01
   1.0000000E+00   3.7725616E+02   2.5150411E+01   4.0240657E+02   6.7784014E-02   2.4045598E-05   6.3546019E-02
