   0.0000000E+00   1.1105195E+07   9.3547456E+06   2.0423781E+07   3.3408040E-05   3.1664772E-05   1.3686799E-05
   5.0000000E-02   1.3037973E+05   7.9322824E+04   2.0970255E+05   2.0005249E-04   6.3069823E-04   3.5701358E-04
   1.0000000E-01   6.6463104E+04   3.5332397E+04   1.0176367E+05   9.3835697E-04   4.1402398E-04   7.4921803E-04
   1.5000000E-01   4.8361882E+04   2.2387795E+04   7.0728457E+04   1.0761131E-03   2.0452941E-03   6.9466710E-04
   2.0000000E-01   3.9629581E+04   1.7220565E+04   5.6850146E+04   1.3290469E-03   1.9505696E-03   6.3510873E-04
   2.5000000E-01   3.2365749E+04   1.3101635E+04   4.5454652E+04   9.5091441E-04   5.9934660E-04   6.5602866E-04
   3.0000000E-01   2.9114744E+04   1.0249578E+04   3.9353712E+04   4.2314845E-03   2.3520045E-03   3.4159709E-03
   3.5000000E-01   2.5101008E+04   8.4670430E+03   3.3568051E+04   2.2192764E-03   2.9791456E-04   1.7276592E-03
   4.0000000E-01   2.2958101E+04   7.2097189E+03   3.0167819E+04   4.1838794E-03   2.6886709E-03   3.4227143E-03
   4.5000000E-01   1.9883758E+04   6.4369333E+03   2.6320691E+04   3.1618933E-03   3.7372471E-03   3.1235391E-03
   5.0000000E-01   1.8188227E+04   5.5322258E+03   2.3720453E+04   3.2599876E-03   1.6146729E-03   2.8741508E-03
   5.5000000E-01   1.6991960E+04   5.0929582E+03   2.2073344E+04   3.1219375E-03   1.8518594E-03   2.0610000E-03
   6.0000000E-01   1.5400893E+04   4.2547421E+03   1.9650330E+04   1.0665572E-03   3.1573992E-03   1.5021035E-03
   6.5000000E-01   1.4368019E+04   3.9029689E+03   1.8266090E+04   1.2035112E-03   2.7010637E-03   4.5006672E-04
   7.0000000E-01   1.3469055E+04   3.6196381E+03   1.7084146E+04   5.6289215E-04   2.5798298E-03   2.2573010E-04
   7.5000000E-01   1.1692583E+04   3.3189111E+03   1.5003006E+04   1.8744595E-03   2.1580905E-03   1.2212551E-03
   8.0000000E-01   6.7720428E+03   1.5676762E+03   8.3397190E+03   2.2960685E-03   5.0928314E-03   2.2419097E-03
   8.5000000E-01   4.7109863E+03   9.1373661E+02   5.6247229E+03   6.1536073E-03   8.3237034E-03   6.3434342E-03
   9.0000000E-01   3.3917687E+03   6.6845076E+02   4.0602194E+03   7.2912780E-03   1.3694618E-02   7.9847587E-03
   9.5000000E-01   2.0003263E+03   3.6521871E+02   2.3655450E+03   6.7271652E-03   6.2558256E-03   5.3948006E-03
   1.0000000E+00   7.8595034E+02   1.1946445E+02   9.0541479E+02   2.5279241E-02   9.6496043E-03   2.1579542E-02
