   0.0000000E+00   2.3197915E+07   1.4160970E+07   3.7158223E+07   1.8326725E-03   6.9586841E-08   1.1438121E-03
   5.0000000E-02   1.0446930E+05   2.9157186E+04   1.3356283E+05   1.7572617E-01   2.0647983E-07   1.3738972E-01
   1.0000000E-01   5.0356624E+04   1.3241691E+04   6.3598315E+04   1.8213529E-01   3.3959858E-07   1.4421330E-01
   1.5000000E-01   3.1449017E+04   9.2522074E+03   4.0701224E+04   1.9083402E-01   3.1117624E-05   1.4746068E-01
   2.0000000E-01   2.4159720E+04   6.6208456E+03   3.0764650E+04   1.8496177E-01   1.3142335E-05   1.4524910E-01
   2.5000000E-01   1.7608903E+04   5.3094089E+03   2.2892847E+04   1.9361430E-01   1.8950349E-06   1.4878951E-01
   3.0000000E-01   1.5342537E+04   4.3077938E+03   1.9639720E+04   1.9895007E-01   8.0861406E-05   1.5543734E-01
   3.5000000E-01   1.1422778E+04   3.4195576E+03   1.4842335E+04   2.1024102E-01   5.0343199E-06   1.6180430E-01
   4.0000000E-01   1.0154085E+04   2.7533805E+03   1.2907466E+04   2.2158086E-01   6.3963276E-05   1.7430028E-01
   4.5000000E-01   8.5448521E+03   2.0725510E+03   1.0610330E+04   2.1930912E-01   2.4996041E-06   1.7644419E-01
   5.0000000E-01   7.3465922E+03   2.1072114E+03   9.4474374E+03   2.3678758E-01   6.4859722E-07   1.8413254E-01
   5.5000000E-01   6.1636369E+03   1.7767479E+03   7.9403848E+03   2.3513351E-01   1.0264864E-04   1.8249685E-01
   6.0000000E-01   5.1194840E+03   1.3740377E+03   6.4882165E+03   2.5626839E-01   1.5261090E-03   2.0188427E-01
   6.5000000E-01   4.5297945E+03   1.2830337E+03   5.8128282E+03   2.6610080E-01   2.1612100E-04   2.0731813E-01
   7.0000000E-01   3.6560164E+03   1.0094971E+03   4.6655135E+03   2.9103429E-01   4.7944463E-06   2.2806297E-01
   7.5000000E-01   3.1236810E+03   8.8702355E+02   4.0107046E+03   2.9886585E-01   5.2185823E-06   2.3276648E-01
   8.0000000E-01   2.5226058E+03   8.9126768E+02   3.4138735E+03   3.0752502E-01   1.0393080E-03   2.2728490E-01
   8.5000000E-01   2.1457831E+03   5.8044744E+02   2.7262306E+03   3.2599141E-01   1.5273197E-06   2.5658373E-01
   9.0000000E-01   1.6587482E+03   5.1990615E+02   2.1786543E+03   3.3749906E-01   2.2762400E-05   2.5695409E-01
   9.5000000E-01   1.0755524E+03   3.1830989E+02   1.3938622E+03   3.6244976E-01   4.1825410E-03   2.8037976E-01
   1.0000000E+00   4.7785780E+02   1.5719007E+02   6.3504787E+02   4.0744086E-01   1.4340187E-05   3.0659271E-01
