   0.0000000E+00   8.4441247E+05   3.9776003E+05   1.2421725E+06   4.7071747E-03   1.1837329E-03   3.4069914E-03
   5.0000000E-02   2.8062200E+05   1.3254424E+05   4.1316623E+05   6.8282599E-03   4.4680674E-04   4.7152812E-03
   1.0000000E-01   1.4390790E+05   6.8945921E+04   2.1285382E+05   1.4674161E-02   1.0516829E-03   1.0044036E-02
   1.5000000E-01   9.5004891E+04   4.4987797E+04   1.3999269E+05   1.2092666E-02   3.1885292E-04   8.1721249E-03
   2.0000000E-01   6.9264231E+04   3.4250144E+04   1.0351437E+05   2.9662976E-03   1.1728667E-03   2.2014073E-03
   2.5000000E-01   5.4380061E+04   2.6610706E+04   8.0990767E+04   8.0969915E-03   1.2297294E-03   5.8289993E-03
   3.0000000E-01   4.4202633E+04   2.2684885E+04   6.6887517E+04   6.4223065E-03   5.3455415E-04   4.4245382E-03
   3.5000000E-01   3.6742055E+04   1.9598794E+04   5.6340850E+04   5.0150265E-03   6.5595809E-04   3.4093642E-03
   4.0000000E-01   3.1194369E+04   1.5541480E+04   4.6735849E+04   1.6280352E-02   5.9949817E-04   1.0713123E-02
   4.5000000E-01   2.7155370E+04   1.3864164E+04   4.1019534E+04   7.4291253E-03   7.6200461E-04   4.9419091E-03
   5.0000000E-01   2.3765016E+04   1.2076677E+04   3.5841693E+04   1.8355984E-02   7.1969086E-04   1.2378402E-02
   5.5000000E-01   2.0528094E+04   1.0510014E+04   3.1038108E+04   2.0799933E-02   2.5848091E-04   1.3722154E-02
   6.0000000E-01   1.7560095E+04   9.1514092E+03   2.6711505E+04   1.2892811E-02   2.2070614E-04   8.4009066E-03
   6.5000000E-01   1.5249492E+04   7.4092747E+03   2.2658767E+04   2.4624524E-02   7.5379989E-04   1.6329042E-02
   7.0000000E-01   1.3268975E+04   6.7390750E+03   2.0008050E+04   1.0142749E-02   3.1001008E-04   6.7710464E-03
   7.5000000E-01   1.1268170E+04   5.9714935E+03   1.7239663E+04   2.4210727E-02   1.3439029E-03   1.5631081E-02
   8.0000000E-01   9.6408107E+03   4.9934863E+03   1.4634297E+04   2.3365539E-02   1.3238349E-03   1.4953559E-02
   8.5000000E-01   7.7068441E+03   3.9620219E+03   1.1668866E+04   2.3546563E-02   1.1597076E-03   1.5945259E-02
   9.0000000E-01   5.7826296E+03   3.1088266E+03   8.8914562E+03   1.0702743E-02   1.0712995E-03   7.0261130E-03
   9.5000000E-01   4.1313273E+03   2.0773908E+03   6.2087181E+03   2.5524494E-02   2.5583402E-03   1.7784418E-02
   1.0000000E+00   1.8171172E+03   1.0123040E+03   2.8294212E+03   2.6204981E-02   1.2678805E-03   1.6552835E-02
