   0.0000000E+00   3.2319403E+07   1.6670271E+07   4.8450330E+07   4.0636678E-04   4.7637234E-09   2.6132755E-04
   5.0000000E-02   2.3172960E+04   5.6022540E+03   2.8775214E+04   1.8230744E-01   4.4044100E-07   1.4681404E-01
   1.0000000E-01   1.1109015E+04   2.5464791E+03   1.3655494E+04   2.1263740E-01   5.7385275E-07   1.7298484E-01
   1.5000000E-01   5.6871366E+03   1.2095776E+03   6.8967142E+03   2.3151214E-01   3.5920589E-06   1.9090784E-01
   2.0000000E-01   3.2308453E+03   1.0345071E+03   4.2653525E+03   2.4072089E-01   1.4615802E-05   1.8234063E-01
   2.5000000E-01   2.0753805E+03   5.7295780E+02   2.6483383E+03   2.6250514E-01   1.0504346E-06   2.0571294E-01
   3.0000000E-01   1.3262912E+03   2.4403758E+02   1.5703288E+03   2.4003140E-01   2.0025500E-06   2.0272953E-01
   3.5000000E-01   9.8221336E+02   3.4559359E+02   1.3278070E+03   2.5829640E-01   2.0092818E-05   1.9107380E-01
   4.0000000E-01   6.7640851E+02   1.5119720E+02   8.2760570E+02   2.6753500E-01   2.1141840E-05   2.1866228E-01
   4.5000000E-01   5.2344292E+02   1.2025040E+02   6.4369333E+02   2.3604020E-01   6.6988435E-06   1.9194603E-01
   5.0000000E-01   3.0557749E+02   6.3661977E+01   3.6923947E+02   2.3011732E-01   3.2298863E-06   1.9044136E-01
   5.5000000E-01   3.0673498E+02   2.3149810E+01   3.2988479E+02   1.7186172E-01   2.4418985E-07   1.5980127E-01
   6.0000000E-01   3.2361505E+02   5.3051648E+00   3.2892022E+02   1.4457455E-01   4.6944950E-05   1.4224346E-01
   6.5000000E-01   2.1057423E+02   1.4691226E+01   2.2526546E+02   8.8610188E-02   8.6663037E-06   8.2830699E-02
   7.0000000E-01   1.5915494E+02   4.5472841E+00   1.6370223E+02   5.9705682E-02   1.5294284E-05   5.8047613E-02
   7.5000000E-01   2.3767138E+02   1.2732395E+01   2.5040378E+02   7.2872145E-02   7.6992321E-06   6.9166390E-02
   8.0000000E-01   1.7109156E+02   3.9788736E+00   1.7507044E+02   1.8784396E-02   3.3319416E-05   1.8358235E-02
   8.5000000E-01   1.6102735E+02   0.0000000E+00   1.6102735E+02   1.9154543E-02   0.0000000E+00   1.9154543E-02
   9.0000000E-01   1.3439751E+02   0.0000000E+00   1.3439751E+02   8.7843606E-06   0.0000000E+00   8.7843606E-06
   9.5000000E-01   8.3765760E+01   0.0000000E+00   8.3765760E+01   6.2094770E-07   0.0000000E+00   6.2094770E-07
   1.0000000E+00   3.7725616E+01   6.2876027E+00   4.4013219E+01   1.1028813E-05   5.3766921E-06   1.0221367E-05
