   0.0000000E+00   2.3324221E+07   1.1708202E+07   3.4901533E+07   1.1661002E-03   4.3606078E-05   7.8147684E-04
   5.0000000E-02   2.7915777E+05   1.2159438E+05   4.0068848E+05   2.0446196E-02   1.7342062E-04   1.4234527E-02
   1.0000000E-01   8.5370711E+04   4.2112398E+04   1.2745128E+05   6.9096807E-03   5.4465925E-04   4.5992752E-03
   1.5000000E-01   3.7390801E+04   1.8843945E+04   5.6234747E+04   1.3948169E-02   5.4414850E-04   9.4394158E-03
   2.0000000E-01   2.2329439E+04   1.1220423E+04   3.3549862E+04   9.4984466E-04   1.0234815E-04   6.0134727E-04
   2.5000000E-01   1.4744114E+04   7.8431556E+03   2.2574537E+04   1.4507979E-02   1.8402105E-04   9.4213868E-03
   3.0000000E-01   1.1236339E+04   5.8250709E+03   1.7061410E+04   5.3523596E-03   3.6884625E-05   3.5123768E-03
   3.5000000E-01   9.4856346E+03   4.5018112E+03   1.3987446E+04   1.2444958E-02   3.0630519E-04   8.4662511E-03
   4.0000000E-01   7.5837330E+03   3.5571130E+03   1.1140846E+04   1.2611306E-02   8.0482908E-05   8.5760164E-03
   4.5000000E-01   6.2671680E+03   2.8435683E+03   9.1107363E+03   3.8111893E-03   2.0761172E-03   2.7117573E-03
   5.0000000E-01   5.1375216E+03   2.4891833E+03   7.6267049E+03   1.6819182E-02   3.9128138E-04   1.1428719E-02
   5.5000000E-01   4.7399236E+03   2.5406916E+03   7.2806152E+03   1.5329824E-02   7.0775164E-06   9.9803495E-03
   6.0000000E-01   3.7454463E+03   1.8727232E+03   5.6181695E+03   9.8845755E-03   1.3053987E-05   6.5900619E-03
   6.5000000E-01   3.2467608E+03   1.6650056E+03   4.9117664E+03   1.6169282E-02   1.0424366E-03   1.0557550E-02
   7.0000000E-01   2.5783101E+03   1.3278070E+03   3.9061170E+03   4.7407500E-03   1.9341360E-04   3.1668599E-03
   7.5000000E-01   2.3470049E+03   1.0780095E+03   3.4250144E+03   1.7737147E-02   1.8322465E-06   1.2153981E-02
   8.0000000E-01   1.8660917E+03   9.2707754E+02   2.7931693E+03   2.1212493E-02   8.6829032E-06   1.4174561E-02
   8.5000000E-01   1.5016737E+03   7.0402657E+02   2.2057003E+03   1.2113175E-02   8.0609050E-04   8.2963511E-03
   9.0000000E-01   1.0857904E+03   5.3759003E+02   1.6233804E+03   1.4662649E-02   7.2730892E-04   9.9767150E-03
   9.5000000E-01   5.9306158E+02   2.8145295E+02   8.7451453E+02   3.0278303E-02   1.1728061E-06   2.0533922E-02
   1.0000000E+00   1.7605288E+02   1.2575205E+02   3.0180493E+02   6.7244742E-02   2.0092030E-05   3.9230474E-02
