   0.0000000E+00   1.7053261E+07   1.0765495E+07   2.7654254E+07   2.1058526E-03   1.0631415E-03   1.7065291E-03
   5.0000000E-02   1.9385072E+05   9.1609585E+04   2.8514200E+05   4.0463676E-02   2.3338712E-02   3.4876622E-02
   1.0000000E-01   7.4198034E+04   3.2563101E+04   1.0672930E+05   2.9831709E-02   2.0351416E-02   2.6937721E-02
   1.5000000E-01   4.6685450E+04   2.1072114E+04   6.7757564E+04   2.3296179E-02   7.4964871E-03   1.8300388E-02
   2.0000000E-01   3.2706341E+04   1.3623663E+04   4.6330004E+04   2.9996348E-02   2.5000425E-02   2.8448526E-02
   2.5000000E-01   2.7565636E+04   1.0427832E+04   3.7980736E+04   2.7099716E-02   2.2321303E-02   2.5147491E-02
   3.0000000E-01   2.1178218E+04   8.4033810E+03   2.9581599E+04   2.5646974E-02   1.9167714E-02   2.3652369E-02
   3.5000000E-01   1.7516138E+04   6.7572642E+03   2.4255213E+04   2.2348648E-02   1.2618495E-02   1.9427563E-02
   4.0000000E-01   1.5143593E+04   5.6340850E+03   2.0777678E+04   2.1758225E-02   1.4259008E-02   1.9724357E-02
   4.5000000E-01   1.2923381E+04   4.5129268E+03   1.7429235E+04   2.4661738E-02   1.2712270E-02   2.1139751E-02
   5.0000000E-01   1.1268170E+04   3.9597750E+03   1.5221579E+04   2.8645028E-02   1.5337901E-02   2.5032078E-02
   5.5000000E-01   9.7287076E+03   3.3335726E+03   1.3062280E+04   2.6450220E-02   2.0472291E-02   2.4579082E-02
   6.0000000E-01   8.3025829E+03   3.0133336E+03   1.1321222E+04   2.2438521E-02   1.3351850E-02   1.9467808E-02
   6.5000000E-01   7.3896864E+03   2.3554932E+03   9.7402825E+03   3.0780990E-02   1.0572376E-02   2.5904366E-02
   7.0000000E-01   6.5071635E+03   2.0872034E+03   8.5943669E+03   2.7541921E-02   1.2592766E-02   2.3488815E-02
   7.5000000E-01   5.8866108E+03   1.7146293E+03   7.6012401E+03   3.2552817E-02   1.9864553E-02   2.9682641E-02
   8.0000000E-01   4.9099300E+03   1.5159508E+03   6.4258808E+03   3.6877151E-02   2.4758711E-02   3.3976382E-02
   8.5000000E-01   4.2054353E+03   1.0635295E+03   5.2689648E+03   2.3294064E-02   1.6305198E-02   2.1835786E-02
   9.0000000E-01   3.1441943E+03   8.8773090E+02   4.0319252E+03   3.3018972E-02   1.9011740E-02   2.9932867E-02
   9.5000000E-01   2.0338326E+03   5.7295780E+02   2.6067904E+03   3.0577735E-02   2.5831566E-02   2.9459312E-02
   1.0000000E+00   7.3564951E+02   3.1438013E+02   1.0500296E+03   2.8995528E-02   3.0611148E-02   2.9219572E-02
