   0.0000000E+00   2.5104209E+07   1.5100112E+07   3.9963934E+07   1.1239475E-03   2.5354982E-04   7.9230336E-04
   5.0000000E-02   8.6007331E+04   3.0494087E+04   1.1650142E+05   1.2871422E-01   5.5872420E-02   1.0964404E-01
   1.0000000E-01   4.1380285E+04   1.3114367E+04   5.4494653E+04   1.2557168E-01   5.8653330E-02   1.0946749E-01
   1.5000000E-01   2.6780472E+04   8.6792496E+03   3.5459721E+04   1.2552717E-01   6.1353079E-02   1.0973209E-01
   2.0000000E-01   1.9623804E+04   5.4590145E+03   2.5082819E+04   1.2565025E-01   4.6925637E-02   1.0851257E-01
   2.5000000E-01   1.5406198E+04   3.4377468E+03   1.8843945E+04   1.2997000E-01   5.7771763E-02   1.1678344E-01
   3.0000000E-01   1.1597090E+04   2.7905167E+03   1.4387607E+04   1.3158650E-01   5.5109126E-02   1.1675336E-01
   3.5000000E-01   9.7675662E+03   2.1645072E+03   1.1922979E+04   1.2963189E-01   4.3454372E-02   1.1381037E-01
   4.0000000E-01   7.9497894E+03   1.7188734E+03   9.6686628E+03   1.3280936E-01   3.4643438E-02   1.1533261E-01
   4.5000000E-01   6.9037878E+03   1.4359313E+03   8.3397190E+03   1.2995718E-01   4.0880974E-02   1.1460630E-01
   5.0000000E-01   5.7677751E+03   1.2605071E+03   7.0219161E+03   1.3378296E-01   2.6980459E-02   1.1472016E-01
   5.5000000E-01   4.7688608E+03   8.9126768E+02   5.6601285E+03   1.1889810E-01   4.5581943E-02   1.0734529E-01
   6.0000000E-01   4.0160097E+03   7.2680757E+02   4.7428173E+03   1.2185188E-01   4.2559351E-02   1.0968785E-01
   6.5000000E-01   3.2516579E+03   6.2192855E+02   3.8735865E+03   1.2149160E-01   2.3862918E-02   1.0580986E-01
   7.0000000E-01   3.1694570E+03   4.2289742E+02   3.5923544E+03   1.1014253E-01   3.4661486E-02   1.0125420E-01
   7.5000000E-01   2.5719439E+03   2.9708923E+02   2.8690331E+03   1.1208000E-01   4.8292672E-02   1.0545594E-01
   8.0000000E-01   2.2997889E+03   3.2626763E+02   2.6260566E+03   1.0613711E-01   3.9052318E-02   9.7781510E-02
   8.5000000E-01   1.8724111E+03   2.3592380E+02   2.1083349E+03   1.1788864E-01   3.5253873E-02   1.0860641E-01
   9.0000000E-01   1.3475119E+03   1.3439751E+02   1.4819094E+03   9.2594368E-02   2.7452992E-02   8.6684504E-02
   9.5000000E-01   9.3482588E+02   1.4072648E+02   1.0755524E+03   9.4636166E-02   4.0520928E-02   8.7470341E-02
   1.0000000E+00   4.2126938E+02   6.9163630E+01   4.9043301E+02   8.1729005E-02   4.7506207E-06   7.0203789E-02
