   0.0000000E+00   3.3006953E+07   1.6946818E+07   4.9185753E+07   1.5022960E-05   7.2164780E-10   1.0081394E-05
   5.0000000E-02   1.5915494E+03   3.1830989E+02   1.9098593E+03   2.3862678E-01   1.4697360E-03   1.9910060E-01
   1.0000000E-01   6.6845076E+02   1.2732395E+02   7.9577472E+02   2.0650187E-01   1.2700727E-06   1.7346136E-01
   1.5000000E-01   4.6685450E+02   6.3661977E+01   5.3051648E+02   1.8381527E-01   2.7367888E-07   1.6175741E-01
   2.0000000E-01   3.1830989E+02   6.3661977E+01   3.8197186E+02   1.7725411E-01   4.0288086E-04   1.4764461E-01
   2.5000000E-01   2.4191551E+02   5.0929582E+01   2.9284510E+02   2.1223717E-01   1.5848452E-05   1.7532360E-01
   3.0000000E-01   1.9098593E+02   7.4272307E+01   2.6525824E+02   2.0270019E-01   6.1221426E-02   1.6305046E-01
   3.5000000E-01   1.0913482E+02   7.2756545E+01   1.8189136E+02   2.0383620E-01   7.1656163E-02   1.5096419E-01
   4.0000000E-01   6.3661977E+01   6.3661977E+01   1.2732395E+02   2.0331350E-01   1.1554139E-01   1.5942195E-01
   4.5000000E-01   1.4147106E+02   3.5367765E+01   1.7683883E+02   1.9998503E-01   7.6295784E-02   1.7524718E-01
   5.0000000E-01   8.2760570E+01   1.2732395E+01   9.5492966E+01   2.1351430E-01   4.0065271E-06   1.8504626E-01
   5.5000000E-01   5.7874525E+01   2.3149810E+01   8.1024335E+01   2.3658292E-01   7.2379379E-07   1.6898801E-01
   6.0000000E-01   8.4882636E+01   3.1830989E+01   1.1671362E+02   2.7846077E-01   2.2701554E-06   2.0251754E-01
   6.5000000E-01   8.3250278E+01   1.9588301E+01   1.0283858E+02   2.1787877E-01   6.7719714E-06   1.7637934E-01
   7.0000000E-01   4.0925557E+01   2.2736420E+01   6.3661977E+01   2.1014642E-01   2.1261974E-05   1.3508654E-01
   7.5000000E-01   3.3953055E+01   2.5464791E+01   5.9417845E+01   2.6940449E-01   7.3569695E-06   1.5394858E-01
   8.0000000E-01   3.1830989E+01   0.0000000E+00   3.1830989E+01   1.9938851E-01   0.0000000E+00   1.9938851E-01
   8.5000000E-01   1.4979289E+01   3.7448222E+00   1.8724111E+01   3.7813458E-01   7.7196094E-06   3.0250921E-01
   9.0000000E-01   1.4147106E+01   0.0000000E+00   1.4147106E+01   2.9181105E-01   0.0000000E+00   2.9181105E-01
   9.5000000E-01   1.0051891E+01   3.3506304E+00   1.3402522E+01   4.1355165E-01   1.9292650E-05   3.1016856E-01
   1.0000000E+00   0.0000000E+00   0.0000000E+00   0.0000000E+00   0.0000000E+00   0.0000000E+00   0.0000000E+00
