   0.0000000E+00   6.3661977E+04   1.0170128E+07   1.0232262E+07   6.2755585E-03   1.6263206E-05   2.3412643E-05
   5.0000000E-02   3.8324510E+04   2.4713580E+05   2.8546031E+05   3.9644592E-03   2.7222658E-04   7.6500076E-04
   1.0000000E-01   3.9088454E+04   8.4829585E+04   1.2391804E+05   2.4899073E-03   4.7354341E-04   4.7525805E-04
   1.5000000E-01   3.8833806E+04   4.3226483E+04   8.2039068E+04   2.8541756E-04   1.9804603E-04   2.3906101E-04
   2.0000000E-01   3.7831130E+04   2.4350706E+04   6.2181836E+04   1.4624192E-03   1.2792556E-04   8.3971396E-04
   2.5000000E-01   3.5281468E+04   1.4833241E+04   5.0076511E+04   3.4238484E-03   1.2404331E-03   2.7660053E-03
   3.0000000E-01   3.4122820E+04   8.5307049E+03   4.2642914E+04   8.2221471E-04   3.5094037E-04   6.8578734E-04
   3.5000000E-01   3.4995898E+04   4.9383505E+03   3.9934249E+04   1.6414399E-04   2.7589240E-03   4.6706569E-04
   4.0000000E-01   3.4632116E+04   2.8966200E+03   3.7528736E+04   3.2124881E-04   1.9826143E-03   4.0446650E-04
   4.5000000E-01   3.3273993E+04   1.5349610E+03   3.4808954E+04   2.2826320E-04   2.2589420E-04   2.2267005E-04
   5.0000000E-01   3.4167383E+04   8.5307049E+02   3.5020454E+04   5.7929006E-04   9.7240033E-04   5.5160505E-04
   5.5000000E-01   3.3850810E+04   5.3823308E+02   3.4389043E+04   4.0641881E-04   1.1197176E-03   4.1493831E-04
   6.0000000E-01   3.1618782E+04   2.5464791E+02   3.1862820E+04   9.0994581E-04   9.1467602E-03   9.2184986E-04
   6.5000000E-01   3.1884856E+04   9.3044428E+01   3.1973004E+04   3.3502786E-04   1.7189463E-06   3.3411364E-04
   7.0000000E-01   3.0830586E+04   8.1851114E+01   3.0912437E+04   3.3430096E-04   5.4031985E-03   3.3413691E-04
   7.5000000E-01   2.7697204E+04   2.9708923E+01   2.7726913E+04   1.4266153E-04   2.3782548E-05   1.4252407E-04
   8.0000000E-01   8.6580289E+03   3.9788736E+00   8.6620078E+03   9.4252341E-04   1.0881481E-05   9.4209500E-04
   8.5000000E-01   4.3065455E+03   0.0000000E+00   4.3065455E+03   8.1198364E-04   0.0000000E+00   8.1198364E-04
   9.0000000E-01   2.4439126E+03   0.0000000E+00   2.4439126E+03   9.0011635E-05   0.0000000E+00   9.0011635E-05
   9.5000000E-01   1.1660194E+03   0.0000000E+00   1.1660194E+03   1.1544604E-03   0.0000000E+00   1.1544604E-03
   1.0000000E+00   3.5839335E+02   0.0000000E+00   3.5839335E+02   8.5937336E-06   0.0000000E+00   8.5937336E-06
