   0.0000000E+00   2.9593652E+07   1.6039762E+07   4.5219357E+07   5.9749392E-04   6.1206323E-05   4.0318926E-04
   5.0000000E-02   4.7300849E+04   1.4451269E+04   6.1752118E+04   1.4492022E-01   6.0574280E-02   1.2518147E-01
   1.0000000E-01   2.1263100E+04   5.8887329E+03   2.7151833E+04   1.4248647E-01   5.3281556E-02   1.2313729E-01
   1.5000000E-01   1.2796057E+04   3.4377468E+03   1.6233804E+04   1.4938701E-01   5.1754365E-02   1.2871185E-01
   2.0000000E-01   8.6898599E+03   2.1167607E+03   1.0806621E+04   1.5761467E-01   4.3163069E-02   1.3518677E-01
   2.5000000E-01   7.2192682E+03   1.8080002E+03   9.0272684E+03   1.5251644E-01   4.3702898E-02   1.3063087E-01
   3.0000000E-01   6.2282634E+03   1.3687325E+03   7.5969960E+03   1.5578945E-01   3.9745886E-02   1.3488180E-01
   3.5000000E-01   4.2380688E+03   9.5492966E+02   5.1929984E+03   1.5148136E-01   5.3120284E-02   1.3339377E-01
   4.0000000E-01   3.2467608E+03   8.2760570E+02   4.0743665E+03   1.4357846E-01   4.0913469E-02   1.2266104E-01
   4.5000000E-01   3.1265104E+03   5.7295780E+02   3.6994682E+03   1.4561562E-01   1.9859129E-02   1.2613790E-01
   5.0000000E-01   2.7947608E+03   3.6923947E+02   3.1640003E+03   1.3295845E-01   4.8730018E-02   1.2312892E-01
   5.5000000E-01   2.3149810E+03   4.2827148E+02   2.7432525E+03   1.3185719E-01   1.0756226E-02   1.1295103E-01
   6.0000000E-01   2.1485917E+03   2.5995307E+02   2.4085448E+03   1.5568051E-01   1.6864172E-02   1.4069768E-01
   6.5000000E-01   1.5327845E+03   2.6444206E+02   1.7972266E+03   1.4193183E-01   4.5494066E-02   1.2774187E-01
   7.0000000E-01   1.1959357E+03   2.3645877E+02   1.4323945E+03   1.3018979E-01   4.1790105E-02   1.1554892E-01
   7.5000000E-01   1.0610330E+03   1.5703288E+02   1.2180658E+03   1.2521884E-01   1.8291372E-02   1.1143367E-01
   8.0000000E-01   9.1116205E+02   9.5492966E+01   1.0066550E+03   1.0395251E-01   4.3319558E-05   9.4089410E-02
   8.5000000E-01   7.9390230E+02   5.2427511E+01   8.4632982E+02   9.9702328E-02   3.1518465E-05   9.3528030E-02
   9.0000000E-01   6.1186234E+02   8.4882636E+01   6.9674497E+02   1.1731493E-01   1.7863607E-02   1.0519880E-01
   9.5000000E-01   4.4898447E+02   4.6908825E+01   4.9589330E+02   1.0620684E-01   2.4847063E-02   9.3850588E-02
   1.0000000E+00   1.4461486E+02   6.2876027E+00   1.5090246E+02   1.4583916E-01   5.5161562E-06   1.3976230E-01
