   0.0000000E+00   1.8618327E+07   1.1254419E+07   2.9823345E+07   2.7623046E-04   1.4575637E-04   2.2476154E-04
   5.0000000E-02   2.0932058E+05   9.7848459E+04   3.0716904E+05   4.7473024E-03   4.3389433E-03   4.3231015E-03
   1.0000000E-01   6.9550710E+04   2.9761974E+04   9.9312684E+04   5.1217957E-03   5.4628440E-03   1.9958131E-03
   1.5000000E-01   4.3099159E+04   1.7973898E+04   6.1051836E+04   5.2534785E-03   2.0312608E-03   4.1105244E-03
   2.0000000E-01   3.0860143E+04   1.3225776E+04   4.4054088E+04   3.1776103E-03   6.2855754E-03   3.9990443E-03
   2.5000000E-01   2.3580396E+04   9.8676065E+03   3.3435270E+04   4.6478478E-03   9.1129470E-03   5.2380333E-03
   3.0000000E-01   1.9491175E+04   7.8940852E+03   2.7385261E+04   3.4418242E-03   2.1890313E-03   2.1487735E-03
   3.5000000E-01   1.6533925E+04   5.9933204E+03   2.2527245E+04   2.5964737E-03   7.5339318E-03   3.9034753E-03
   4.0000000E-01   1.4331903E+04   5.1645779E+03   1.9496481E+04   1.1461369E-03   3.3063011E-03   1.7120354E-03
   4.5000000E-01   1.1926010E+04   4.3360880E+03   1.6262098E+04   8.2953939E-03   2.5672216E-03   6.4128632E-03
   5.0000000E-01   9.8867051E+03   3.4250144E+03   1.3311719E+04   2.5656832E-03   9.4530971E-03   2.7944493E-03
   5.5000000E-01   8.6580289E+03   2.9805380E+03   1.1632779E+04   4.0123253E-03   5.9526176E-03   4.1497096E-03
   6.0000000E-01   7.6394373E+03   2.4615965E+03   1.0101034E+04   3.1340346E-03   3.2175844E-03   2.0368653E-03
   6.5000000E-01   6.5865661E+03   2.2428604E+03   8.8294265E+03   2.5759342E-03   7.8968690E-03   3.9229829E-03
   7.0000000E-01   5.7932399E+03   1.8234609E+03   7.6167008E+03   3.4771687E-03   2.4407834E-03   2.1477224E-03
   7.5000000E-01   5.0972023E+03   1.4430048E+03   6.5402071E+03   3.0515911E-03   3.7277897E-03   2.1163795E-03
   8.0000000E-01   4.2056694E+03   1.2175353E+03   5.4232047E+03   5.4833501E-03   1.7773519E-02   1.6586277E-03
   8.5000000E-01   3.4826846E+03   9.8863306E+02   4.4713177E+03   7.8540669E-03   7.9502098E-03   6.6460167E-03
   9.0000000E-01   2.5889204E+03   7.0381853E+02   3.2927389E+03   1.4007254E-02   2.6779861E-03   1.1552495E-02
   9.5000000E-01   1.6116532E+03   4.6908825E+02   2.0807415E+03   1.2274501E-02   1.0524257E-02   1.1680301E-02
   1.0000000E+00   4.5270739E+02   1.5090246E+02   6.0360986E+02   8.7522385E-03   2.2155076E-02   4.2666669E-03
