   0.0000000E+00   2.0467071E+07   1.1547773E+07   3.1972573E+07   2.1295430E-04   4.3178312E-04   1.4697414E-04
   5.0000000E-02   1.8582931E+05   8.9636064E+04   2.7546538E+05   2.6744640E-03   3.3158601E-03   2.4521809E-03
   1.0000000E-01   6.1656625E+04   2.8616059E+04   9.0240853E+04   9.3667237E-03   1.6987677E-03   5.8647411E-03
   1.5000000E-01   3.8345731E+04   1.6361128E+04   5.4728080E+04   2.7999913E-03   1.1616015E-02   5.2939079E-03
   2.0000000E-01   2.7358735E+04   1.1443240E+04   3.8801975E+04   6.7331800E-03   2.1652659E-03   4.7486243E-03
   2.5000000E-01   2.1632340E+04   9.1673247E+03   3.0799665E+04   4.6449965E-03   3.6155883E-03   2.3506718E-03
   3.0000000E-01   1.7294837E+04   7.0558691E+03   2.4350706E+04   9.9012873E-03   1.7038542E-03   6.5413155E-03
   3.5000000E-01   1.4724106E+04   6.0296987E+03   2.0753805E+04   2.2997329E-03   4.6378336E-03   2.6602645E-03
   4.0000000E-01   1.1976409E+04   4.6711976E+03   1.6639649E+04   2.9862574E-03   1.1983494E-02   4.8168980E-03
   4.5000000E-01   1.0320314E+04   4.2512054E+03   1.4571519E+04   3.6486436E-03   5.7869069E-03   4.2071871E-03
   5.0000000E-01   8.8553810E+03   3.2722256E+03   1.2127607E+04   6.7485546E-03   9.7629972E-03   6.1370105E-03
   5.5000000E-01   7.5873502E+03   2.8821513E+03   1.0469502E+04   4.0006833E-03   2.9157005E-03   2.9450735E-03
   6.0000000E-01   6.6951179E+03   2.4509861E+03   9.1461041E+03   6.8633033E-03   4.1756276E-03   5.5137562E-03
   6.5000000E-01   5.9107697E+03   1.8853739E+03   7.7961437E+03   3.4748284E-03   1.0912787E-02   4.2020920E-03
   7.0000000E-01   5.2839441E+03   1.5733603E+03   6.8527571E+03   8.9660923E-03   1.1815812E-02   7.4248530E-03
   7.5000000E-01   4.3714558E+03   1.4472489E+03   5.8187047E+03   1.1592576E-02   4.2713529E-03   9.3413047E-03
   8.0000000E-01   3.6565848E+03   1.1857043E+03   4.8422891E+03   5.2675085E-03   7.1322109E-03   4.5309677E-03
   8.5000000E-01   3.0670094E+03   9.2122626E+02   3.9882356E+03   1.1969455E-02   1.4122454E-02   6.0824437E-03
   9.0000000E-01   2.3095151E+03   6.9674497E+02   3.0062600E+03   2.3415921E-03   6.3508112E-03   2.7743574E-03
   9.5000000E-01   1.4876799E+03   4.4563384E+02   1.9333137E+03   8.8169743E-03   1.2686129E-02   9.5710673E-03
   1.0000000E+00   4.4641979E+02   1.7605288E+02   6.2247267E+02   1.4600150E-02   2.4581848E-02   5.0623706E-03
