   0.0000000E+00   1.5160718E+07   1.0495059E+07   2.5578873E+07   1.8261080E-03   2.9815793E-04   1.1922165E-03
   5.0000000E-02   2.6674368E+05   1.2102142E+05   3.8776510E+05   1.2217352E-02   2.1083172E-03   8.9732414E-03
   1.0000000E-01   8.5848176E+04   3.7528736E+04   1.2337691E+05   7.1716400E-03   9.3316351E-04   4.7135575E-03
   1.5000000E-01   5.5767892E+04   2.1942161E+04   7.7688833E+04   8.8220924E-03   5.4784545E-03   5.8965435E-03
   2.0000000E-01   3.8849722E+04   1.4260283E+04   5.3062258E+04   1.0068114E-02   4.2137460E-03   8.4967382E-03
   2.5000000E-01   2.9055326E+04   1.1459156E+04   4.0489018E+04   6.9160279E-03   5.2663355E-03   6.2079004E-03
   3.0000000E-01   2.3215401E+04   8.8702355E+03   3.2075026E+04   1.5651983E-02   2.1708922E-03   1.1078380E-02
   3.5000000E-01   2.0017145E+04   6.9027772E+03   2.6919922E+04   8.5612354E-03   6.5546840E-03   7.7786930E-03
   4.0000000E-01   1.6902255E+04   5.8091554E+03   2.2711410E+04   6.2388945E-03   2.0292471E-03   4.1513159E-03
   4.5000000E-01   1.3793428E+04   4.9231929E+03   1.8716621E+04   4.2500325E-03   4.6965648E-03   2.0304848E-03
   5.0000000E-01   1.2280395E+04   3.8006200E+03   1.6068283E+04   8.7918544E-03   1.3937075E-03   6.9760132E-03
   5.5000000E-01   1.0891986E+04   3.3856597E+03   1.4271858E+04   7.0336913E-03   3.3060936E-03   6.2055593E-03
   6.0000000E-01   9.4272778E+03   2.4881223E+03   1.1915400E+04   1.3938970E-02   2.0863199E-03   1.0713597E-02
   6.5000000E-01   7.9136735E+03   2.2281692E+03   1.0136946E+04   6.1566587E-03   1.0894372E-03   5.0448966E-03
   7.0000000E-01   7.0892159E+03   1.8052718E+03   8.8944877E+03   7.0944791E-03   2.3802061E-03   5.2519565E-03
   7.5000000E-01   6.0945733E+03   1.5151551E+03   7.6097283E+03   9.8143159E-03   1.6029215E-03   8.1719719E-03
   8.0000000E-01   5.0651061E+03   1.1817255E+03   6.2468315E+03   1.2473636E-02   9.9376475E-03   1.0130741E-02
   8.5000000E-01   4.1679871E+03   9.0624697E+02   5.0742341E+03   6.5167869E-03   2.3412077E-03   5.7393418E-03
   9.0000000E-01   2.9355245E+03   7.2857596E+02   3.6641005E+03   5.0589005E-03   1.0442212E-03   4.1823374E-03
   9.5000000E-01   1.9132099E+03   4.2217943E+02   2.3353894E+03   1.1283137E-02   1.9788145E-03   9.2949538E-03
   1.0000000E+00   6.3504787E+02   1.4461486E+02   7.7966273E+02   1.9342259E-02   1.3870589E-02   1.3324331E-02
