   0.0000000E+00   2.5299270E+07   1.4873475E+07   3.9870223E+07   1.3688849E-03   4.1504357E-04   1.0149350E-03
   5.0000000E-02   8.5816345E+04   3.0557749E+04   1.1637409E+05   1.2953343E-01   5.2769257E-02   1.0937089E-01
   1.0000000E-01   3.8165355E+04   1.3178029E+04   5.1343385E+04   1.2376510E-01   6.4332442E-02   1.0850086E-01
   1.5000000E-01   2.5740659E+04   7.1938034E+03   3.2913242E+04   1.3504045E-01   5.1640512E-02   1.1707323E-01
   2.0000000E-01   1.9544227E+04   5.7295780E+03   2.5289720E+04   1.2758104E-01   5.6549598E-02   1.1140792E-01
   2.5000000E-01   1.4731382E+04   3.9979722E+03   1.8729354E+04   1.3557652E-01   5.2160734E-02   1.1776348E-01
   3.0000000E-01   1.1660752E+04   2.4722068E+03   1.4132959E+04   1.2857041E-01   4.8595238E-02   1.1458048E-01
   3.5000000E-01   9.6766205E+03   2.2372638E+03   1.1913884E+04   1.3142946E-01   5.4036045E-02   1.1689541E-01
   4.0000000E-01   7.7985922E+03   1.8064086E+03   9.6050008E+03   1.2815845E-01   3.8492323E-02   1.1127416E-01
   4.5000000E-01   6.9462291E+03   1.5278875E+03   8.4741165E+03   1.3234924E-01   4.6170262E-02   1.1680497E-01
   5.0000000E-01   5.6977470E+03   9.4856346E+02   6.6463104E+03   1.3732585E-01   5.8726944E-02   1.2609448E-01
   5.5000000E-01   5.2723692E+03   8.9705513E+02   6.1694243E+03   1.2261600E-01   3.2972550E-02   1.0958154E-01
   6.0000000E-01   4.3396248E+03   7.1619724E+02   5.0505169E+03   1.2183416E-01   4.1293982E-02   1.1053379E-01
   6.5000000E-01   3.5650707E+03   6.1703147E+02   4.1821022E+03   1.2280512E-01   3.6890838E-02   1.1008775E-01
   7.0000000E-01   3.1148896E+03   5.7295780E+02   3.6878474E+03   1.1956860E-01   2.6012420E-02   1.0502013E-01
   7.5000000E-01   2.5040378E+03   3.6923947E+02   2.8732772E+03   1.2003682E-01   4.7050036E-02   1.1065488E-01
   8.0000000E-01   2.1485917E+03   3.4616200E+02   2.4947537E+03   1.1229682E-01   2.5699278E-02   1.0028068E-01
   8.5000000E-01   1.6664459E+03   2.3592380E+02   1.9023697E+03   1.1762354E-01   2.7119165E-02   1.0638288E-01
   9.0000000E-01   1.3581222E+03   1.8037560E+02   1.5384978E+03   1.1544385E-01   1.2485569E-02   1.0337284E-01
   9.5000000E-01   9.3147525E+02   1.1727206E+02   1.0487473E+03   9.8525261E-02   2.3309751E-02   9.0015476E-02
   1.0000000E+00   4.7785780E+02   4.4013219E+01   5.2187102E+02   9.3706141E-02   5.9960500E-02   9.0859572E-02
