   0.0000000E+00   1.5387355E+07   1.3613477E+07   2.8851608E+07   9.7991597E-03   2.8760886E-07   5.2123880E-03
   5.0000000E-02   3.0640510E+05   1.2585973E+05   4.3201018E+05   1.4998759E-01   1.0509807E-06   1.0637804E-01
   1.0000000E-01   1.1561015E+05   4.6600567E+04   1.6214706E+05   1.5444455E-01   1.1183754E-05   1.1011554E-01
   1.5000000E-01   5.6998690E+04   2.3724697E+04   8.0702166E+04   1.7387647E-01   1.6943806E-06   1.2280595E-01
   2.0000000E-01   3.4138735E+04   1.2032114E+04   4.6154933E+04   1.5831237E-01   3.8847473E-04   1.1719771E-01
   2.5000000E-01   2.0779269E+04   6.4680569E+03   2.7247326E+04   1.5499085E-01   7.7945207E-07   1.1819850E-01
   3.0000000E-01   1.3549391E+04   3.7666670E+03   1.7316058E+04   1.3486842E-01   1.8626830E-05   1.0553519E-01
   3.5000000E-01   9.8221336E+03   1.6734005E+03   1.1495534E+04   8.9554295E-02   3.7556590E-06   7.6518390E-02
   4.0000000E-01   7.6155640E+03   9.3105642E+02   8.5466204E+03   6.9538639E-02   2.2875359E-05   6.1965688E-02
   4.5000000E-01   6.6420663E+03   4.8807516E+02   7.1301415E+03   3.4333663E-02   2.0102965E-05   3.1984817E-02
   5.0000000E-01   7.0601133E+03   1.9098593E+02   7.2510992E+03   2.3703249E-02   3.7337373E-05   2.3079914E-02
   5.5000000E-01   7.0780544E+03   6.9449430E+01   7.1475038E+03   3.8771382E-03   2.2246792E-05   3.8396767E-03
   6.0000000E-01   7.3052119E+03   2.1220659E+01   7.3264325E+03   2.1952538E-03   2.7100717E-05   2.1888193E-03
   6.5000000E-01   7.8598057E+03   2.4485376E+01   7.8842910E+03   1.7284521E-03   2.6277823E-06   1.7230795E-03
   7.0000000E-01   8.2896989E+03   9.0945682E+00   8.2987935E+03   1.1472510E-03   4.3328934E-06   1.1459929E-03
   7.5000000E-01   8.2166392E+03   4.2441318E+00   8.2208833E+03   2.1499173E-04   4.9673752E-06   2.1487817E-04
   8.0000000E-01   7.8542964E+03   0.0000000E+00   7.8542964E+03   2.4223793E-06   0.0000000E+00   2.4223793E-06
   8.5000000E-01   7.8191887E+03   0.0000000E+00   7.8191887E+03   1.9074057E-05   0.0000000E+00   1.9074057E-05
   9.0000000E-01   6.9568394E+03   0.0000000E+00   6.9568394E+03   1.8269815E-05   0.0000000E+00   1.8269815E-05
   9.5000000E-01   5.2269834E+03   0.0000000E+00   5.2269834E+03   4.8062950E-06   0.0000000E+00   4.8062950E-06
   1.0000000E+00   2.4458774E+03   0.0000000E+00   2.4458774E+03   9.1325071E-05   0.0000000E+00   9.1325071E-05
