   0.0000000E+00   3.1181636E+07   1.5986796E+07   4.6461020E+07   1.4555482E-04   3.5349610E-05   1.0961623E-04
   5.0000000E-02   1.6615776E+04   7.3211274E+03   2.3936903E+04   1.1786327E-01   2.1672780E-02   8.8432189E-02
   1.0000000E-01   9.6447896E+03   4.1061975E+03   1.3750987E+04   1.1325447E-01   2.3268745E-02   8.6356337E-02
   1.5000000E-01   6.7057283E+03   2.4828171E+03   9.1885454E+03   1.0202849E-01   1.8063370E-02   7.9034687E-02
   2.0000000E-01   4.7905638E+03   1.9098593E+03   6.7004231E+03   9.3999948E-02   1.0809933E-02   7.0267940E-02
   2.5000000E-01   3.8579158E+03   1.3496339E+03   5.2075497E+03   9.5716524E-02   2.0446056E-02   7.5875564E-02
   3.0000000E-01   2.9072303E+03   1.3687325E+03   4.2759628E+03   1.0437937E-01   1.3128546E-02   7.5155616E-02
   3.5000000E-01   2.9921129E+03   1.0185916E+03   4.0107046E+03   7.3180358E-02   1.3264742E-02   5.6725975E-02
   4.0000000E-01   2.1565495E+03   8.7535219E+02   3.0319017E+03   8.1460110E-02   1.5532986E-02   6.2247056E-02
   4.5000000E-01   2.0301097E+03   7.6394373E+02   2.7940534E+03   6.9096264E-02   1.6587857E-02   5.2019703E-02
   5.0000000E-01   1.3305353E+03   6.1752118E+02   1.9480565E+03   1.1007020E-01   8.6594890E-03   7.7898310E-02
   5.5000000E-01   1.3658388E+03   5.7295780E+02   1.9387966E+03   6.9510576E-02   5.0932989E-03   4.8601243E-02
   6.0000000E-01   1.1193898E+03   4.3502351E+02   1.5544133E+03   8.6038158E-02   3.0419164E-02   7.0447015E-02
   6.5000000E-01   1.1116361E+03   4.2114846E+02   1.5327845E+03   1.0564793E-01   4.1119507E-02   8.7772447E-02
   7.0000000E-01   8.5943669E+02   3.3195174E+02   1.1913884E+03   9.0651977E-02   4.7620683E-03   6.5602682E-02
   7.5000000E-01   6.0691085E+02   2.8860096E+02   8.9551181E+02   7.8075764E-02   7.6815239E-03   5.1518486E-02
   8.0000000E-01   5.0929582E+02   2.4271129E+02   7.5200711E+02   1.1635789E-01   1.1203162E-02   8.0644577E-02
   8.5000000E-01   4.1942009E+02   2.0222040E+02   6.2164048E+02   1.4735749E-01   9.1364985E-03   1.0227012E-01
   9.0000000E-01   3.4660410E+02   1.7683883E+02   5.2344292E+02   1.6531969E-01   3.0709083E-03   1.0884765E-01
   9.5000000E-01   1.9768719E+02   1.0051891E+02   2.9820610E+02   1.4367150E-01   1.2248588E-02   9.2220450E-02
   1.0000000E+00   1.1317685E+02   5.0300822E+01   1.6347767E+02   1.8243006E-01   7.6164417E-06   1.2629935E-01
