   0.0000000E+00   1.3379201E+07   9.4856346E+06   2.2777746E+07   8.3238074E-05   5.2648775E-05   5.0904895E-05
   5.0000000E-02   1.1420959E+05   6.6845076E+04   1.8099100E+05   1.8599570E-03   1.4856158E-03   1.2099516E-03
   1.0000000E-01   5.9651273E+04   3.2149299E+04   9.1800571E+04   1.0018565E-03   1.9638207E-03   8.5989606E-04
   1.5000000E-01   4.4138971E+04   2.1475307E+04   6.5614278E+04   3.1337938E-03   1.8710335E-03   1.6029634E-03
   2.0000000E-01   3.5014087E+04   1.4626339E+04   4.9640427E+04   9.0476549E-04   4.2288585E-03   7.3416749E-04
   2.5000000E-01   2.8380509E+04   1.2223100E+04   4.0565412E+04   4.4797507E-03   2.5157616E-03   3.4660668E-03
   3.0000000E-01   2.4520472E+04   9.6553999E+03   3.4165261E+04   2.8565964E-03   2.9985521E-03   2.8746256E-03
   3.5000000E-01   2.1572316E+04   8.2123951E+03   2.9784711E+04   6.7573496E-03   3.9378736E-03   5.4298429E-03
   4.0000000E-01   1.9249790E+04   6.8516203E+03   2.6085495E+04   1.8100993E-03   4.2165969E-03   2.3985867E-03
   4.5000000E-01   1.7139219E+04   5.6871366E+03   2.2819282E+04   7.5506712E-03   6.8044136E-03   7.2640580E-03
   5.0000000E-01   1.4973297E+04   5.4558314E+03   2.0422762E+04   3.6017146E-03   1.3794987E-03   2.5972738E-03
   5.5000000E-01   1.4034572E+04   4.6936240E+03   1.8728196E+04   4.7782400E-03   2.7890435E-03   3.4608223E-03
   6.0000000E-01   1.3061316E+04   3.8833806E+03   1.6939391E+04   4.9171000E-03   4.3170135E-03   2.8237167E-03
   6.5000000E-01   1.2027217E+04   3.6679093E+03   1.5680435E+04   2.5520889E-03   4.8342022E-03   2.3774070E-03
   7.0000000E-01   1.0335977E+04   3.2012880E+03   1.3537265E+04   3.5731897E-03   5.4150242E-03   3.6444402E-03
   7.5000000E-01   9.4856346E+03   2.8647890E+03   1.2350424E+04   2.8119516E-03   4.3503180E-03   3.1368322E-03
   8.0000000E-01   9.2230290E+03   2.5146481E+03   1.1733698E+04   6.5884593E-04   2.5002902E-03   9.6678665E-04
   8.5000000E-01   7.6431821E+03   2.2918312E+03   9.9350133E+03   4.0187227E-03   3.0321660E-03   3.4029695E-03
   9.0000000E-01   4.2193744E+03   1.0645697E+03   5.2839441E+03   3.9683402E-03   7.0653676E-03   4.4455187E-03
   9.5000000E-01   2.2047148E+03   4.5903636E+02   2.6637512E+03   5.1604181E-03   1.0986043E-02   6.1584737E-03
   1.0000000E+00   8.1738835E+02   1.5719007E+02   9.7457842E+02   2.7620808E-02   3.8105241E-02   2.6134527E-02
