   0.0000000E+00   1.8860243E+07   9.3506712E+06   2.8196654E+07   2.6401468E-04   3.4040468E-05   1.7274560E-04
   5.0000000E-02   1.1093100E+06   5.5914315E+05   1.6680075E+06   3.0939116E-03   7.2948664E-04   2.3132174E-03
   1.0000000E-01   1.5453945E+05   8.1105359E+04   2.3554932E+05   1.1153185E-02   2.9575506E-03   8.3114275E-03
   1.5000000E-01   5.2224042E+04   2.7183664E+04   7.9407706E+04   1.8402337E-02   3.8943931E-03   1.3366196E-02
   2.0000000E-01   2.6531129E+04   1.3178029E+04   3.9709158E+04   2.2614538E-02   7.1227961E-03   1.7469159E-02
   2.5000000E-01   1.4209353E+04   6.9646203E+03   2.1173974E+04   2.8541524E-02   6.3775194E-03   2.1242324E-02
   3.0000000E-01   7.3953997E+03   3.9364323E+03   1.1331832E+04   2.9766249E-02   2.0305068E-02   2.6261004E-02
   3.5000000E-01   4.2653525E+03   1.8280082E+03   6.0933607E+03   4.0513206E-02   1.9883261E-02   3.4181808E-02
   4.0000000E-01   2.1804227E+03   1.0822536E+03   3.2626763E+03   3.9680647E-02   3.1948346E-02   3.6562050E-02
   4.5000000E-01   1.3651957E+03   5.9417845E+02   1.9593742E+03   2.4478455E-02   5.1279755E-02   3.2396380E-02
   5.0000000E-01   8.2760570E+02   3.3104228E+02   1.1586480E+03   7.3672285E-02   4.9455157E-02   6.6536273E-02
   5.5000000E-01   4.9193346E+02   2.0834829E+02   7.0028175E+02   5.7234044E-02   7.1922747E-02   6.1541547E-02
   6.0000000E-01   3.3953055E+02   1.4323945E+02   4.8276999E+02   3.6695494E-02   1.2213464E-01   5.9765159E-02
   6.5000000E-01   2.5954498E+02   8.8147353E+01   3.4769234E+02   4.8439504E-02   1.6954012E-01   7.9072573E-02
   7.0000000E-01   1.2277667E+02   2.2736420E+01   1.4551309E+02   1.8056010E-02   3.1957822E-01   6.1558732E-02
   7.5000000E-01   1.4005635E+02   2.5464791E+01   1.6552114E+02   1.7551614E-02   2.5877500E-01   5.3305178E-02
   8.0000000E-01   1.0742959E+02   1.9894368E+01   1.2732395E+02   2.9966369E-02   3.7936364E-01   5.0721310E-02
   8.5000000E-01   7.8641266E+01   7.4896444E+00   8.6130910E+01   2.7098352E-02   4.1272657E-01   1.2348206E-02
   9.0000000E-01   4.5978095E+01   1.4147106E+01   6.0125201E+01   1.9778102E-02   4.0348111E-01   7.9822504E-02
   9.5000000E-01   2.6805043E+01   3.3506304E+00   3.0155673E+01   2.3498480E-02   4.6426233E-01   3.0697171E-02
   1.0000000E+00   1.2575205E+01   0.0000000E+00   1.2575205E+01   4.1363759E-02   0.0000000E+00   4.1363759E-02
