   0.0000000E+00   3.3946603E+05   1.6367112E+05   5.0313716E+05   1.9712832E-03   9.3566719E-03   3.7541655E-03
   1.4492754E-02   3.3719282E+05   1.5306281E+05   4.9025563E+05   4.6873418E-03   5.6910827E-03   4.4241988E-03
   2.8985507E-02   3.2885772E+05   1.5647263E+05   4.8533035E+05   6.4762939E-03   3.9735354E-03   3.4048623E-03
   4.3478261E-02   3.3087835E+05   1.5053702E+05   4.8141537E+05   1.0077947E-03   5.9713270E-03   2.3413214E-03
   5.7971014E-02   3.3264640E+05   1.5438885E+05   4.8703525E+05   1.7954223E-03   1.4058260E-03   1.1661989E-03
   7.2463768E-02   3.1688548E+05   1.4063593E+05   4.5752141E+05   2.2362898E-03   1.1321499E-03   1.7683935E-03
   8.6956522E-02   3.2178551E+05   1.5268394E+05   4.7446945E+05   1.7790867E-03   2.7609197E-03   5.9836817E-04
   1.0144928E-01   3.2084736E+05   1.4959887E+05   4.7044623E+05   3.0203705E-03   2.5184356E-03   1.4460496E-03
   1.1594203E-01   3.2639508E+05   1.4482242E+05   4.7121750E+05   4.4841530E-03   1.7663477E-03   3.3254877E-03
   1.3043478E-01   3.2195390E+05   1.5592537E+05   4.7787927E+05   2.3874589E-03   2.6725883E-03   2.4803018E-03
   1.4492754E-01   3.2461440E+05   1.4730401E+05   4.7191841E+05   2.7270710E-03   8.5098308E-04   1.7939356E-03
   1.5942029E-01   3.3175090E+05   1.5065183E+05   4.8240273E+05   2.1011749E-03   1.9300982E-03   1.8241038E-03
   1.7391304E-01   3.3668767E+05   1.5609376E+05   4.9265513E+05   2.9590247E-03   2.1444820E-03   1.3610321E-03
   1.8840580E-01   3.3025662E+05   1.5813382E+05   4.8839044E+05   5.4697427E-04   3.0461261E-03   1.2696957E-03
   2.0289855E-01   3.3118505E+05   1.5879996E+05   4.8987677E+05   8.6684599E-04   1.4550906E-03   1.9141514E-04
   2.1739130E-01   3.3643509E+05   1.6362061E+05   5.0000518E+05   1.2227475E-03   2.1931594E-03   1.4006556E-03
   2.3188406E-01   3.3913452E+05   1.5902999E+05   4.9816451E+05   1.4817513E-03   1.7287549E-03   1.5500728E-03
   2.4637681E-01   3.4463647E+05   1.6483002E+05   5.0946649E+05   8.8947508E-04   8.9610998E-04   8.8419328E-04
   2.6086957E-01   3.4207602E+05   1.6741771E+05   5.0945163E+05   1.4879010E-03   1.5264317E-03   1.1343067E-03
   2.7536232E-01   3.4425174E+05   1.6981278E+05   5.1390500E+05   1.0839531E-03   1.1240215E-03   3.8171292E-04
   2.8985507E-01   3.4045109E+05   1.6916471E+05   5.0957792E+05   1.0440971E-03   1.1978083E-03   9.7530063E-04
   3.0434783E-01   3.4834238E+05   1.7308871E+05   5.2139500E+05   2.2016662E-03   1.6419297E-03   2.0066621E-03
   3.1884058E-01   3.4576903E+05   1.7297062E+05   5.1863632E+05   8.5238225E-04   4.8934598E-04   4.0546867E-04
   3.3333333E-01   3.3979549E+05   1.7078726E+05   5.1054980E+05   1.0239467E-03   1.3540496E-03   9.3170523E-04
   3.4782609E-01   3.4859045E+05   1.7838384E+05   5.2684800E+05   6.7737241E-04   3.7438459E-04   3.2155027E-04
   3.6231884E-01   3.4767990E+05   1.7640110E+05   5.2402038E+05   9.1693876E-04   1.2046486E-03   9.9726681E-04
   3.7681159E-01   3.4144781E+05   1.7521204E+05   5.1654327E+05   1.9953116E-03   4.9366981E-04   1.4399341E-03
   3.9130435E-01   3.4005539E+05   1.7902231E+05   5.1902156E+05   4.6081477E-04   1.2619011E-03   3.2930343E-04
   4.0579710E-01   3.3524436E+05   1.7557841E+05   5.1066040E+05   1.2063683E-04   1.1615210E-03   4.5611757E-04
   4.2028986E-01   3.2987675E+05   1.7414879E+05   5.0379038E+05   5.7803149E-04   7.9722647E-04   6.5349098E-04
   4.3478261E-01   3.3678870E+05   1.7301654E+05   5.0970421E+05   1.0109734E-03   5.3277191E-04   4.8950216E-04
   4.4927536E-01   3.2851552E+05   1.6921971E+05   4.9751524E+05   1.5436346E-03   3.7661279E-04   1.0085651E-03
   4.6376812E-01   3.2397979E+05   1.7354538E+05   4.9740677E+05   1.9552678E-04   1.2655103E-03   3.7942176E-04
   4.7826087E-01   3.1292229E+05   1.6945748E+05   4.8228792E+05   7.4437314E-04   7.5463121E-04   5.8190700E-04
   4.9275362E-01   3.1154121E+05   1.6808383E+05   4.7953589E+05   1.2460866E-04   4.7492939E-04   2.4098086E-04
   5.0724638E-01   3.0757614E+05   1.6416907E+05   4.7168026E+05   5.6227491E-04   2.0559812E-04   4.5477032E-04
   5.2173913E-01   3.0343145E+05   1.5910366E+05   4.6251405E+05   1.2368557E-03   1.3016586E-03   5.4276420E-04
   5.3623188E-01   2.9086849E+05   1.5580705E+05   4.4647074E+05   6.9790257E-04   1.0700578E-03   2.1762289E-04
   5.5072464E-01   2.9340362E+05   1.5413959E+05   4.4744351E+05   1.6257828E-04   9.8383020E-04   4.4963008E-04
   5.6521739E-01   2.8440384E+05   1.5069245E+05   4.3499914E+05   1.2077813E-03   1.7428319E-03   1.2566866E-03
   5.7971014E-01   2.7712325E+05   1.4457616E+05   4.2160469E+05   1.5197788E-03   1.8566334E-04   9.2437920E-04
   5.9420290E-01   2.7158392E+05   1.4524519E+05   4.1677366E+05   1.1006890E-03   8.5294142E-04   1.0012885E-03
   6.0869565E-01   2.6201452E+05   1.4027149E+05   4.0214168E+05   8.8132054E-04   5.0916940E-04   7.2425266E-04
   6.2318841E-01   2.5581543E+05   1.3300922E+05   3.8878941E+05   3.0740548E-04   1.4333961E-03   2.9583743E-04
   6.3768116E-01   2.5530560E+05   1.3346498E+05   3.8868448E+05   5.0044622E-04   7.9810779E-04   5.5898886E-05
   6.5217391E-01   2.3942795E+05   1.2669357E+05   3.6607101E+05   3.4168851E-04   4.8875286E-04   3.3499049E-04
   6.6666667E-01   2.3435478E+05   1.2248978E+05   3.5677867E+05   4.4890794E-04   1.2617333E-03   6.2988161E-04
   6.8115942E-01   2.2740162E+05   1.1694940E+05   3.4428653E+05   1.4073506E-03   5.7736380E-04   7.5156930E-04
   6.9565217E-01   2.2279037E+05   1.1325006E+05   3.3596150E+05   1.2002129E-03   1.1641726E-04   7.5181926E-04
   7.1014493E-01   2.1276937E+05   1.0807799E+05   3.2081643E+05   5.9316007E-04   1.0576956E-03   6.6466239E-04
   7.2463768E-01   2.0408880E+05   1.0167311E+05   3.0571644E+05   1.1840005E-03   8.1309614E-04   5.8813199E-04
   7.3913043E-01   1.9802185E+05   9.8892066E+04   2.9683963E+05   2.8821598E-04   1.0024180E-03   4.2056811E-04
   7.5362319E-01   1.9049792E+05   9.6232559E+04   2.8667219E+05   1.0589791E-03   4.7426706E-04   5.8873056E-04
   7.6811594E-01   1.7994102E+05   8.9970509E+04   2.6982574E+05   1.4348583E-03   4.8614666E-04   8.1605558E-04
   7.8260870E-01   1.7530379E+05   8.5666342E+04   2.6085787E+05   9.9426831E-04   9.1769272E-04   4.1389923E-04
   7.9710145E-01   1.6856197E+05   7.9879224E+04   2.4839986E+05   6.5947281E-04   1.0329942E-03   7.5597582E-04
   8.1159420E-01   1.6058605E+05   7.7465045E+04   2.3799697E+05   1.0786012E-03   1.6912911E-03   1.0106103E-03
   8.2608696E-01   1.5328880E+05   7.2476849E+04   2.2569918E+05   8.1436137E-04   6.7797141E-04   4.7277351E-04
   8.4057971E-01   1.4438803E+05   6.9345971E+04   2.1370787E+05   1.3758299E-03   1.0068531E-03   9.3263952E-04
   8.5507246E-01   1.3401665E+05   6.3765468E+04   1.9773075E+05   1.3119595E-03   8.3921916E-04   8.3024049E-04
   8.6956522E-01   1.2812064E+05   6.0202180E+04   1.8825968E+05   1.2842549E-03   1.8509124E-03   1.0395757E-03
   8.8405797E-01   1.1771005E+05   5.5525950E+04   1.7317389E+05   1.6535611E-03   6.6215109E-04   1.3406085E-03
   8.9855072E-01   1.1106953E+05   4.9362878E+04   1.6038352E+05   3.0669005E-04   4.6110111E-04   1.8584567E-04
   9.1304348E-01   9.9624333E+04   4.3780342E+04   1.4339265E+05   8.9031354E-04   1.4333586E-03   6.5165900E-04
   9.2753623E-01   9.0999440E+04   3.8609052E+04   1.2958481E+05   8.8239676E-04   2.0111613E-03   1.0401433E-03
   9.4202899E-01   8.1194400E+04   3.5625282E+04   1.1680802E+05   3.0810729E-04   4.2283722E-04   1.7351366E-04
   9.5652174E-01   6.8908115E+04   2.8943245E+04   9.7862841E+04   4.1256646E-03   3.2269753E-03   3.2759335E-03
   9.7101449E-01   5.4964183E+04   2.2879124E+04   7.7843307E+04   1.7999942E-03   3.0690149E-03   1.6494420E-03
   9.8550725E-01   3.2994975E+04   1.2803521E+04   4.5798497E+04   3.4592298E-03   1.5187195E-03   2.1213623E-03
   1.0000000E+00   5.0114571E+03   1.4443501E+03   6.4558071E+03   1.9200660E-02   2.0379889E-02   1.7227709E-02
