   0.0000000E+00   3.3946603E+05   1.3942355E+05   4.7888958E+05   1.5615958E-02   1.7265610E-02   1.1170535E-02
   1.4492754E-02   2.8566673E+05   1.2805750E+05   4.1372423E+05   8.9140508E-03   3.5852021E-03   6.7188197E-03
   2.8985507E-02   2.6785992E+05   1.3828694E+05   4.0614686E+05   6.4152364E-03   4.7964131E-03   3.5730234E-03
   4.3478261E-02   2.7909968E+05   1.3765550E+05   4.1675518E+05   5.8930898E-03   1.3300202E-03   4.0225333E-03
   5.7971014E-02   2.5592557E+05   1.4302280E+05   3.9894836E+05   3.6427964E-03   2.4001654E-03   2.2310969E-03
   7.2463768E-02   2.7611925E+05   1.3472558E+05   4.1084483E+05   1.1140493E-03   2.0899639E-03   9.5855215E-05
   8.6956522E-02   2.6962797E+05   1.2881524E+05   3.9844321E+05   2.2762062E-03   1.7573293E-03   9.7570952E-04
   1.0144928E-01   2.7159448E+05   1.4061428E+05   4.1220876E+05   2.2668705E-03   1.9535898E-03   1.7204971E-03
   1.1594203E-01   2.6662860E+05   1.4103374E+05   4.0766234E+05   3.7132361E-03   2.4249974E-03   3.0188731E-03
   1.3043478E-01   2.7379552E+05   1.3571906E+05   4.0951458E+05   7.9485334E-04   1.9069170E-03   1.4760073E-04
   1.4492754E-01   2.7990793E+05   1.4381842E+05   4.2372635E+05   2.3142902E-03   1.7293565E-03   2.0917661E-03
   1.5942029E-01   2.7547173E+05   1.4045683E+05   4.1592855E+05   1.7933803E-03   8.5425969E-04   1.1490534E-03
   1.7391304E-01   2.8895026E+05   1.4175990E+05   4.3071016E+05   2.7726704E-03   1.5812252E-03   1.6294820E-03
   1.8840580E-01   2.8356838E+05   1.4810838E+05   4.3167676E+05   3.1380934E-03   9.0544891E-04   2.0187513E-03
   2.0289855E-01   2.8945541E+05   1.4651380E+05   4.3596921E+05   9.7353896E-04   2.0696158E-03   1.2498769E-03
   2.1739130E-01   2.9763897E+05   1.4528338E+05   4.4282132E+05   3.3983500E-03   2.8773119E-04   2.1933984E-03
   2.3188406E-01   2.9485429E+05   1.5093168E+05   4.4578596E+05   7.1789835E-04   1.7628585E-03   9.5442537E-04
   2.4637681E-01   3.0126719E+05   1.4887297E+05   4.5009559E+05   1.1122029E-03   4.5333400E-04   6.5033498E-04
   2.6086957E-01   3.0322096E+05   1.5617795E+05   4.5935682E+05   1.9136090E-03   2.2367523E-03   1.6970536E-03
   2.7536232E-01   3.1338394E+05   1.5836697E+05   4.7171103E+05   1.0960651E-03   7.4630390E-04   5.9523616E-04
   2.8985507E-01   3.1036895E+05   1.5582855E+05   4.6619749E+05   2.0301977E-03   6.2239020E-04   1.4070103E-03
   3.0434783E-01   3.2211026E+05   1.6009894E+05   4.8213703E+05   9.2784482E-04   7.5090926E-04   3.7185011E-04
   3.1884058E-01   3.2327802E+05   1.6036464E+05   4.8353933E+05   9.2903401E-04   6.8767285E-04   4.2899838E-04
   3.3333333E-01   3.2968135E+05   1.5971771E+05   4.8939906E+05   9.0899126E-04   8.2088343E-04   5.1714751E-04
   3.4782609E-01   3.2712124E+05   1.6720723E+05   4.9432847E+05   7.7561422E-04   1.2948641E-03   6.1245703E-04
   3.6231884E-01   3.3734437E+05   1.6827816E+05   5.0559223E+05   1.1510519E-03   8.2964279E-04   8.1164083E-04
   3.7681159E-01   3.3349157E+05   1.6574033E+05   4.9923190E+05   6.7720281E-04   1.3095653E-03   4.0090796E-04
   3.9130435E-01   3.3180447E+05   1.6897528E+05   5.0077976E+05   5.1941377E-04   7.9990817E-05   3.2396151E-04
   4.0579710E-01   3.3559616E+05   1.6678326E+05   5.0232530E+05   1.2345581E-03   7.6821862E-04   6.1588951E-04
   4.2028986E-01   3.3970119E+05   1.6633627E+05   5.0590682E+05   2.3868694E-03   1.1303801E-05   1.5998475E-03
   4.3478261E-01   3.3252011E+05   1.6766187E+05   5.0015673E+05   1.1450519E-03   9.2518515E-04   7.8995736E-04
   4.4927536E-01   3.3015321E+05   1.6569990E+05   4.9580422E+05   1.9837717E-03   9.7719218E-04   1.6312431E-03
   4.6376812E-01   3.2746064E+05   1.6499716E+05   4.9243413E+05   4.2053913E-04   5.6406584E-04   4.5770021E-04
   4.7826087E-01   3.2373726E+05   1.6527844E+05   4.8892385E+05   1.5058013E-03   1.1511792E-03   1.3243016E-03
   4.9275362E-01   3.1811569E+05   1.6128648E+05   4.7937988E+05   3.5273321E-04   9.6286136E-04   4.9486301E-04
   5.0724638E-01   3.1792466E+05   1.6245875E+05   4.8031846E+05   2.9122661E-04   2.9069819E-04   2.2539420E-04
   5.2173913E-01   3.1279791E+05   1.5773552E+05   4.7047029E+05   2.6018482E-04   7.0544023E-04   3.4176695E-04
   5.3623188E-01   3.0235742E+05   1.5523362E+05   4.5752960E+05   5.5369063E-04   8.7673335E-04   6.3622720E-04
   5.5072464E-01   3.0361313E+05   1.5338186E+05   4.5693516E+05   5.8655221E-04   1.1912575E-03   5.1268023E-04
   5.6521739E-01   2.9386583E+05   1.4785580E+05   4.4172163E+05   1.4722723E-03   3.6071131E-04   8.7087225E-04
   5.7971014E-01   2.8182122E+05   1.4395103E+05   4.2571541E+05   4.0098407E-04   3.9223226E-04   1.6994959E-04
   5.9420290E-01   2.8418822E+05   1.4267627E+05   4.2680905E+05   6.0530720E-04   9.2402306E-04   6.9689522E-04
   6.0869565E-01   2.7265892E+05   1.3693384E+05   4.0953864E+05   1.3306102E-03   8.1593944E-04   9.2242212E-04
   6.2318841E-01   2.6541930E+05   1.3295636E+05   3.9834041E+05   1.7899153E-03   9.2902319E-04   1.5026811E-03
   6.3768116E-01   2.6088530E+05   1.2881524E+05   3.8964887E+05   6.7773798E-04   2.7369172E-04   5.3565671E-04
   6.5217391E-01   2.5185484E+05   1.2438669E+05   3.7617417E+05   1.3159252E-03   6.9079242E-04   1.1063058E-03
   6.6666667E-01   2.4441950E+05   1.2349461E+05   3.6793058E+05   1.4634892E-03   1.4471532E-03   1.2376266E-03
   6.8115942E-01   2.3789707E+05   1.1738470E+05   3.5524953E+05   1.0351865E-04   1.7634113E-03   6.4695179E-04
   6.9565217E-01   2.2883648E+05   1.1585478E+05   3.4464390E+05   1.3083474E-03   6.5165168E-04   6.6707665E-04
   7.1014493E-01   2.1944982E+05   1.0934604E+05   3.2876494E+05   1.2893481E-03   1.7064959E-03   1.3772953E-03
   7.2463768E-01   2.1256029E+05   1.0728036E+05   3.1982550E+05   1.4821967E-03   6.3840844E-04   8.0010453E-04
   7.3913043E-01   2.0192940E+05   1.0138814E+05   3.0330268E+05   1.6276546E-03   8.0663466E-04   1.3437065E-03
   7.5362319E-01   1.9374744E+05   9.9132359E+04   2.9285066E+05   2.8495939E-03   1.4433274E-03   2.2897287E-03
   7.6811594E-01   1.8753268E+05   9.4288178E+04   2.8177797E+05   3.0494012E-03   7.0974537E-04   2.2739664E-03
   7.8260870E-01   1.7891005E+05   8.9735668E+04   2.6863169E+05   1.9342680E-03   1.0974508E-03   1.2022016E-03
   7.9710145E-01   1.7200623E+05   8.7511698E+04   2.5950415E+05   2.1534848E-03   3.2744244E-03   2.4425613E-03
   8.1159420E-01   1.6363053E+05   8.2931574E+04   2.4652151E+05   3.4629550E-03   2.2979427E-03   3.0347217E-03
   8.2608696E-01   1.5758264E+05   7.7302435E+04   2.3487178E+05   2.5606033E-03   2.7919857E-03   2.4145234E-03
   8.4057971E-01   1.4846413E+05   7.2154823E+04   2.2059283E+05   2.5458271E-03   2.6787366E-03   2.6006244E-03
   8.5507246E-01   1.3686779E+05   6.9904420E+04   2.0672084E+05   3.7200655E-03   1.5055270E-03   2.9043684E-03
   8.6956522E-01   1.2959823E+05   6.5026436E+04   1.9459941E+05   3.5004358E-03   1.8448474E-03   2.9407611E-03
   8.8405797E-01   1.2182170E+05   6.0966748E+04   1.8276360E+05   3.4528070E-03   1.9370598E-03   2.6364724E-03
   8.9855072E-01   1.1347718E+05   5.6940245E+04   1.7039298E+05   5.4585843E-03   4.2968955E-03   5.0044151E-03
   9.1304348E-01   1.0331680E+05   5.2572493E+04   1.5587726E+05   7.3535741E-03   4.3051492E-03   6.2706432E-03
   9.2753623E-01   9.3769915E+04   4.6198258E+04   1.3996817E+05   4.9350489E-03   6.8327031E-03   5.5472256E-03
   9.4202899E-01   8.3782362E+04   4.2456569E+04   1.2622727E+05   6.0016226E-03   5.6318584E-03   5.8613825E-03
   9.5652174E-01   7.0951708E+04   3.6302476E+04   1.0725418E+05   1.1029980E-02   7.0812721E-03   9.6831110E-03
   9.7101449E-01   6.0618935E+04   3.0693990E+04   9.1312925E+04   1.1514255E-02   6.1986288E-03   9.6710524E-03
   9.8550725E-01   4.0015183E+04   2.0236027E+04   6.0240066E+04   1.4970193E-02   9.1165747E-03   1.2942149E-02
   1.0000000E+00   9.0162459E+03   4.4862389E+03   1.3502485E+04   2.5757441E-02   2.1177544E-02   2.1409217E-02
