   0.0000000E+00   6.4273132E+05   1.5967442E+07   1.6599988E+07   3.8329591E-02   6.0835880E-06   1.4751306E-03
   5.0000000E-02   3.5523383E+04   1.2299494E+05   1.5845466E+05   7.6728577E-03   6.6319737E-05   1.7715466E-03
   1.0000000E-01   2.7629298E+04   1.2732395E+02   2.7756622E+04   1.8959947E-06   1.2328333E-01   5.6363790E-04
   1.5000000E-01   2.7905167E+04   0.0000000E+00   2.7905167E+04   4.5515903E-04   0.0000000E+00   4.5515903E-04
   2.0000000E-01   3.0080284E+04   0.0000000E+00   3.0080284E+04   3.0934632E-06   0.0000000E+00   3.0934632E-06
   2.5000000E-01   3.1423552E+04   0.0000000E+00   3.1423552E+04   7.6810815E-06   0.0000000E+00   7.6810815E-06
   3.0000000E-01   3.2711646E+04   0.0000000E+00   3.2711646E+04   1.7048942E-06   0.0000000E+00   1.7048942E-06
   3.5000000E-01   3.5459721E+04   0.0000000E+00   3.5468816E+04   9.3641346E-05   0.0000000E+00   9.3617335E-05
   4.0000000E-01   3.8420003E+04   0.0000000E+00   3.8420003E+04   2.4627500E-05   0.0000000E+00   2.4627500E-05
   4.5000000E-01   4.2731334E+04   0.0000000E+00   4.2731334E+04   4.0174416E-05   0.0000000E+00   4.0174416E-05
   5.0000000E-01   5.0706765E+04   0.0000000E+00   5.0687666E+04   3.0585479E-06   0.0000000E+00   3.0616436E-06
   5.5000000E-01   7.4970659E+04   0.0000000E+00   7.4964872E+04   1.0475723E-05   0.0000000E+00   1.0476695E-05
   6.0000000E-01   9.5392168E+04   0.0000000E+00   9.5386863E+04   6.4527690E-06   0.0000000E+00   6.4533669E-06
   6.5000000E-01   6.5718749E+03   0.0000000E+00   6.5718749E+03   1.2249489E-04   0.0000000E+00   1.2249489E-04
   7.0000000E-01   9.0945682E+00   0.0000000E+00   9.0945682E+00   1.8461777E-06   0.0000000E+00   1.8461777E-06
   7.5000000E-01   4.2441318E+00   0.0000000E+00   4.2441318E+00   2.4233058E-05   0.0000000E+00   2.4233058E-05
   8.0000000E-01   0.0000000E+00   0.0000000E+00   0.0000000E+00   0.0000000E+00   0.0000000E+00   0.0000000E+00
   8.5000000E-01   3.7448222E+00   0.0000000E+00   3.7448222E+00   4.5920275E-01   0.0000000E+00   4.5920275E-01
   9.0000000E-01   0.0000000E+00   0.0000000E+00   0.0000000E+00   0.0000000E+00   0.0000000E+00   0.0000000E+00
   9.5000000E-01   3.3506304E+00   0.0000000E+00   3.3506304E+00   5.8817792E-01   0.0000000E+00   5.8817792E-01
   1.0000000E+00   0.0000000E+00   0.0000000E+00   0.0000000E+00   0.0000000E+00   0.0000000E+00   0.0000000E+00
