   0.0000000E+00   7.9893235E+06   3.4820555E+06   1.1447442E+07   5.8602627E-02   4.0956263E-06   4.0767163E-02
   5.0000000E-02   1.8001697E+06   8.4600402E+05   2.6373247E+06   3.0979095E-02   1.2997137E-05   2.1078942E-02
   1.0000000E-01   4.2147412E+05   2.2571354E+05   6.4616907E+05   2.3054910E-02   1.5858641E-05   1.5072965E-02
   1.5000000E-01   1.1855982E+05   7.3317377E+04   1.9179232E+05   1.6946009E-02   4.8306111E-05   1.0463284E-02
   2.0000000E-01   3.6032679E+04   2.3475354E+04   5.9508033E+04   1.2041903E-02   5.0000694E-05   7.2948234E-03
   2.5000000E-01   1.1102649E+04   8.6325641E+03   1.9735213E+04   2.2872208E-02   1.1221284E-04   1.2853938E-02
   3.0000000E-01   3.5226294E+03   2.9390613E+03   6.4616907E+03   2.6409793E-02   1.3113992E-04   1.4456826E-02
   3.5000000E-01   1.2277667E+03   9.6402423E+02   2.1917909E+03   3.7450645E-02   4.6913768E-05   2.0998319E-02
   4.0000000E-01   3.8992961E+02   4.4563384E+02   8.3556345E+02   3.6007161E-02   2.0420078E-03   1.7068393E-02
   4.5000000E-01   1.4854461E+02   1.2732395E+02   2.7586857E+02   1.1247417E-01   7.3482447E-03   6.3844262E-02
   5.0000000E-01   4.4563384E+01   3.8197186E+01   8.2760570E+01   9.8313900E-02   9.6157181E-06   5.2936450E-02
   5.5000000E-01   2.3149810E+01   3.4724715E+01   5.7874525E+01   1.5159673E-01   2.3388211E-02   7.3484469E-02
   6.0000000E-01   5.3051648E+00   5.3051648E+00   1.0610330E+01   9.6647770E-02   1.9710734E-05   4.8320191E-02
   6.5000000E-01   4.8970752E+00   0.0000000E+00   4.8970752E+00   2.2398838E-01   0.0000000E+00   2.2398838E-01
   7.0000000E-01   0.0000000E+00   4.5472841E+00   4.5472841E+00   0.0000000E+00   2.1969422E-01   2.1969422E-01
   7.5000000E-01   8.4882636E+00   0.0000000E+00   8.4882636E+00   2.0765103E-01   0.0000000E+00   2.0765103E-01
   8.0000000E-01   0.0000000E+00   0.0000000E+00   0.0000000E+00   0.0000000E+00   0.0000000E+00   0.0000000E+00
   8.5000000E-01   3.7448222E+00   3.7448222E+00   7.4896444E+00   2.6195113E-01   2.4936909E-01   2.5476942E-01
   9.0000000E-01   0.0000000E+00   0.0000000E+00   0.0000000E+00   0.0000000E+00   0.0000000E+00   0.0000000E+00
   9.5000000E-01   0.0000000E+00   0.0000000E+00   0.0000000E+00   0.0000000E+00   0.0000000E+00   0.0000000E+00
   1.0000000E+00   0.0000000E+00   0.0000000E+00   0.0000000E+00   0.0000000E+00   0.0000000E+00   0.0000000E+00
