   0.0000000E+00   5.1846314E+06   1.3065984E+07   1.8191537E+07   2.7155576E-02   2.7836165E-06   7.6890800E-03
   5.0000000E-02   2.0543720E+05   3.6879383E+05   5.7365808E+05   9.2411086E-02   2.1841521E-06   3.2998385E-02
   1.0000000E-01   4.5645638E+04   4.8032962E+04   9.3614938E+04   4.6660770E-02   4.9131058E-05   2.2747251E-02
   1.5000000E-01   2.7098782E+04   5.0080755E+03   3.2085637E+04   1.3351300E-02   1.1405348E-04   1.1293919E-02
   2.0000000E-01   2.4939580E+04   3.9788736E+02   2.5321551E+04   4.7736921E-04   4.2276975E-06   4.7017098E-04
   2.5000000E-01   2.6585242E+04   1.2732395E+01   2.6597974E+04   4.0799316E-06   4.3119134E-06   4.0759172E-06
   3.0000000E-01   2.9687702E+04   0.0000000E+00   2.9677092E+04   1.1961731E-05   0.0000000E+00   1.1969670E-05
   3.5000000E-01   3.1321693E+04   0.0000000E+00   3.1312598E+04   1.1377752E-05   0.0000000E+00   1.1381861E-05
   4.0000000E-01   3.3804510E+04   0.0000000E+00   3.3796552E+04   4.0522480E-06   0.0000000E+00   4.0534772E-06
   4.5000000E-01   3.9413837E+04   0.0000000E+00   3.9406764E+04   8.2296122E-06   0.0000000E+00   8.2311325E-06
   5.0000000E-01   5.0197469E+04   0.0000000E+00   5.0210201E+04   2.8916241E-06   0.0000000E+00   2.8909103E-06
   5.5000000E-01   6.0449941E+04   0.0000000E+00   6.0455729E+04   2.0659911E-05   0.0000000E+00   2.0657857E-05
   6.0000000E-01   5.0584746E+04   0.0000000E+00   5.0568831E+04   4.6404242E-06   0.0000000E+00   4.6411333E-06
   6.5000000E-01   1.1679524E+04   0.0000000E+00   1.1679524E+04   1.1356086E-05   0.0000000E+00   1.1356086E-05
   7.0000000E-01   1.8416501E+03   0.0000000E+00   1.8416501E+03   1.5638207E-05   0.0000000E+00   1.5638207E-05
   7.5000000E-01   2.2918312E+02   0.0000000E+00   2.2918312E+02   5.6700953E-03   0.0000000E+00   5.6700953E-03
   8.0000000E-01   2.3873241E+01   0.0000000E+00   2.3873241E+01   1.1129106E-05   0.0000000E+00   1.1129106E-05
   8.5000000E-01   0.0000000E+00   0.0000000E+00   0.0000000E+00   0.0000000E+00   0.0000000E+00   0.0000000E+00
   9.0000000E-01   0.0000000E+00   0.0000000E+00   0.0000000E+00   0.0000000E+00   0.0000000E+00   0.0000000E+00
   9.5000000E-01   0.0000000E+00   0.0000000E+00   0.0000000E+00   0.0000000E+00   0.0000000E+00   0.0000000E+00
   1.0000000E+00   0.0000000E+00   0.0000000E+00   0.0000000E+00   0.0000000E+00   0.0000000E+00   0.0000000E+00
