   0.0000000E+00   3.2085637E+04   1.3333365E+07   1.3364432E+07   2.7059692E-04   5.1288365E-05   5.1417887E-05
   5.0000000E-02   2.7374650E+04   3.5370595E+05   3.8101693E+05   1.7134502E-03   6.2843875E-04   5.4136681E-04
   1.0000000E-01   2.6578875E+04   3.8420003E+04   6.4998879E+04   3.1275063E-04   2.2736804E-03   1.3478925E-03
   1.5000000E-01   2.6440941E+04   5.1990615E+03   3.1618782E+04   3.2314551E-04   1.0585082E-02   1.6540299E-03
   2.0000000E-01   2.8393242E+04   5.2521131E+02   2.8918453E+04   5.1864801E-04   4.6768859E-02   6.2384692E-04
   2.5000000E-01   2.8227721E+04   1.0185916E+02   2.8329580E+04   5.1942880E-04   3.1119109E-01   1.0092510E-03
   3.0000000E-01   3.0769956E+04   5.3051648E+01   3.0823007E+04   4.0777739E-04   2.9757913E-01   8.8994467E-04
   3.5000000E-01   3.2704067E+04   0.0000000E+00   3.2704067E+04   2.3105288E-04   0.0000000E+00   2.3105288E-04
   4.0000000E-01   3.4823102E+04   1.5915494E+01   3.4815144E+04   2.3013347E-04   4.2654614E-01   4.2488551E-04
   4.5000000E-01   3.8190113E+04   4.2441318E+01   3.8232554E+04   1.0376552E-04   4.2052379E-01   3.6774878E-04
   5.0000000E-01   4.6097638E+04   1.2732395E+01   4.6110370E+04   1.1018935E-04   4.3887096E-01   1.2234754E-04
   5.5000000E-01   5.7041132E+04   0.0000000E+00   5.7035344E+04   1.7727499E-04   0.0000000E+00   1.7729742E-04
   6.0000000E-01   7.1773574E+04   0.0000000E+00   7.1762964E+04   4.2788105E-06   0.0000000E+00   4.2800722E-06
   6.5000000E-01   5.9009756E+04   0.0000000E+00   5.9009756E+04   5.7254711E-05   0.0000000E+00   5.7253604E-05
   7.0000000E-01   4.3835819E+03   0.0000000E+00   4.3835819E+03   1.4712305E-04   0.0000000E+00   1.4712305E-04
   7.5000000E-01   5.3051648E+02   0.0000000E+00   5.3051648E+02   4.3032550E-03   0.0000000E+00   4.3032550E-03
   8.0000000E-01   8.3556345E+01   3.9788736E+00   8.7535219E+01   2.5510032E-02   7.6833968E-01   4.6486972E-02
   8.5000000E-01   1.8724111E+01   3.7448222E+00   2.2468933E+01   1.9685671E-01   7.5508211E-01   2.5603040E-01
   9.0000000E-01   7.0735530E+00   0.0000000E+00   7.0735530E+00   3.5801501E-01   0.0000000E+00   3.5801501E-01
   9.5000000E-01   0.0000000E+00   0.0000000E+00   0.0000000E+00   0.0000000E+00   0.0000000E+00   0.0000000E+00
   1.0000000E+00   0.0000000E+00   0.0000000E+00   0.0000000E+00   0.0000000E+00   0.0000000E+00   0.0000000E+00
