   0.0000000E+00   3.2330608E+07   1.6627490E+07   4.8455932E+07   8.6324005E-04   1.1827377E-09   5.7558877E-04
   5.0000000E-02   4.8192117E+04   1.3432677E+04   6.1624794E+04   2.2337262E-01   7.6701101E-07   1.7468276E-01
   1.0000000E-01   1.7061410E+04   4.7746483E+03   2.1836058E+04   2.5278410E-01   2.4679142E-05   1.9750522E-01
   1.5000000E-01   8.0638504E+03   1.8886387E+03   9.9524891E+03   2.7918493E-01   2.6900675E-06   2.2620477E-01
   2.0000000E-01   2.9602819E+03   9.2309867E+02   3.8833806E+03   3.2159793E-01   1.3327355E-06   2.4515284E-01
   2.5000000E-01   1.7952678E+03   4.3290145E+02   2.2281692E+03   3.2377462E-01   9.3137675E-06   2.6087165E-01
   3.0000000E-01   7.6394373E+02   1.8037560E+02   9.4431933E+02   3.3277684E-01   1.0149074E-05   2.6921079E-01
   3.5000000E-01   3.3649902E+02   6.3661977E+01   4.0016100E+02   3.3417181E-01   1.0345695E-05   2.8100976E-01
   4.0000000E-01   1.4323945E+02   3.1830989E+01   1.7507044E+02   3.4993495E-01   6.9328838E-05   2.8632302E-01
   4.5000000E-01   7.7809083E+01   1.4147106E+01   9.1956189E+01   3.6229858E-01   7.8493794E-06   3.0656154E-01
   5.0000000E-01   2.5464791E+01   6.3661977E+00   3.1830989E+01   3.3207379E-01   1.3789477E-06   2.6565876E-01
   5.5000000E-01   1.1574905E+01   5.7874525E+00   1.7362357E+01   3.4413939E-01   4.8716772E-06   2.2942788E-01
   6.0000000E-01   5.3051648E+00   0.0000000E+00   5.3051648E+00   4.2114610E-01   0.0000000E+00   4.2114610E-01
   6.5000000E-01   0.0000000E+00   0.0000000E+00   0.0000000E+00   0.0000000E+00   0.0000000E+00   0.0000000E+00
   7.0000000E-01   0.0000000E+00   0.0000000E+00   0.0000000E+00   0.0000000E+00   0.0000000E+00   0.0000000E+00
   7.5000000E-01   0.0000000E+00   0.0000000E+00   0.0000000E+00   0.0000000E+00   0.0000000E+00   0.0000000E+00
   8.0000000E-01   0.0000000E+00   0.0000000E+00   0.0000000E+00   0.0000000E+00   0.0000000E+00   0.0000000E+00
   8.5000000E-01   0.0000000E+00   0.0000000E+00   0.0000000E+00   0.0000000E+00   0.0000000E+00   0.0000000E+00
   9.0000000E-01   0.0000000E+00   0.0000000E+00   0.0000000E+00   0.0000000E+00   0.0000000E+00   0.0000000E+00
   9.5000000E-01   0.0000000E+00   0.0000000E+00   0.0000000E+00   0.0000000E+00   0.0000000E+00   0.0000000E+00
   1.0000000E+00   0.0000000E+00   0.0000000E+00   0.0000000E+00   0.0000000E+00   0.0000000E+00   0.0000000E+00
