   0.0000000E+00   2.8500194E+07   1.3894099E+07   4.2305166E+07   5.1128726E-03   2.4148648E-05   3.4195106E-03
   5.0000000E-02   6.4171273E+05   3.8025299E+05   1.0215837E+06   4.2820065E-03   6.3969265E-04   2.8915926E-03
   1.0000000E-01   3.7560567E+03   2.3873241E+03   6.1433808E+03   1.2937593E-01   3.3978676E-02   9.2303861E-02
   1.5000000E-01   5.9417845E+02   2.3342725E+02   8.2760570E+02   1.6099564E-01   1.3715424E-01   1.5426219E-01
   2.0000000E-01   2.7056340E+02   9.5492966E+01   3.6605637E+02   7.4208962E-02   1.0444698E-01   8.2059908E-02
   2.5000000E-01   1.6552114E+02   2.5464791E+01   1.9098593E+02   1.7649152E-02   3.0828990E-01   5.6319461E-02
   3.0000000E-01   7.4272307E+01   6.3661977E+01   1.3793428E+02   2.1209825E-02   2.5014549E-01   1.1887029E-01
   3.5000000E-01   1.0913482E+02   8.1851114E+01   1.9098593E+02   2.2937916E-02   2.6788407E-01   1.0194470E-01
   4.0000000E-01   7.1619724E+01   0.0000000E+00   7.1619724E+01   4.1925037E-03   0.0000000E+00   4.1925037E-03
   4.5000000E-01   5.6588424E+01   1.4147106E+01   7.0735530E+01   4.8858914E-02   3.8694321E-01   7.2701519E-02
   5.0000000E-01   8.9126768E+01   1.2732395E+01   1.0185916E+02   1.6260226E-05   4.8967906E-01   6.1201859E-02
   5.5000000E-01   5.7874525E+01   0.0000000E+00   5.7874525E+01   7.8897210E-02   0.0000000E+00   7.8897210E-02
   6.0000000E-01   9.0187801E+01   5.3051648E+00   9.5492966E+01   3.6733095E-03   5.6743944E-01   2.8097733E-02
   6.5000000E-01   1.0773565E+02   4.8970752E+00   1.1263273E+02   1.5010759E-02   3.2172847E-01   6.7639948E-03
   7.0000000E-01   7.7303830E+01   9.0945682E+00   8.6398398E+01   1.5050913E-02   4.2700033E-01   3.5835938E-02
   7.5000000E-01   7.6394373E+01   0.0000000E+00   7.6394373E+01   1.1037716E-02   0.0000000E+00   1.1037716E-02
   8.0000000E-01   1.2334508E+02   0.0000000E+00   1.2334508E+02   7.7603282E-03   0.0000000E+00   7.7603282E-03
   8.5000000E-01   5.6172333E+01   0.0000000E+00   5.6172333E+01   4.2737787E-03   0.0000000E+00   4.2737787E-03
   9.0000000E-01   9.9029742E+01   0.0000000E+00   9.9029742E+01   1.1325096E-02   0.0000000E+00   1.1325096E-02
   9.5000000E-01   3.3506304E+01   0.0000000E+00   3.3506304E+01   7.0160687E-02   0.0000000E+00   7.0160687E-02
   1.0000000E+00   3.1438013E+01   0.0000000E+00   3.1438013E+01   1.5174576E-01   0.0000000E+00   1.5174576E-01
