   0.0000000E+00   1.9052757E+07   9.6577766E+06   2.8555707E+07   1.4376464E-02   3.1608019E-06   9.5028211E-03
   5.0000000E-02   8.9693360E+05   3.9069355E+05   1.2843167E+06   4.9666678E-02   9.7652013E-06   3.4691686E-02
   1.0000000E-01   2.1056199E+05   1.1048536E+05   3.2060172E+05   4.8251792E-02   2.1572407E-05   3.1587612E-02
   1.5000000E-01   8.0171650E+04   4.3205262E+04   1.2322837E+05   5.0869477E-02   3.5617077E-05   3.3001623E-02
   2.0000000E-01   3.4743524E+04   1.9321410E+04   5.4064934E+04   5.2522253E-02   3.8980396E-06   3.3750866E-02
   2.5000000E-01   1.5049691E+04   9.1036627E+03   2.4127889E+04   5.7133089E-02   5.9951833E-07   3.5603771E-02
   3.0000000E-01   6.3874184E+03   3.7348360E+03   1.0122254E+04   4.9761280E-02   5.5631735E-06   3.1399569E-02
   3.5000000E-01   2.4737225E+03   1.5187929E+03   3.9925154E+03   6.2679919E-02   2.9271353E-06   3.8836631E-02
   4.0000000E-01   1.0583804E+03   6.4457752E+02   1.7029579E+03   5.5618985E-02   3.8873613E-06   3.4566671E-02
   4.5000000E-01   3.3953055E+02   3.3245699E+02   6.7198754E+02   1.3691515E-01   1.1089562E-05   6.9173236E-02
   5.0000000E-01   1.0822536E+02   7.0028175E+01   1.7825354E+02   1.5883493E-01   4.5507290E-06   9.6437167E-02
   5.5000000E-01   5.2087072E+01   2.3149810E+01   7.5236882E+01   7.3404454E-02   5.0139328E-06   5.0819592E-02
   6.0000000E-01   1.5915494E+01   1.0610330E+01   2.6525824E+01   1.3277061E-01   1.0703583E-06   7.9661949E-02
   6.5000000E-01   0.0000000E+00   0.0000000E+00   0.0000000E+00   0.0000000E+00   0.0000000E+00   0.0000000E+00
   7.0000000E-01   0.0000000E+00   0.0000000E+00   0.0000000E+00   0.0000000E+00   0.0000000E+00   0.0000000E+00
   7.5000000E-01   0.0000000E+00   0.0000000E+00   0.0000000E+00   0.0000000E+00   0.0000000E+00   0.0000000E+00
   8.0000000E-01   0.0000000E+00   3.9788736E+00   3.9788736E+00   0.0000000E+00   4.1253092E-01   4.1253092E-01
   8.5000000E-01   0.0000000E+00   3.7448222E+00   3.7448222E+00   0.0000000E+00   2.8412140E-01   2.8412140E-01
   9.0000000E-01   0.0000000E+00   0.0000000E+00   0.0000000E+00   0.0000000E+00   0.0000000E+00   0.0000000E+00
   9.5000000E-01   0.0000000E+00   3.3506304E+00   3.3506304E+00   0.0000000E+00   3.4642299E-01   3.4642299E-01
   1.0000000E+00   0.0000000E+00   0.0000000E+00   0.0000000E+00   0.0000000E+00   0.0000000E+00   0.0000000E+00
