   0.0000000E+00   2.7077221E+07   1.5073628E+07   4.1823373E+07   5.8772691E-02   1.5068143E-06   3.7840044E-02
   5.0000000E-02   7.8730767E+05   2.1976115E+05   1.0060502E+06   1.4870380E-01   3.2875332E-05   1.1636139E-01
   1.0000000E-01   1.7507044E+04   3.6287327E+03   2.1135776E+04   1.3701002E-01   6.0734648E-04   1.1359093E-01
   1.5000000E-01   7.6394373E+02   2.1220659E+01   7.8516439E+02   1.1596426E-01   1.4159511E-05   1.1283015E-01
   2.0000000E-01   0.0000000E+00   0.0000000E+00   0.0000000E+00   0.0000000E+00   0.0000000E+00   0.0000000E+00
   2.5000000E-01   0.0000000E+00   1.2732395E+01   1.2732395E+01   0.0000000E+00   8.9837253E-02   8.9837253E-02
   3.0000000E-01   0.0000000E+00   0.0000000E+00   0.0000000E+00   0.0000000E+00   0.0000000E+00   0.0000000E+00
   3.5000000E-01   0.0000000E+00   0.0000000E+00   0.0000000E+00   0.0000000E+00   0.0000000E+00   0.0000000E+00
   4.0000000E-01   0.0000000E+00   0.0000000E+00   0.0000000E+00   0.0000000E+00   0.0000000E+00   0.0000000E+00
   4.5000000E-01   0.0000000E+00   0.0000000E+00   0.0000000E+00   0.0000000E+00   0.0000000E+00   0.0000000E+00
   5.0000000E-01   0.0000000E+00   0.0000000E+00   0.0000000E+00   0.0000000E+00   0.0000000E+00   0.0000000E+00
   5.5000000E-01   5.7874525E+00   0.0000000E+00   5.7874525E+00   4.1068712E-06   0.0000000E+00   4.1068712E-06
   6.0000000E-01   0.0000000E+00   0.0000000E+00   0.0000000E+00   0.0000000E+00   0.0000000E+00   0.0000000E+00
   6.5000000E-01   9.7941503E+00   0.0000000E+00   9.7941503E+00   5.3053196E-06   0.0000000E+00   5.3053196E-06
   7.0000000E-01   0.0000000E+00   0.0000000E+00   0.0000000E+00   0.0000000E+00   0.0000000E+00   0.0000000E+00
   7.5000000E-01   8.4882636E+00   0.0000000E+00   8.4882636E+00   2.6707979E-06   0.0000000E+00   2.6707979E-06
   8.0000000E-01   0.0000000E+00   0.0000000E+00   0.0000000E+00   0.0000000E+00   0.0000000E+00   0.0000000E+00
   8.5000000E-01   3.7448222E+00   0.0000000E+00   3.7448222E+00   2.5678464E-05   0.0000000E+00   2.5678464E-05
   9.0000000E-01   0.0000000E+00   0.0000000E+00   0.0000000E+00   0.0000000E+00   0.0000000E+00   0.0000000E+00
   9.5000000E-01   0.0000000E+00   0.0000000E+00   0.0000000E+00   0.0000000E+00   0.0000000E+00   0.0000000E+00
   1.0000000E+00   0.0000000E+00   0.0000000E+00   0.0000000E+00   0.0000000E+00   0.0000000E+00   0.0000000E+00
