   0.0000000E+00   1.9986805E+07   9.9368707E+06   2.9915527E+07   6.9466148E-04   9.5723140E-05   4.7167621E-04
   5.0000000E-02   8.8674768E+05   4.5569243E+05   1.3421218E+06   8.3187661E-03   2.0447642E-03   6.1191805E-03
   1.0000000E-01   1.4228452E+05   7.1969865E+04   2.1425438E+05   2.6319579E-02   5.1092049E-03   1.9114609E-02
   1.5000000E-01   5.8760005E+04   3.0769956E+04   8.9529961E+04   3.0319070E-02   1.0761011E-02   2.3588215E-02
   2.0000000E-01   3.1337608E+04   1.5485776E+04   4.6823384E+04   2.7668861E-02   1.2654142E-02   2.2362840E-02
   2.5000000E-01   1.6743100E+04   8.3906486E+03   2.5133749E+04   2.6459498E-02   1.6833500E-02   2.3243186E-02
   3.0000000E-01   9.2522074E+03   5.0186859E+03   1.4270893E+04   3.5614141E-02   2.6280275E-02   3.1985050E-02
   3.5000000E-01   5.5658757E+03   2.5464791E+03   8.1032602E+03   3.7341686E-02   2.6052193E-02   3.3435819E-02
   4.0000000E-01   3.3342961E+03   1.4483100E+03   4.7826060E+03   3.7475006E-02   4.7922452E-02   4.0629090E-02
   4.5000000E-01   1.8886387E+03   7.7101728E+02   2.6596559E+03   2.7317989E-02   7.3237153E-02   3.9241492E-02
   5.0000000E-01   1.2923381E+03   5.1566202E+02   1.8080002E+03   2.1299942E-02   7.3647709E-02   3.3154222E-02
   5.5000000E-01   7.5236882E+02   2.2571065E+02   9.7807947E+02   1.3192828E-02   6.7276262E-02   2.4575016E-02
   6.0000000E-01   5.6765263E+02   2.0159626E+02   7.6924889E+02   6.5563054E-03   1.3612429E-01   3.2643087E-02
   6.5000000E-01   4.3583969E+02   1.1752980E+02   5.5336949E+02   1.3208474E-02   1.9760950E-01   3.1898787E-02
   7.0000000E-01   3.0012075E+02   8.1851114E+01   3.8197186E+02   3.6114308E-02   2.6603532E-01   2.8646250E-02
   7.5000000E-01   2.6313617E+02   8.0638504E+01   3.4377468E+02   7.0112797E-02   3.0325593E-01   1.7573486E-02
   8.0000000E-01   1.7109156E+02   4.7746483E+01   2.1883805E+02   8.6936656E-02   3.6069432E-01   1.0859933E-02
   8.5000000E-01   1.5353771E+02   4.1193044E+01   1.9473075E+02   1.0070260E-01   4.2968396E-01   1.4072800E-02
   9.0000000E-01   1.2025040E+02   1.4147106E+01   1.3439751E+02   1.1832793E-01   2.8862193E-01   7.5508032E-02
   9.5000000E-01   8.3765760E+01   6.7012608E+00   9.0467020E+01   1.5865040E-01   5.1602219E-01   1.0874236E-01
   1.0000000E+00   1.2575205E+01   0.0000000E+00   1.2575205E+01   1.1837239E-01   0.0000000E+00   1.1837239E-01
