   0.0000000E+00   3.2541966E+07   1.6581144E+07   4.8543022E+07   1.0496803E-03   6.5032822E-09   7.0047903E-04
   5.0000000E-02   4.1507609E+04   1.0440564E+04   5.1948173E+04   2.3934467E-01   4.6510006E-05   1.9125043E-01
   1.0000000E-01   9.8039445E+03   2.0690143E+03   1.1872959E+04   2.8796998E-01   6.7895827E-06   2.3778636E-01
   1.5000000E-01   2.5040378E+03   6.7906109E+02   3.1830989E+03   3.0901906E-01   2.6015920E-05   2.4308944E-01
   2.0000000E-01   1.0981691E+03   1.9098593E+02   1.2891550E+03   3.0530615E-01   3.5424424E-07   2.6007567E-01
   2.5000000E-01   3.0557749E+02   2.5464791E+01   3.3104228E+02   1.7115773E-01   1.5464081E-05   1.5799056E-01
   3.0000000E-01   2.0159626E+02   0.0000000E+00   2.0159626E+02   6.1491354E-02   0.0000000E+00   6.1491354E-02
   3.5000000E-01   2.1826964E+02   9.0945682E+00   2.2736420E+02   1.7004249E-02   4.7611552E-08   1.6324081E-02
   4.0000000E-01   1.4323945E+02   0.0000000E+00   1.4323945E+02   1.3066071E-07   0.0000000E+00   1.3066071E-07
   4.5000000E-01   1.4854461E+02   0.0000000E+00   1.4854461E+02   7.4588350E-07   0.0000000E+00   7.4588350E-07
   5.0000000E-01   1.9735213E+02   0.0000000E+00   1.9735213E+02   6.6878722E-07   0.0000000E+00   6.6878722E-07
   5.5000000E-01   1.5047376E+02   0.0000000E+00   1.5047376E+02   2.0089622E-05   0.0000000E+00   2.0089622E-05
   6.0000000E-01   2.2812209E+02   0.0000000E+00   2.2812209E+02   2.0309347E-05   0.0000000E+00   2.0309347E-05
   6.5000000E-01   2.0078008E+02   0.0000000E+00   2.0078008E+02   4.4518914E-06   0.0000000E+00   4.4518914E-06
   7.0000000E-01   2.8647890E+02   0.0000000E+00   2.8647890E+02   1.4466133E-07   0.0000000E+00   1.4466133E-07
   7.5000000E-01   3.3528641E+02   0.0000000E+00   3.3528641E+02   1.4786021E-06   0.0000000E+00   1.4786021E-06
   8.0000000E-01   3.6605637E+02   0.0000000E+00   3.6605637E+02   5.8006675E-06   0.0000000E+00   5.8006675E-06
   8.5000000E-01   4.1567526E+02   0.0000000E+00   4.1567526E+02   5.9583967E-07   0.0000000E+00   5.9583967E-07
   9.0000000E-01   3.6782476E+02   0.0000000E+00   3.6782476E+02   6.1874720E-06   0.0000000E+00   6.1874720E-06
   9.5000000E-01   3.1495926E+02   0.0000000E+00   3.1495926E+02   1.7032433E-05   0.0000000E+00   1.7032433E-05
   1.0000000E+00   1.5719007E+02   0.0000000E+00   1.5719007E+02   5.5770188E-06   0.0000000E+00   5.5770188E-06
