   0.0000000E+00   1.8302564E+07   1.0305601E+07   2.8453848E+07   6.9875845E-02   6.0909716E-07   4.4675026E-02
   5.0000000E-02   1.7282317E+06   7.2905696E+05   2.4484396E+06   5.9461741E-02   7.8464350E-06   4.1913030E-02
   1.0000000E-01   9.2978318E+04   4.4754370E+04   1.3766903E+05   3.9213089E-02   4.1206438E-05   2.6533262E-02
   1.5000000E-01   5.6022540E+03   3.0769956E+03   8.6792496E+03   3.7153801E-02   1.1901932E-05   2.3977737E-02
   2.0000000E-01   3.3422538E+02   2.2281692E+02   5.5704230E+02   1.5845898E-01   3.6527673E-06   9.5074279E-02
   2.5000000E-01   3.8197186E+01   2.5464791E+01   6.3661977E+01   9.1649565E-02   1.7780269E-05   5.4996373E-02
   3.0000000E-01   0.0000000E+00   2.1220659E+01   2.1220659E+01   0.0000000E+00   1.3984498E-01   1.3984498E-01
   3.5000000E-01   0.0000000E+00   0.0000000E+00   0.0000000E+00   0.0000000E+00   0.0000000E+00   0.0000000E+00
   4.0000000E-01   0.0000000E+00   0.0000000E+00   0.0000000E+00   0.0000000E+00   0.0000000E+00   0.0000000E+00
   4.5000000E-01   7.0735530E+00   0.0000000E+00   7.0735530E+00   1.0826200E-02   0.0000000E+00   1.0826200E-02
   5.0000000E-01   0.0000000E+00   0.0000000E+00   0.0000000E+00   0.0000000E+00   0.0000000E+00   0.0000000E+00
   5.5000000E-01   0.0000000E+00   0.0000000E+00   0.0000000E+00   0.0000000E+00   0.0000000E+00   0.0000000E+00
   6.0000000E-01   0.0000000E+00   0.0000000E+00   0.0000000E+00   0.0000000E+00   0.0000000E+00   0.0000000E+00
   6.5000000E-01   0.0000000E+00   0.0000000E+00   0.0000000E+00   0.0000000E+00   0.0000000E+00   0.0000000E+00
   7.0000000E-01   4.5472841E+00   0.0000000E+00   4.5472841E+00   1.4838927E-01   0.0000000E+00   1.4838927E-01
   7.5000000E-01   0.0000000E+00   0.0000000E+00   0.0000000E+00   0.0000000E+00   0.0000000E+00   0.0000000E+00
   8.0000000E-01   0.0000000E+00   0.0000000E+00   0.0000000E+00   0.0000000E+00   0.0000000E+00   0.0000000E+00
   8.5000000E-01   0.0000000E+00   0.0000000E+00   0.0000000E+00   0.0000000E+00   0.0000000E+00   0.0000000E+00
   9.0000000E-01   3.5367765E+00   0.0000000E+00   3.5367765E+00   5.1295000E-01   0.0000000E+00   5.1295000E-01
   9.5000000E-01   3.3506304E+00   0.0000000E+00   3.3506304E+00   2.1868086E-05   0.0000000E+00   2.1868086E-05
   1.0000000E+00   0.0000000E+00   0.0000000E+00   0.0000000E+00   0.0000000E+00   0.0000000E+00   0.0000000E+00
