   0.0000000E+00   2.0944791E+07   1.0127857E+07   3.0903561E+07   3.7308820E-03   1.7492929E-05   2.5257723E-03
   5.0000000E-02   9.1214881E+05   4.5836624E+05   1.3685415E+06   4.1143809E-03   1.0670581E-04   2.7229946E-03
   1.0000000E-01   1.6058734E+05   9.0240853E+04   2.5060537E+05   1.5953411E-02   9.7567944E-05   1.0252319E-02
   1.5000000E-01   6.0563761E+04   3.1894651E+04   9.2373529E+04   1.2163200E-02   2.5295677E-04   7.9996390E-03
   2.0000000E-01   2.5687608E+04   1.3703241E+04   3.9374933E+04   1.0012333E-02   2.3687382E-04   6.4766073E-03
   2.5000000E-01   9.4474374E+03   6.0988174E+03   1.5546255E+04   1.1623428E-03   1.0785465E-03   1.1207788E-03
   3.0000000E-01   4.2229112E+03   2.5889204E+03   6.8118316E+03   1.3108889E-02   1.0496819E-03   8.1525237E-03
   3.5000000E-01   1.6006440E+03   9.0945682E+02   2.5101008E+03   1.4606196E-02   1.5820642E-05   9.3182199E-03
   4.0000000E-01   5.4908455E+02   3.0239439E+02   8.5147895E+02   4.8808017E-02   5.1728449E-03   3.2249810E-02
   4.5000000E-01   2.1220659E+02   1.3439751E+02   3.4660410E+02   6.7823985E-02   4.0547929E-06   4.1524274E-02
   5.0000000E-01   8.9126768E+01   5.0929582E+01   1.4005635E+02   7.3764715E-02   1.0717256E-05   4.6937460E-02
   5.5000000E-01   2.3149810E+01   1.1574905E+01   3.4724715E+01   6.2524086E-02   1.9121051E-01   6.9466462E-02
   6.0000000E-01   1.0610330E+01   0.0000000E+00   1.0610330E+01   1.8206523E-01   0.0000000E+00   1.8206523E-01
   6.5000000E-01   1.9588301E+01   0.0000000E+00   1.9588301E+01   7.7528413E-02   0.0000000E+00   7.7528413E-02
   7.0000000E-01   0.0000000E+00   4.5472841E+00   4.5472841E+00   0.0000000E+00   4.9639718E-01   4.9639718E-01
   7.5000000E-01   1.2732395E+01   0.0000000E+00   1.2732395E+01   7.5493407E-02   0.0000000E+00   7.5493407E-02
   8.0000000E-01   0.0000000E+00   0.0000000E+00   0.0000000E+00   0.0000000E+00   0.0000000E+00   0.0000000E+00
   8.5000000E-01   1.4979289E+01   0.0000000E+00   1.4979289E+01   1.7908451E-05   0.0000000E+00   1.7908451E-05
   9.0000000E-01   1.0610330E+01   3.5367765E+00   1.4147106E+01   6.1256354E-06   6.8212465E-01   1.7053530E-01
   9.5000000E-01   1.6753152E+01   0.0000000E+00   1.6753152E+01   6.6063051E-02   0.0000000E+00   6.6063051E-02
   1.0000000E+00   6.2876027E+00   0.0000000E+00   6.2876027E+00   6.2621506E-06   0.0000000E+00   6.2621506E-06
