   0.0000000E+00   4.5836624E+04   1.3645054E+07   1.3685797E+07   1.1977066E-05   6.3863263E-06   6.3642707E-06
   5.0000000E-02   5.2903103E+04   3.7044905E+05   4.2309750E+05   2.7068007E-06   8.6374815E-05   7.5346751E-05
   1.0000000E-01   5.2552962E+04   2.0244509E+04   7.2797471E+04   6.5653577E-05   7.2062317E-04   2.1554529E-04
   1.5000000E-01   5.4430991E+04   1.0398123E+03   5.5449582E+04   1.5134353E-04   2.0625295E-03   1.4750090E-04
   2.0000000E-01   5.7980146E+04   1.5915494E+01   5.7996061E+04   1.7537423E-05   4.2462813E-02   1.8500090E-05
   2.5000000E-01   6.2159555E+04   0.0000000E+00   6.2159555E+04   5.4275699E-05   0.0000000E+00   5.4275031E-05
   3.0000000E-01   6.9317283E+04   1.0610330E+01   6.9317283E+04   3.6054373E-07   8.2071972E-02   1.2561089E-05
   3.5000000E-01   8.5307049E+04   0.0000000E+00   8.5307049E+04   2.6144315E-05   0.0000000E+00   2.6144315E-05
   4.0000000E-01   1.1448015E+05   7.9577472E+00   1.1450402E+05   2.4179730E-05   6.4368723E-01   3.4868940E-05
   4.5000000E-01   1.3192884E+05   0.0000000E+00   1.3190762E+05   1.7086647E-05   0.0000000E+00   1.7090567E-05
   5.0000000E-01   2.3204791E+04   0.0000000E+00   2.3198425E+04   2.2720337E-04   0.0000000E+00   2.2726572E-04
   5.5000000E-01   1.0128042E+03   0.0000000E+00   1.0128042E+03   7.2144044E-04   0.0000000E+00   7.2144044E-04
   6.0000000E-01   9.5492966E+01   0.0000000E+00   9.5492966E+01   1.1614666E-02   0.0000000E+00   1.1614666E-02
   6.5000000E-01   4.8970752E+00   0.0000000E+00   4.8970752E+00   1.3770844E-05   0.0000000E+00   1.3770844E-05
   7.0000000E-01   4.5472841E+00   4.5472841E+00   9.0945682E+00   6.1775399E-01   4.0924888E-01   4.9469642E-01
   7.5000000E-01   0.0000000E+00   0.0000000E+00   0.0000000E+00   0.0000000E+00   0.0000000E+00   0.0000000E+00
   8.0000000E-01   0.0000000E+00   0.0000000E+00   0.0000000E+00   0.0000000E+00   0.0000000E+00   0.0000000E+00
   8.5000000E-01   0.0000000E+00   0.0000000E+00   0.0000000E+00   0.0000000E+00   0.0000000E+00   0.0000000E+00
   9.0000000E-01   0.0000000E+00   0.0000000E+00   0.0000000E+00   0.0000000E+00   0.0000000E+00   0.0000000E+00
   9.5000000E-01   0.0000000E+00   0.0000000E+00   0.0000000E+00   0.0000000E+00   0.0000000E+00   0.0000000E+00
   1.0000000E+00   0.0000000E+00   0.0000000E+00   0.0000000E+00   0.0000000E+00   0.0000000E+00   0.0000000E+00
