   0.0000000E+00   1.8652450E+07   9.3221507E+06   2.7852879E+07   5.8098059E-02   7.4741570E-06   3.8869927E-02
   5.0000000E-02   1.7098970E+06   8.5612627E+05   2.5570470E+06   3.7411146E-02   2.4806760E-05   2.4926244E-02
   1.0000000E-01   7.9545641E+04   4.8001131E+04   1.2751494E+05   2.7438316E-02   1.0524547E-04   1.7183349E-02
   1.5000000E-01   3.3528641E+03   3.1618782E+03   6.5147423E+03   1.7484317E-02   9.0490733E-06   8.9940777E-03
   2.0000000E-01   1.7507044E+02   3.9788736E+02   5.7295780E+02   2.9214859E-02   7.0801306E-03   1.3840442E-02
   2.5000000E-01   2.5464791E+01   2.5464791E+01   5.0929582E+01   2.9543231E-01   8.2814765E-02   1.8523156E-01
   3.0000000E-01   0.0000000E+00   1.0610330E+01   1.0610330E+01   0.0000000E+00   2.7809020E-01   2.7809020E-01
   3.5000000E-01   0.0000000E+00   0.0000000E+00   0.0000000E+00   0.0000000E+00   0.0000000E+00   0.0000000E+00
   4.0000000E-01   0.0000000E+00   0.0000000E+00   0.0000000E+00   0.0000000E+00   0.0000000E+00   0.0000000E+00
   4.5000000E-01   7.0735530E+00   0.0000000E+00   7.0735530E+00   1.2542273E-03   0.0000000E+00   1.2542273E-03
   5.0000000E-01   1.2732395E+01   0.0000000E+00   1.2732395E+01   1.1080169E-02   0.0000000E+00   1.1080169E-02
   5.5000000E-01   5.7874525E+00   0.0000000E+00   5.7874525E+00   9.4606438E-06   0.0000000E+00   9.4606438E-06
   6.0000000E-01   0.0000000E+00   0.0000000E+00   0.0000000E+00   0.0000000E+00   0.0000000E+00   0.0000000E+00
   6.5000000E-01   4.8970752E+00   4.8970752E+00   9.7941503E+00   7.5716714E-02   3.8690750E-01   1.5651996E-01
   7.0000000E-01   4.5472841E+00   0.0000000E+00   4.5472841E+00   1.2908460E-06   0.0000000E+00   1.2908460E-06
   7.5000000E-01   0.0000000E+00   0.0000000E+00   0.0000000E+00   0.0000000E+00   0.0000000E+00   0.0000000E+00
   8.0000000E-01   3.9788736E+00   0.0000000E+00   3.9788736E+00   2.4273769E-01   0.0000000E+00   2.4273769E-01
   8.5000000E-01   0.0000000E+00   0.0000000E+00   0.0000000E+00   0.0000000E+00   0.0000000E+00   0.0000000E+00
   9.0000000E-01   0.0000000E+00   0.0000000E+00   0.0000000E+00   0.0000000E+00   0.0000000E+00   0.0000000E+00
   9.5000000E-01   3.3506304E+00   0.0000000E+00   3.3506304E+00   1.6218838E-01   0.0000000E+00   1.6218838E-01
   1.0000000E+00   0.0000000E+00   0.0000000E+00   0.0000000E+00   0.0000000E+00   0.0000000E+00   0.0000000E+00
