   0.0000000E+00   3.8197186E+04   1.2783834E+07   1.2819485E+07   3.8610927E-02   5.1043995E-05   1.5552140E-04
   5.0000000E-02   2.8711552E+04   3.6624736E+05   3.9502257E+05   6.2369796E-03   1.1018759E-03   1.4726521E-03
   1.0000000E-01   2.1326762E+04   5.9714935E+04   8.1041697E+04   4.6224116E-03   1.9759102E-03   1.5862650E-03
   1.5000000E-01   1.7082631E+04   1.3093147E+04   3.0175777E+04   2.2865951E-03   5.2631477E-03   3.4816731E-03
   2.0000000E-01   1.5390283E+04   2.7215495E+03   1.8111833E+04   3.3390316E-03   1.3013809E-02   3.5937371E-03
   2.5000000E-01   1.4247551E+04   5.7295780E+02   1.4820508E+04   1.6404999E-03   8.5699023E-02   4.8720858E-03
   3.0000000E-01   1.5289485E+04   1.4854461E+02   1.5438029E+04   6.9056649E-04   2.3281936E-01   1.8870096E-03
   3.5000000E-01   1.4996943E+04   5.4567409E+01   1.5051510E+04   5.5032899E-04   1.8889279E-01   8.9830661E-04
   4.0000000E-01   1.5891621E+04   4.7746483E+01   1.5947325E+04   5.0376693E-04   3.7250468E-01   1.3057151E-03
   4.5000000E-01   1.5887200E+04   2.1220659E+01   1.5908421E+04   3.0221472E-04   2.1978724E-01   4.9034970E-04
   5.0000000E-01   1.6813128E+04   1.9098593E+01   1.6832227E+04   2.3020501E-04   3.5591361E-01   6.1678224E-04
   5.5000000E-01   1.7744329E+04   5.7874525E+00   1.7750117E+04   1.3571054E-04   2.9389851E-01   9.0387230E-05
   6.0000000E-01   1.8642349E+04   5.3051648E+00   1.8647654E+04   2.9587556E-04   4.8190320E-01   4.2409575E-04
   6.5000000E-01   2.0322862E+04   1.4691226E+01   2.0337553E+04   6.1925060E-04   3.9195391E-01   3.8763763E-04
   7.0000000E-01   2.4232477E+04   4.5472841E+00   2.4237024E+04   3.8509573E-04   5.3954211E-01   3.0770316E-04
   7.5000000E-01   2.7548660E+04   0.0000000E+00   2.7548660E+04   9.3812342E-05   0.0000000E+00   9.3812342E-05
   8.0000000E-01   3.2853559E+04   1.1936621E+01   3.2869475E+04   1.6267479E-04   6.0985544E-01   6.9533348E-05
   8.5000000E-01   3.9717584E+04   0.0000000E+00   3.9717584E+04   4.7061772E-05   0.0000000E+00   4.7061879E-05
   9.0000000E-01   3.4211239E+04   1.0610330E+01   3.4221850E+04   8.1146545E-05   7.2546265E-01   1.4659128E-04
   9.5000000E-01   3.7124985E+03   0.0000000E+00   3.7124985E+03   2.7328651E-04   0.0000000E+00   2.7328651E-04
   1.0000000E+00   5.4702143E+02   0.0000000E+00   5.4702143E+02   1.1113679E-02   0.0000000E+00   1.1113679E-02
