   0.0000000E+00   2.6101411E+07   1.6868387E+07   4.2617874E+07   1.4860290E-02   6.1366161E-08   9.0631368E-03
   5.0000000E-02   1.8971269E+04   3.0557749E+03   2.2027044E+04   1.7900558E-01   3.5351788E-05   1.5417732E-01
   1.0000000E-01   5.2839441E+03   0.0000000E+00   5.2839441E+03   1.0455061E-06   0.0000000E+00   1.0455061E-06
   1.5000000E-01   5.9417845E+03   0.0000000E+00   5.9417845E+03   3.4927605E-06   0.0000000E+00   3.4927605E-06
   2.0000000E-01   6.6685921E+03   0.0000000E+00   6.6685921E+03   1.9800790E-06   0.0000000E+00   1.9800790E-06
   2.5000000E-01   6.8372964E+03   0.0000000E+00   6.8372964E+03   6.6978989E-06   0.0000000E+00   6.6978989E-06
   3.0000000E-01   7.1301415E+03   0.0000000E+00   7.1301415E+03   9.7100479E-06   0.0000000E+00   9.7100479E-06
   3.5000000E-01   7.2665600E+03   0.0000000E+00   7.2665600E+03   4.0131170E-06   0.0000000E+00   4.0131170E-06
   4.0000000E-01   7.8383809E+03   0.0000000E+00   7.8383809E+03   3.6477229E-06   0.0000000E+00   3.6477229E-06
   4.5000000E-01   8.4882636E+03   0.0000000E+00   8.4882636E+03   1.7345548E-06   0.0000000E+00   1.7345548E-06
   5.0000000E-01   1.0396001E+04   0.0000000E+00   1.0396001E+04   9.2323372E-06   0.0000000E+00   9.2323372E-06
   5.5000000E-01   1.3617876E+04   0.0000000E+00   1.3617876E+04   4.2965712E-06   0.0000000E+00   4.2965712E-06
   6.0000000E-01   2.4133195E+04   0.0000000E+00   2.4133195E+04   1.3002877E-05   0.0000000E+00   1.3002877E-05
   6.5000000E-01   5.1762085E+03   0.0000000E+00   5.1762085E+03   1.3272428E-05   0.0000000E+00   1.3272428E-05
   7.0000000E-01   4.5472841E+00   0.0000000E+00   4.5472841E+00   2.8099216E-06   0.0000000E+00   2.8099216E-06
   7.5000000E-01   0.0000000E+00   0.0000000E+00   0.0000000E+00   0.0000000E+00   0.0000000E+00   0.0000000E+00
   8.0000000E-01   0.0000000E+00   0.0000000E+00   0.0000000E+00   0.0000000E+00   0.0000000E+00   0.0000000E+00
   8.5000000E-01   0.0000000E+00   0.0000000E+00   0.0000000E+00   0.0000000E+00   0.0000000E+00   0.0000000E+00
   9.0000000E-01   0.0000000E+00   0.0000000E+00   0.0000000E+00   0.0000000E+00   0.0000000E+00   0.0000000E+00
   9.5000000E-01   0.0000000E+00   0.0000000E+00   0.0000000E+00   0.0000000E+00   0.0000000E+00   0.0000000E+00
   1.0000000E+00   0.0000000E+00   0.0000000E+00   0.0000000E+00   0.0000000E+00   0.0000000E+00   0.0000000E+00
