   0.0000000E+00   9.6766205E+04   1.2673826E+07   1.2767028E+07   1.4019391E-02   1.1548556E-05   1.2927804E-04
   5.0000000E-02   2.2090706E+04   5.3565188E+05   5.5774258E+05   2.7753533E-03   5.5133233E-05   1.2238583E-04
   1.0000000E-01   1.2159438E+04   4.2971835E+03   1.6456621E+04   2.1353600E-03   1.4309986E-03   1.3042187E-03
   1.5000000E-01   1.1777466E+04   1.2732395E+02   1.1904790E+04   4.0326861E-06   3.9379859E-02   4.1844796E-04
   2.0000000E-01   1.1411409E+04   4.7746483E+01   1.1459156E+04   3.4192784E-06   1.3106920E-01   5.4802953E-04
   2.5000000E-01   1.2299494E+04   0.0000000E+00   1.2299494E+04   2.3604748E-05   0.0000000E+00   2.3604748E-05
   3.0000000E-01   1.2552020E+04   0.0000000E+00   1.2552020E+04   5.3629060E-06   0.0000000E+00   5.3629060E-06
   3.5000000E-01   1.2968854E+04   0.0000000E+00   1.2968854E+04   1.2339950E-04   0.0000000E+00   1.2339950E-04
   4.0000000E-01   1.3353100E+04   0.0000000E+00   1.3361057E+04   2.0972152E-05   0.0000000E+00   2.0959661E-05
   4.5000000E-01   1.3786355E+04   7.0735530E+00   1.3793428E+04   3.0603609E-06   2.3730583E-01   1.2473521E-04
   5.0000000E-01   1.4222086E+04   0.0000000E+00   1.4215720E+04   2.6448470E-05   0.0000000E+00   2.6491998E-05
   5.5000000E-01   1.4746429E+04   0.0000000E+00   1.4740641E+04   9.0202147E-06   0.0000000E+00   9.0237562E-06
   6.0000000E-01   1.5501691E+04   0.0000000E+00   1.5501691E+04   1.2964095E-05   0.0000000E+00   1.2964095E-05
   6.5000000E-01   1.6772482E+04   0.0000000E+00   1.6777380E+04   1.2524529E-04   0.0000000E+00   1.2520926E-04
   7.0000000E-01   1.8139116E+04   0.0000000E+00   1.8139116E+04   7.4376222E-05   0.0000000E+00   7.4376222E-05
   7.5000000E-01   1.9786143E+04   0.0000000E+00   1.9786143E+04   1.0014511E-04   0.0000000E+00   1.0014511E-04
   8.0000000E-01   2.2771093E+04   0.0000000E+00   2.2767115E+04   3.1021772E-05   0.0000000E+00   3.1027179E-05
   8.5000000E-01   2.8558014E+04   0.0000000E+00   2.8554269E+04   2.5514453E-05   0.0000000E+00   2.5518086E-05
   9.0000000E-01   4.3898470E+04   0.0000000E+00   4.3902007E+04   8.6445092E-06   0.0000000E+00   8.6436673E-06
   9.5000000E-01   3.6036030E+04   0.0000000E+00   3.6029328E+04   1.8202012E-05   0.0000000E+00   1.8207682E-05
   1.0000000E+00   4.3070078E+03   0.0000000E+00   4.3070078E+03   9.8058365E-05   0.0000000E+00   9.8058365E-05
