   0.0000000E+00   3.2085637E+04   1.2650399E+07   1.2680447E+07   3.9730695E-06   1.6823052E-05   1.6776170E-05
   5.0000000E-02   2.6929016E+04   4.2678990E+05   4.5371891E+05   7.6648120E-06   9.1656127E-05   8.6533033E-05
   1.0000000E-01   2.5464791E+04   5.0229300E+04   7.5694091E+04   2.3427955E-04   1.8426856E-04   8.2433189E-05
   1.5000000E-01   2.6440941E+04   6.3449771E+03   3.2785918E+04   6.2920673E-04   9.2237071E-04   6.8517022E-04
   2.0000000E-01   2.7931693E+04   5.4112681E+02   2.8472819E+04   1.2064026E-05   2.3208140E-05   1.2152191E-05
   2.5000000E-01   2.6967214E+04   3.8197186E+01   2.7005411E+04   1.4892372E-04   4.3681047E-06   1.4870764E-04
   3.0000000E-01   2.8531176E+04   0.0000000E+00   2.8531176E+04   1.4245600E-04   0.0000000E+00   1.4245600E-04
   3.5000000E-01   2.9939318E+04   2.7283705E+01   2.9966602E+04   1.4479579E-05   3.0410281E-01   2.8992074E-04
   4.0000000E-01   3.2356200E+04   0.0000000E+00   3.2356200E+04   3.8472861E-04   0.0000000E+00   3.8472861E-04
   4.5000000E-01   3.6541975E+04   0.0000000E+00   3.6556122E+04   6.2522223E-05   0.0000000E+00   6.2498027E-05
   5.0000000E-01   4.2583497E+04   0.0000000E+00   4.2583497E+04   8.2007389E-05   0.0000000E+00   8.2007389E-05
   5.5000000E-01   5.2364870E+04   0.0000000E+00   5.2359083E+04   3.7331964E-05   0.0000000E+00   3.7333744E-05
   6.0000000E-01   6.3253480E+04   0.0000000E+00   6.3242869E+04   1.7735001E-05   0.0000000E+00   1.7732964E-05
   6.5000000E-01   6.6595325E+04   0.0000000E+00   6.6570840E+04   3.0797565E-05   0.0000000E+00   3.0811519E-05
   7.0000000E-01   1.4055655E+04   0.0000000E+00   1.4051108E+04   7.1387194E-05   0.0000000E+00   7.1410297E-05
   7.5000000E-01   1.4514931E+03   4.2441318E+00   1.4557372E+03   1.0158167E-03   4.9164690E-01   2.3845390E-03
   8.0000000E-01   1.8700706E+02   0.0000000E+00   1.8700706E+02   8.8489399E-03   0.0000000E+00   8.8489399E-03
   8.5000000E-01   2.6213755E+01   0.0000000E+00   2.6213755E+01   1.1758219E-01   0.0000000E+00   1.1758219E-01
   9.0000000E-01   0.0000000E+00   0.0000000E+00   0.0000000E+00   0.0000000E+00   0.0000000E+00   0.0000000E+00
   9.5000000E-01   0.0000000E+00   0.0000000E+00   0.0000000E+00   0.0000000E+00   0.0000000E+00   0.0000000E+00
   1.0000000E+00   0.0000000E+00   0.0000000E+00   0.0000000E+00   0.0000000E+00   0.0000000E+00   0.0000000E+00
