   0.0000000E+00   5.4545582E+05   1.2480803E+07   1.3016583E+07   1.5516172E-02   4.6053285E-06   6.3958083E-04
   5.0000000E-02   4.4881694E+04   4.4773469E+05   4.9248906E+05   1.8478800E-02   2.5797671E-05   1.7046246E-03
   1.0000000E-01   3.2212960E+04   5.0993244E+04   8.3174373E+04   3.1125655E-03   1.9528491E-05   1.0872115E-03
   1.5000000E-01   3.1109486E+04   5.2627235E+03   3.6350989E+04   7.9206712E-04   1.6477792E-05   6.7990415E-04
   2.0000000E-01   3.4409299E+04   3.6605637E+02   3.4775355E+04   7.9139279E-05   1.2286669E-06   7.8318397E-05
   2.5000000E-01   3.3460735E+04   0.0000000E+00   3.3460735E+04   3.2434188E-06   0.0000000E+00   3.2434188E-06
   3.0000000E-01   3.5873524E+04   0.0000000E+00   3.5873524E+04   3.1546979E-05   0.0000000E+00   3.1549969E-05
   3.5000000E-01   3.9434048E+04   9.0945682E+00   3.9434048E+04   3.3122063E-05   3.8769018E-01   1.1055523E-04
   4.0000000E-01   4.3886976E+04   0.0000000E+00   4.3886976E+04   4.1564730E-05   0.0000000E+00   4.1564730E-05
   4.5000000E-01   5.3369958E+04   0.0000000E+00   5.3369958E+04   1.4275469E-05   0.0000000E+00   1.4269654E-05
   5.0000000E-01   6.5514541E+04   0.0000000E+00   6.5514541E+04   2.3020968E-06   0.0000000E+00   2.3007756E-06
   5.5000000E-01   7.9432785E+04   0.0000000E+00   7.9398061E+04   5.5398758E-05   0.0000000E+00   5.5423817E-05
   6.0000000E-01   5.7110099E+04   0.0000000E+00   5.7115404E+04   2.2304702E-05   0.0000000E+00   2.2300182E-05
   6.5000000E-01   7.5072162E+03   0.0000000E+00   7.5072162E+03   8.7894441E-06   0.0000000E+00   8.7894441E-06
   7.0000000E-01   9.0945682E+02   0.0000000E+00   9.0945682E+02   8.0247958E-06   0.0000000E+00   8.0247958E-06
   7.5000000E-01   1.0610330E+02   0.0000000E+00   1.0610330E+02   1.0613497E-05   0.0000000E+00   1.0613497E-05
   8.0000000E-01   7.9577472E+00   0.0000000E+00   7.9577472E+00   3.2983010E-05   0.0000000E+00   3.2983010E-05
   8.5000000E-01   0.0000000E+00   0.0000000E+00   0.0000000E+00   0.0000000E+00   0.0000000E+00   0.0000000E+00
   9.0000000E-01   0.0000000E+00   0.0000000E+00   0.0000000E+00   0.0000000E+00   0.0000000E+00   0.0000000E+00
   9.5000000E-01   0.0000000E+00   0.0000000E+00   0.0000000E+00   0.0000000E+00   0.0000000E+00   0.0000000E+00
   1.0000000E+00   0.0000000E+00   0.0000000E+00   0.0000000E+00   0.0000000E+00   0.0000000E+00   0.0000000E+00
