   0.0000000E+00   3.3191827E+07   1.6914733E+07   4.9621201E+07   7.8438574E-05   1.1786360E-10   5.2467928E-05
   5.0000000E-02   5.4749300E+03   1.7825354E+03   7.2574654E+03   2.1482374E-01   9.1505803E-07   1.6206024E-01
   1.0000000E-01   2.2918312E+03   8.2760570E+02   3.1194369E+03   2.0787018E-01   3.3436135E-06   1.5272183E-01
   1.5000000E-01   9.9737098E+02   1.9098593E+02   1.1883569E+03   2.4465446E-01   9.2685252E-07   2.0533485E-01
   2.0000000E-01   7.7985922E+02   1.7507044E+02   9.5492966E+02   2.9161183E-01   4.3193425E-05   2.3814174E-01
   2.5000000E-01   3.1830989E+02   1.4005635E+02   4.5836624E+02   2.4935261E-01   1.8638731E-06   1.7316097E-01
   3.0000000E-01   2.1220659E+02   6.3661977E+01   2.7586857E+02   2.8832487E-01   1.1384793E-05   2.2179099E-01
   3.5000000E-01   1.4551309E+02   4.5472841E+01   1.9098593E+02   3.1140430E-01   2.0866739E-05   2.3726538E-01
   4.0000000E-01   1.3528170E+02   3.1830989E+01   1.6711269E+02   3.7164167E-01   7.8637153E-05   3.0086776E-01
   4.5000000E-01   9.9029742E+01   7.0735530E+00   1.0610330E+02   3.0796411E-01   6.0268665E-05   2.8743718E-01
   5.0000000E-01   3.1830989E+01   6.3661977E+00   3.8197186E+01   3.4536209E-01   1.1246862E-05   2.8779987E-01
   5.5000000E-01   2.3149810E+01   0.0000000E+00   2.3149810E+01   3.7693798E-01   0.0000000E+00   3.7693798E-01
   6.0000000E-01   5.3051648E+00   0.0000000E+00   5.3051648E+00   4.2512773E-01   0.0000000E+00   4.2512773E-01
   6.5000000E-01   4.8970752E+00   0.0000000E+00   4.8970752E+00   3.9516550E-01   0.0000000E+00   3.9516550E-01
   7.0000000E-01   9.0945682E+00   4.5472841E+00   1.3641852E+01   3.8803598E-01   1.3789237E-05   2.5868606E-01
   7.5000000E-01   4.2441318E+00   0.0000000E+00   4.2441318E+00   4.2820446E-01   0.0000000E+00   4.2820446E-01
   8.0000000E-01   0.0000000E+00   0.0000000E+00   0.0000000E+00   0.0000000E+00   0.0000000E+00   0.0000000E+00
   8.5000000E-01   0.0000000E+00   0.0000000E+00   0.0000000E+00   0.0000000E+00   0.0000000E+00   0.0000000E+00
   9.0000000E-01   0.0000000E+00   0.0000000E+00   0.0000000E+00   0.0000000E+00   0.0000000E+00   0.0000000E+00
   9.5000000E-01   0.0000000E+00   0.0000000E+00   0.0000000E+00   0.0000000E+00   0.0000000E+00   0.0000000E+00
   1.0000000E+00   0.0000000E+00   0.0000000E+00   0.0000000E+00   0.0000000E+00   0.0000000E+00   0.0000000E+00
