   0.0000000E+00   3.4973344E+06   1.5759140E+07   1.9236612E+07   5.6500054E-02   4.0173567E-06   1.0247295E-02
   5.0000000E-02   8.2696908E+04   1.5718142E+05   2.3981467E+05   8.1405467E-02   4.9859561E-05   2.8151519E-02
   1.0000000E-01   1.5342537E+04   6.3661977E+02   1.5979156E+04   3.5292727E-03   8.7559267E-03   3.7189950E-03
   1.5000000E-01   1.4048076E+04   2.1220659E+01   1.4069297E+04   1.5967506E-05   1.6334145E-01   2.6008615E-04
   2.0000000E-01   1.4499015E+04   0.0000000E+00   1.4499015E+04   2.9972106E-06   0.0000000E+00   2.9972106E-06
   2.5000000E-01   1.3840114E+04   0.0000000E+00   1.3840114E+04   2.6222890E-05   0.0000000E+00   2.6222890E-05
   3.0000000E-01   1.5448640E+04   0.0000000E+00   1.5448640E+04   1.6062162E-05   0.0000000E+00   1.6062162E-05
   3.5000000E-01   1.5551712E+04   0.0000000E+00   1.5551712E+04   4.4781950E-06   0.0000000E+00   4.4781950E-06
   4.0000000E-01   1.6416832E+04   0.0000000E+00   1.6416832E+04   2.6488866E-06   0.0000000E+00   2.6488866E-06
   4.5000000E-01   1.6509673E+04   0.0000000E+00   1.6509673E+04   1.1527244E-05   0.0000000E+00   1.1527244E-05
   5.0000000E-01   1.7239663E+04   0.0000000E+00   1.7233297E+04   7.8398889E-06   0.0000000E+00   7.8322550E-06
   5.5000000E-01   1.8733984E+04   0.0000000E+00   1.8728196E+04   4.2107945E-06   0.0000000E+00   4.2124905E-06
   6.0000000E-01   2.0981927E+04   0.0000000E+00   2.0976621E+04   5.8594697E-06   0.0000000E+00   5.8603986E-06
   6.5000000E-01   2.3696947E+04   0.0000000E+00   2.3692050E+04   2.5351917E-06   0.0000000E+00   2.5357075E-06
   7.0000000E-01   2.7465596E+04   0.0000000E+00   2.7456501E+04   3.5001115E-06   0.0000000E+00   3.5025162E-06
   7.5000000E-01   3.8354219E+04   0.0000000E+00   3.8345731E+04   5.7145186E-06   0.0000000E+00   5.7164910E-06
   8.0000000E-01   5.5274512E+04   0.0000000E+00   5.5270533E+04   4.7646802E-06   0.0000000E+00   4.7643675E-06
   8.5000000E-01   1.3986911E+04   0.0000000E+00   1.3986911E+04   1.1074599E-06   0.0000000E+00   1.1074599E-06
   9.0000000E-01   2.7940534E+02   0.0000000E+00   2.7940534E+02   1.0800224E-03   0.0000000E+00   1.0800224E-03
   9.5000000E-01   0.0000000E+00   0.0000000E+00   0.0000000E+00   0.0000000E+00   0.0000000E+00   0.0000000E+00
   1.0000000E+00   0.0000000E+00   0.0000000E+00   0.0000000E+00   0.0000000E+00   0.0000000E+00   0.0000000E+00
