   0.0000000E+00   3.2309217E+07   1.6862785E+07   4.8567468E+07   1.1851997E-03   7.2052307E-10   7.8062530E-04
   5.0000000E-02   3.3931834E+04   9.6766205E+03   4.3608454E+04   2.7341746E-01   9.4621592E-06   2.1274462E-01
   1.0000000E-01   4.1380285E+03   7.3211274E+02   4.8701413E+03   2.5967808E-01   2.0020480E-06   2.2064177E-01
   1.5000000E-01   7.0028175E+02   2.1220659E+01   7.2150241E+02   4.8964901E-02   8.4250375E-06   4.7525005E-02
   2.0000000E-01   9.8676065E+02   1.5915494E+01   1.0026761E+03   1.5850054E-06   1.8477343E-05   1.8514571E-06
   2.5000000E-01   8.9126768E+02   0.0000000E+00   8.9126768E+02   1.9530469E-06   0.0000000E+00   1.9530469E-06
   3.0000000E-01   1.2095776E+03   0.0000000E+00   1.2095776E+03   2.4523882E-06   0.0000000E+00   2.4523882E-06
   3.5000000E-01   1.4551309E+03   0.0000000E+00   1.4551309E+03   4.6097411E-06   0.0000000E+00   4.6097411E-06
   4.0000000E-01   1.6870424E+03   0.0000000E+00   1.6870424E+03   6.4880641E-06   0.0000000E+00   6.4880641E-06
   4.5000000E-01   2.0442568E+03   0.0000000E+00   2.0442568E+03   2.7155558E-06   0.0000000E+00   2.7155558E-06
   5.0000000E-01   1.4960565E+03   0.0000000E+00   1.4960565E+03   1.5351170E-04   0.0000000E+00   1.5351170E-04
   5.5000000E-01   5.9610761E+02   0.0000000E+00   5.9610761E+02   3.8696133E-05   0.0000000E+00   3.8696133E-05
   6.0000000E-01   1.0079813E+02   0.0000000E+00   1.0079813E+02   6.4657159E-06   0.0000000E+00   6.4657159E-06
   6.5000000E-01   9.7941503E+00   0.0000000E+00   9.7941503E+00   7.2032597E-06   0.0000000E+00   7.2032597E-06
   7.0000000E-01   0.0000000E+00   0.0000000E+00   0.0000000E+00   0.0000000E+00   0.0000000E+00   0.0000000E+00
   7.5000000E-01   0.0000000E+00   0.0000000E+00   0.0000000E+00   0.0000000E+00   0.0000000E+00   0.0000000E+00
   8.0000000E-01   0.0000000E+00   0.0000000E+00   0.0000000E+00   0.0000000E+00   0.0000000E+00   0.0000000E+00
   8.5000000E-01   0.0000000E+00   0.0000000E+00   0.0000000E+00   0.0000000E+00   0.0000000E+00   0.0000000E+00
   9.0000000E-01   0.0000000E+00   0.0000000E+00   0.0000000E+00   0.0000000E+00   0.0000000E+00   0.0000000E+00
   9.5000000E-01   0.0000000E+00   0.0000000E+00   0.0000000E+00   0.0000000E+00   0.0000000E+00   0.0000000E+00
   1.0000000E+00   0.0000000E+00   0.0000000E+00   0.0000000E+00   0.0000000E+00   0.0000000E+00   0.0000000E+00
