   0.0000000E+00   1.5799884E+07   6.9585088E+06   2.2691675E+07   3.5421419E-02   1.3531838E-05   2.4637709E-02
   5.0000000E-02   1.8934345E+06   1.0036947E+06   2.8863704E+06   1.7870341E-02   2.6625950E-05   1.1732960E-02
   1.0000000E-01   1.4998762E+05   1.0392818E+05   2.5375664E+05   1.1599666E-02   1.0442362E-04   6.8391468E-03
   1.5000000E-01   1.5066668E+04   1.2201879E+04   2.7268547E+04   2.2410427E-02   4.3028332E-04   1.2569291E-02
   2.0000000E-01   1.2732395E+03   1.3050705E+03   2.5783101E+03   1.7205314E-02   6.9681025E-06   8.4971679E-03
   2.5000000E-01   2.6738030E+02   1.7825354E+02   4.4563384E+02   4.1276688E-02   1.0305052E-02   2.8651185E-02
   3.0000000E-01   3.1830989E+01   4.2441318E+01   7.4272307E+01   1.5264138E-01   4.5789801E-02   7.5144837E-02
   3.5000000E-01   5.4567409E+01   0.0000000E+00   5.4567409E+01   2.1096473E-01   0.0000000E+00   2.1096473E-01
   4.0000000E-01   0.0000000E+00   0.0000000E+00   0.0000000E+00   0.0000000E+00   0.0000000E+00   0.0000000E+00
   4.5000000E-01   1.4147106E+01   0.0000000E+00   1.4147106E+01   8.9954498E-02   0.0000000E+00   8.9954498E-02
   5.0000000E-01   1.2732395E+01   0.0000000E+00   1.2732395E+01   2.9773540E-02   0.0000000E+00   2.9773540E-02
   5.5000000E-01   1.1574905E+01   5.7874525E+00   1.7362357E+01   1.2141254E-01   2.5372558E-01   1.6477218E-01
   6.0000000E-01   1.5915494E+01   0.0000000E+00   1.5915494E+01   1.6427607E-02   0.0000000E+00   1.6427607E-02
   6.5000000E-01   4.8970752E+00   0.0000000E+00   4.8970752E+00   7.2106926E-02   0.0000000E+00   7.2106926E-02
   7.0000000E-01   0.0000000E+00   0.0000000E+00   0.0000000E+00   0.0000000E+00   0.0000000E+00   0.0000000E+00
   7.5000000E-01   4.2441318E+00   4.2441318E+00   8.4882636E+00   1.0668358E-03   2.4133110E-01   1.2119884E-01
   8.0000000E-01   3.9788736E+00   0.0000000E+00   3.9788736E+00   1.2619784E-01   0.0000000E+00   1.2619784E-01
   8.5000000E-01   3.7448222E+00   0.0000000E+00   3.7448222E+00   4.5696958E-02   0.0000000E+00   4.5696958E-02
   9.0000000E-01   0.0000000E+00   0.0000000E+00   0.0000000E+00   0.0000000E+00   0.0000000E+00   0.0000000E+00
   9.5000000E-01   0.0000000E+00   0.0000000E+00   0.0000000E+00   0.0000000E+00   0.0000000E+00   0.0000000E+00
   1.0000000E+00   0.0000000E+00   0.0000000E+00   0.0000000E+00   0.0000000E+00   0.0000000E+00   0.0000000E+00
